1.5580000000000012 0 0.0 1 1.5580000000000012 2 0.0 0 1 291; 2 
3.0499999999999883 0 0.004 1 3.0459999999999883 2 0.0 0 1 291 265; 2 
4.441999999999979 0 0.01 1 4.43199999999998 2 0.0 0 1 291 265 29; 2 
5.917999999999968 0 0.006 1 5.909999999999968 2 0.002 0 1 29 265 291 292; 2 
7.367999999999952 0 0.008 1 7.357999999999953 2 0.002 0 1 29 265 291 292 183; 2 
8.493999999999973 0 0.012 1 8.481999999999973 2 0.0 0 1 29 265 291 292 183 167; 2 
9.803999999999974 0 0.01 1 9.783999999999974 2 0.01 0 1 29 265 291 292 183 167 158; 2 
11.203999999999958 0 0.022 1 11.169999999999957 2 0.012 0 1 29 265 291 292 183 167 158 134; 2 
12.573999999999952 0 0.01 1 12.561999999999951 2 0.002 0 1 29 265 291 292 183 167 158 134 207; 2 
14.01799999999996 0 0.018000000000000002 1 13.99799999999996 2 0.002 0 1 29 265 291 292 183 167 158 134 207 209; 2 
15.819999999999954 0 0.01 1 15.805999999999955 2 0.004 0 1 29 265 291 292 183 167 158 134 207 209 201; 2 
16.825999999999972 0 0.02 1 16.797999999999973 2 0.008 0 1 29 265 291 292 167 209 207 158 183 201 134 267; 2 
17.97399999999999 0 0.016 1 17.95799999999999 2 0.0 0 1 29 265 291 292 167 209 207 158 183 201 134 267 55; 2 
19.675999999999977 0 0.05000000000000002 1 19.61199999999998 2 0.014 0 1 29 265 291 292 167 209 207 158 183 201 134 267 55 9; 2 
20.53999999999997 0 0.04000000000000002 1 20.489999999999966 2 0.01 0 1 29 265 291 292 167 209 207 158 183 201 134 267 55 9 118; 2 
22.11599999999999 0 0.06200000000000003 1 22.043999999999993 2 0.01 0 1 29 265 291 292 167 209 207 158 183 201 134 267 55 9 118 294; 2 
23.41599999999997 0 0.07200000000000004 1 23.333999999999982 2 0.01 0 1 292 158 9 55 209 201 207 267 29 291 134 294 118 167 183 265 133; 2 
24.92199999999994 0 0.02800000000000001 1 24.887999999999938 2 0.006 0 1 292 158 9 55 209 201 207 267 29 291 134 294 118 167 183 265 133 28; 2 
25.751999999999953 0 0.06400000000000003 1 25.687999999999956 2 0.0 0 1 292 158 9 55 209 201 207 267 29 291 134 294 118 167 183 265 133 28 78; 2 
27.181999999999935 0 0.06200000000000004 1 27.10999999999994 2 0.01 0 1 292 158 9 55 209 201 207 267 29 291 134 294 118 167 183 265 133 78 28 159; 2 
28.965999999999966 0 0.05800000000000004 1 28.89799999999997 2 0.01 0 1 292 158 9 55 209 201 207 267 29 291 134 294 118 167 183 265 133 78 28 159 269; 2 
30.183999999999983 0 0.07200000000000004 1 30.10399999999998 2 0.008 0 1 292 158 9 55 209 201 207 267 29 291 134 294 118 167 183 265 133 78 28 159 269 271; 2 
31.253999999999987 0 0.08800000000000004 1 31.157999999999976 2 0.008 0 1 292 158 9 55 209 201 207 267 29 291 134 294 118 167 183 265 133 78 28 159 269 271 169; 2 
32.55599999999999 0 0.08600000000000005 1 32.44799999999998 2 0.022000000000000006 0 1 292 158 9 55 209 201 207 267 29 291 134 294 118 167 183 265 133 78 28 159 271 169 269 178; 2 
33.80799999999999 0 0.12000000000000009 1 33.67199999999998 2 0.016 0 1 292 158 9 55 209 201 207 267 29 291 134 294 118 167 183 265 133 78 28 159 271 169 269 178 290; 2 
34.99200000000005 0 0.11600000000000008 1 34.870000000000026 2 0.006 0 1 292 158 9 55 209 201 207 267 29 291 134 294 118 167 183 265 133 78 28 159 271 169 269 178 290 251; 2 
36.11200000000001 0 0.08600000000000006 1 36.01400000000002 2 0.012 0 1 28 118 9 269 209 201 251 267 178 291 169 294 133 167 183 265 292 159 78 290 134 29 207 271 55 158 220; 2 
37.10200000000003 0 0.10200000000000006 1 36.978000000000044 2 0.022000000000000006 0 1 28 118 9 269 209 201 251 267 178 291 169 294 133 167 183 265 292 159 78 290 134 29 207 271 55 158 220 177; 2 
37.99600000000006 0 0.09400000000000007 1 37.894000000000055 2 0.008 0 1 28 118 9 269 209 201 251 267 178 291 169 294 133 167 183 265 292 159 78 290 134 29 207 271 55 158 220 177 213; 2 
39.606000000000044 0 0.1340000000000001 1 39.45800000000003 2 0.014 0 1 28 118 9 269 209 201 251 267 178 291 169 294 133 167 183 265 292 159 78 290 134 29 207 271 55 158 220 213 177 264; 2 
40.22600000000001 0 0.08600000000000006 1 40.12600000000004 2 0.014 0 1 28 118 9 269 209 201 251 267 178 291 169 294 133 167 183 265 292 159 78 290 134 29 207 271 55 158 220 213 177 264 2; 2 
41.45400000000004 0 0.11000000000000008 1 41.32200000000003 2 0.022000000000000006 0 1 28 118 9 269 209 201 251 267 178 291 169 294 133 167 183 265 292 159 78 290 134 29 207 271 55 158 220 2 177 213 264 127; 2 
43.03199999999997 0 0.10800000000000008 1 42.905999999999956 2 0.018000000000000002 0 1 28 118 9 269 209 201 251 267 178 291 169 294 133 167 183 265 292 159 78 290 134 29 207 271 55 158 220 2 177 213 264 127 65; 2 
44.398000000000074 0 0.10400000000000006 1 44.276000000000046 2 0.018000000000000002 0 1 28 118 9 269 209 201 251 267 178 291 169 294 133 167 183 265 292 159 78 290 134 29 207 271 55 158 220 2 177 213 264 127 65 23; 2 
45.038000000000025 0 0.11200000000000009 1 44.91400000000002 2 0.012 0 1 28 118 9 269 209 201 251 267 178 291 169 294 133 167 183 265 292 159 78 290 134 29 207 271 55 158 220 2 177 213 264 127 65 23 283; 2 
46.215999999999994 0 0.11800000000000008 1 46.078 2 0.020000000000000004 0 1 28 118 9 269 209 201 251 267 178 291 169 294 133 167 183 265 292 159 78 290 134 29 207 271 55 158 220 2 177 213 264 127 23 283 65 63; 2 
47.42200000000001 0 0.09800000000000007 1 46.213999999999984 2 1.1100000000000008 0 1 28 118 9 269 209 201 251 267 178 291 169 294 133 167 183 265 292 159 78 290 134 29 271 55 158 220 2 177 213 264 127 23 283 65 63 270; 2 428; 
48.81799999999999 0 0.12200000000000007 1 47.593999999999944 2 1.1020000000000008 0 1 28 118 9 269 209 201 251 267 178 291 169 294 133 167 183 265 292 159 78 290 134 29 271 55 158 220 2 177 213 264 127 23 283 65 63 270 222; 2 428; 
49.58199999999998 0 1.296000000000001 1 47.18399999999998 2 1.1020000000000008 0 406; 1 28 118 9 269 209 201 251 267 178 291 294 133 167 183 265 292 159 78 290 134 29 271 55 158 220 127 222 63 264 65 177 2 213 270 23 283 210; 2 428; 
50.54799999999988 0 1.274000000000001 1 48.16 2 1.1140000000000008 0 406; 1 28 118 9 269 209 201 251 267 178 291 294 133 167 183 265 292 159 78 290 134 29 207 271 55 158 220 127 222 63 264 65 177 2 213 270 23 283 210; 2 428; 
