1.5320000000000011 0 0.006 1 1.5260000000000011 2 0.0 0 1 29; 2 
2.9399999999999893 0 0.004 1 2.9359999999999897 2 0.0 0 1 29 265; 2 
4.4079999999999755 0 0.006 1 4.401999999999975 2 0.0 0 1 29 265 207; 2 
5.909999999999968 0 0.014 1 5.895999999999968 2 0.0 0 1 207 29 265 292; 2 
7.2999999999999545 0 0.008 1 7.2919999999999545 2 0.0 0 1 207 29 265 292 291; 2 
8.673999999999975 0 0.008 1 8.661999999999974 2 0.004 0 1 207 29 265 292 291 167; 2 
9.809999999999977 0 0.01 1 9.799999999999978 2 0.0 0 1 207 29 265 292 291 167 134; 2 
11.315999999999967 0 0.014 1 11.297999999999966 2 0.004 0 1 207 29 265 292 291 167 134 294; 2 
12.45599999999995 0 0.006 1 12.44999999999995 2 0.0 0 1 207 29 265 292 291 167 134 294 271; 2 
13.881999999999959 0 0.016 1 13.861999999999961 2 0.004 0 1 207 29 265 292 291 134 167 294 271 78; 2 
15.251999999999951 0 0.022000000000000006 1 15.219999999999951 2 0.01 0 1 207 29 265 292 291 134 167 294 271 78 267; 2 
16.73399999999998 0 0.026 1 16.70199999999998 2 0.006 0 1 207 29 265 292 291 134 167 294 271 78 267 201; 2 
18.245999999999995 0 0.02800000000000001 1 18.205999999999992 2 0.012 0 1 207 29 265 292 291 134 167 294 271 78 267 201 183; 2 
19.460000000000004 0 0.022 1 19.432000000000002 2 0.006 0 1 207 29 265 292 291 134 167 294 271 78 267 201 183 158; 2 
20.873999999999985 0 0.022000000000000002 1 20.839999999999982 2 0.012 0 1 207 29 265 292 291 134 167 294 271 78 267 201 183 158 209; 2 
21.883999999999983 0 0.014 1 21.86399999999998 2 0.006 0 1 207 29 265 292 291 134 167 294 271 78 183 209 201 158 267 55; 2 
23.07999999999996 0 0.012 1 23.053999999999963 2 0.014 0 1 207 29 265 292 291 134 167 294 271 78 183 209 201 158 267 55 159; 2 
24.385999999999964 0 0.020000000000000004 1 24.35999999999996 2 0.006 0 1 207 29 265 292 291 134 167 294 271 78 183 209 201 158 267 55 159 210; 2 
26.011999999999954 0 0.038000000000000006 1 25.967999999999954 2 0.006 0 1 207 29 265 292 78 209 55 294 158 291 134 271 201 167 267 183 210 159 28; 2 
27.283999999999967 0 0.020000000000000004 1 27.25799999999996 2 0.006 0 1 207 29 265 292 78 209 55 294 158 291 134 271 201 167 267 183 210 159 28 65; 2 
28.605999999999938 0 0.05000000000000002 1 28.547999999999938 2 0.008 0 1 207 29 265 292 78 209 55 294 158 291 134 271 201 167 267 183 210 159 28 65 133; 2 
29.85999999999999 0 0.04200000000000001 1 29.80999999999999 2 0.008 0 1 29 134 133 207 209 201 55 294 158 291 292 271 28 167 267 265 210 159 78 183 65 222; 2 
30.865999999999985 0 0.02800000000000001 1 30.83599999999998 2 0.002 0 1 29 134 133 207 209 201 55 294 158 291 292 271 28 167 267 265 210 159 78 183 65 222 213; 2 
32.04999999999999 0 0.040000000000000015 1 32.001999999999995 2 0.008 0 1 29 134 133 207 209 201 55 294 158 291 292 271 28 167 267 265 210 159 78 183 65 222 213 290; 2 
33.32600000000001 0 0.040000000000000015 1 33.280000000000015 2 0.006 0 1 29 134 133 207 209 201 55 294 158 291 292 271 28 167 267 265 210 159 78 183 65 222 213 290 178; 2 
34.742000000000075 0 0.05000000000000002 1 34.68400000000007 2 0.008 0 1 29 134 133 207 209 201 55 294 158 291 292 271 28 167 267 265 210 159 78 183 65 222 290 213 178 270; 2 
35.92200000000006 0 0.02800000000000001 1 35.868000000000066 2 0.026000000000000006 0 1 29 134 133 207 209 201 55 294 158 291 292 271 28 167 267 265 210 159 78 183 65 222 290 213 178 270 269; 2 
37.05400000000001 0 0.024000000000000007 1 37.01000000000001 2 0.020000000000000004 0 1 29 134 133 207 209 201 55 294 158 291 292 271 28 167 267 265 210 159 78 183 65 222 290 213 178 270 269 118; 2 
38.21000000000005 0 0.07000000000000005 1 38.12800000000005 2 0.012 0 1 29 134 133 207 209 201 55 294 158 291 292 271 28 167 267 265 210 159 78 183 65 222 290 213 178 270 118 269 9; 2 
39.49200000000005 0 0.042000000000000016 1 39.430000000000035 2 0.020000000000000004 0 1 29 134 133 207 209 201 55 294 158 291 292 271 28 167 267 265 210 159 78 183 65 222 290 213 178 270 118 269 9 63; 2 
40.62200000000008 0 0.10200000000000006 1 40.50200000000006 2 0.018000000000000002 0 1 29 134 133 207 209 201 55 294 158 291 292 271 28 167 267 265 210 159 78 183 65 222 290 213 178 270 118 269 9 63 169; 2 
41.906000000000034 0 0.10200000000000006 1 41.78200000000001 2 0.022000000000000006 0 1 29 134 133 207 209 201 55 294 158 291 292 271 28 167 267 265 210 159 78 183 65 222 290 213 178 270 9 169 63 118 269 71; 2 
43.346 0 0.09800000000000006 1 43.23199999999999 2 0.016 0 1 29 134 133 207 209 201 55 294 158 291 292 271 28 167 267 265 210 159 78 183 65 222 290 213 178 270 9 169 63 118 269 71 251; 2 
44.11600000000001 0 0.08600000000000006 1 44.00800000000002 2 0.022000000000000006 0 1 222 71 9 269 209 201 251 294 178 291 292 271 169 167 267 265 270 63 78 290 213 29 65 183 159 118 210 28 158 55 207 133 134 220; 2 
45.386000000000024 0 1.256000000000001 1 42.92800000000004 2 1.2020000000000008 0 406; 1 222 71 9 269 209 201 251 294 178 291 292 271 167 267 265 270 63 78 290 213 29 65 183 159 118 210 28 158 55 207 133 134 220; 2 439; 
46.298000000000016 0 1.280000000000001 1 43.83400000000002 2 1.1840000000000008 0 406; 1 222 71 9 269 209 201 251 294 178 291 292 271 167 267 265 270 63 78 290 213 29 65 183 159 118 210 28 158 55 207 133 134 220 23; 2 439; 
47.559999999999995 0 1.2460000000000009 1 45.09200000000002 2 1.2220000000000009 0 406; 1 222 71 9 269 209 201 251 294 178 291 292 271 167 267 265 270 63 78 290 213 29 65 183 159 118 210 28 158 55 207 133 134 220 23 8; 2 439; 
48.82199999999991 0 1.262000000000001 1 47.528 2 0.03200000000000001 0 406; 1 222 71 9 269 209 201 251 294 178 291 292 271 167 267 265 270 63 78 290 213 29 65 183 159 118 210 28 158 55 207 133 134 220 23 283 8 127; 2 
49.66399999999991 0 1.272000000000001 1 48.37999999999997 2 0.012 0 406; 1 222 71 9 269 209 201 251 294 178 291 292 271 167 267 265 270 63 78 290 213 29 65 183 159 118 210 28 158 55 207 133 134 220 23 283 8 127 2; 2 
51.01199999999988 0 2.427999999999996 1 48.56799999999997 2 0.016 0 418 406; 1 222 71 269 209 201 251 294 178 291 292 271 167 267 265 270 63 78 290 213 29 65 183 159 118 210 28 158 55 207 289 134 220 23 283 8 127 2 54; 2 
