1.0900000000000007 0 1.0840000000000007 1 0.006 2 0.0 0 424; 1 ; 2 ;
2.2839999999999994 0 1.1020000000000008 1 1.1820000000000008 2 0.0 0 424; 1 247; 2 ;
3.467999999999967 0 2.2779999999999987 1 1.1900000000000008 2 0.0 0 424 327; 1 247; 2 ;
4.531999999999985 0 2.2159999999999997 1 2.3099999999999996 2 0.006 0 424 327; 1 247 145; 2 ;
5.837999999999945 0 2.283999999999999 1 3.5539999999999674 2 0.0 0 327 424; 1 145 247 252; 2 ;
7.223999999999965 0 2.305999999999999 1 4.883999999999975 2 0.03400000000000001 0 424 383; 1 132 145 247 252; 2 ;
8.777999999999984 0 2.3079999999999976 1 6.425999999999951 2 0.044000000000000025 0 424 383; 1 132 145 247 252 55; 2 ;
10.135999999999969 0 2.405999999999996 1 6.591999999999953 2 1.1380000000000008 0 424 383; 1 132 145 252 55 108; 2 477;
11.569999999999961 0 3.5259999999999705 1 6.927999999999953 2 1.1160000000000008 0 327 383 424; 1 252 108 293 55 183; 2 477;
12.663999999999955 0 3.4699999999999713 1 6.933999999999954 2 2.259999999999999 0 327 383 424; 1 252 108 293 55 183; 2 477 483;
14.107999999999942 0 3.549999999999968 1 8.345999999999963 2 2.2119999999999997 0 327 383 424; 1 252 108 293 55 183 159; 2 477 483;
15.407999999999962 0 3.557999999999969 1 9.615999999999973 2 2.2339999999999995 0 327 424 386; 1 252 108 293 34 55 183 159; 2 477 483;
16.51599999999999 0 3.509999999999969 1 10.787999999999958 2 2.2179999999999995 0 327 424 386; 1 252 108 293 34 55 183 119 207; 2 477 483;
17.889999999999986 0 4.635999999999982 1 11.04599999999998 2 2.208 0 303 327 424 386; 1 252 108 293 34 55 183 119 207; 2 483 477;
18.90999999999999 0 5.679999999999941 1 10.995999999999961 2 2.234 0 303 327 424 386 324; 1 252 108 293 34 55 183 119 159; 2 483 477;
20.47199999999998 0 6.009999999999954 1 12.241999999999964 2 2.22 0 327 348 386 324 317; 1 252 108 268 293 34 55 183 119 159; 2 483 477;
21.727999999999994 0 5.9099999999999415 1 13.53799999999995 2 2.2799999999999985 0 327 348 317 324 386; 1 252 108 268 293 34 55 183 159 71 127; 2 483 477;
23.25999999999998 0 5.95599999999995 1 15.091999999999958 2 2.2119999999999993 0 383 327 348 317 324; 1 252 108 293 34 55 183 159 244 71 127 265; 2 483 477;
24.29199999999997 0 5.963999999999948 1 14.987999999999959 2 3.3399999999999688 0 383 327 348 324 370; 1 252 108 293 34 132 159 266 244 71 127 265; 2 457 483 477;
25.917999999999928 0 6.019999999999947 1 17.51199999999997 2 2.385999999999998 0 327 348 324 386 370; 1 252 108 268 293 34 132 159 266 153 71 127 265 11; 2 457 483;
27.35999999999995 0 6.18399999999995 1 18.86199999999998 2 2.3139999999999974 0 327 348 386 370 323; 1 252 108 268 293 34 132 164 266 207 153 71 127 265 11; 2 457 483;
28.667999999999967 0 4.885999999999976 1 21.471999999999966 2 2.309999999999999 0 386 370 324 360; 1 252 108 268 293 9 34 128 183 164 266 207 153 71 127 265 11; 2 457 483;
29.765999999999952 0 4.871999999999973 1 22.585999999999956 2 2.307999999999999 0 386 370 360 324; 1 252 108 268 293 9 34 128 183 159 266 207 153 71 98 11 265 76; 2 457 483;
31.083999999999975 0 5.99199999999995 1 22.721999999999984 2 2.369999999999998 0 386 370 357 324 303; 1 252 108 36 293 9 34 128 183 159 266 207 153 71 98 11 265 76; 2 457 483;
32.395999999999994 0 5.119999999999973 1 24.963999999999967 2 2.311999999999999 0 386 370 343 324; 1 252 108 36 293 9 34 128 183 159 266 207 153 71 98 11 265 76 268 211; 2 457 483;
33.61800000000006 0 6.107999999999949 1 25.187999999999924 2 2.321999999999999 0 324 386 370 343 376; 1 207 36 265 71 34 128 211 252 127 159 266 183 76 268 9 153 11 293 108; 2 483 457;
34.98800000000001 0 6.1159999999999455 1 26.529999999999912 2 2.341999999999999 0 324 386 370 343 376; 1 207 36 265 71 34 128 211 252 127 159 266 183 76 268 9 153 11 293 108 189; 2 465 457;
36.084000000000074 0 6.02599999999995 1 27.721999999999912 2 2.3359999999999985 0 324 386 343 376 357; 1 207 36 265 71 34 128 211 252 127 159 266 183 76 91 268 9 153 11 293 108 189; 2 465 457;
36.998000000000026 0 7.105999999999967 1 27.475999999999903 2 2.4159999999999973 0 327 324 386 343 376 357; 1 207 36 265 71 34 128 211 252 127 159 183 76 91 268 9 153 11 293 108 189 266; 2 465 457;
38.200000000000045 0 8.271999999999986 1 27.577999999999907 2 2.349999999999998 0 317 324 386 343 327 376 357; 1 207 36 265 71 34 128 211 252 127 159 183 76 91 268 153 11 293 108 189 266 9; 2 465 457;
39.14800000000006 0 8.17199999999999 1 28.58999999999994 2 2.385999999999997 0 317 324 386 343 327 376 357; 1 207 36 265 71 34 128 211 252 127 159 183 76 91 268 153 11 293 108 9 189 266 221; 2 465 457;
40.782000000000004 0 8.349999999999982 1 30.011999999999965 2 2.419999999999997 0 424 324 343 383 376 357 409; 1 207 36 265 71 34 128 211 252 127 159 183 244 76 91 268 153 11 293 108 9 189 266 221; 2 465 457;
42.05599999999999 0 8.423999999999978 1 31.211999999999982 2 2.4199999999999955 0 424 324 343 383 376 357 409; 1 207 36 265 71 34 128 211 252 127 159 183 244 76 91 268 153 11 293 108 9 189 266 221 13; 2 465 457;
42.71000000000003 0 9.33999999999996 1 29.967999999999957 2 3.401999999999969 0 383 424 324 343 327 376 357 409; 1 207 265 71 34 128 211 252 127 159 183 244 76 91 268 153 11 293 108 9 189 266 221 13; 2 465 457 455;
44.31800000000001 0 9.39199999999997 1 31.451999999999966 2 3.4739999999999682 0 383 424 324 343 327 376 357 409; 1 207 3 265 71 128 211 252 127 159 183 244 76 91 268 153 11 293 108 9 189 266 221 13 34; 2 465 457 455;
45.65800000000005 0 9.36399999999997 1 32.90200000000003 2 3.3919999999999697 0 383 424 324 343 327 376 357 409; 1 207 3 265 71 128 211 252 127 159 183 244 76 91 268 153 11 293 108 9 189 266 221 13 34 292; 2 465 457 455;
46.53399999999996 0 9.379999999999974 1 32.66400000000001 2 4.489999999999986 0 383 424 324 343 327 376 357 409; 1 207 3 265 71 128 211 252 127 159 183 244 76 91 268 153 11 293 108 9 189 266 221 13 34 292; 2 465 457 455 494;
47.41799999999995 0 9.399999999999975 1 33.57200000000003 2 4.4459999999999855 0 383 424 324 343 327 376 357 409; 1 207 247 265 71 128 211 252 127 159 183 244 76 91 268 153 11 293 108 9 189 266 221 13 34 292 3; 2 465 457 455 494;
49.02799999999993 0 9.437999999999967 1 35.10200000000001 2 4.4879999999999844 0 383 424 324 343 327 376 357 409; 1 207 247 265 71 128 211 252 127 159 183 244 76 91 268 153 11 293 108 9 189 266 221 13 34 292 3 28; 2 465 457 455 494;
49.67799999999992 0 9.365999999999964 1 35.87800000000003 2 4.433999999999985 0 383 424 324 343 327 376 409 357; 1 207 247 265 71 128 211 252 127 159 183 244 76 91 268 153 11 293 108 9 28 13 266 3 221 34 292 189 192; 2 465 457 494 455;
