1.1260000000000008 0 1.1200000000000008 1 0.006 2 0.0 0 424; 1 ; 2 ;
2.3479999999999976 0 1.1600000000000008 1 1.1860000000000008 2 0.002 0 424; 1 247; 2 ;
3.6159999999999655 0 1.1520000000000008 1 2.461999999999998 2 0.002 0 424; 1 247 252; 2 ;
5.24799999999997 0 2.3879999999999977 1 2.8539999999999885 2 0.006 0 424 383; 1 9 108; 2 ;
6.501999999999953 0 2.351999999999998 1 4.143999999999968 2 0.006 0 424 383; 1 9 108 274; 2 ;
7.68799999999996 0 2.3479999999999985 1 5.331999999999975 2 0.008 0 424 383; 1 9 108 274 252; 2 ;
9.243999999999977 0 2.365999999999997 1 6.869999999999952 2 0.008 0 424 383; 1 9 108 274 252 223; 2 ;
9.89799999999997 0 2.349999999999998 1 7.541999999999967 2 0.006 0 424 383; 1 247 108 274 252 223 24; 2 ;
11.463999999999956 0 2.385999999999999 1 9.075999999999974 2 0.002 0 424 383; 1 247 108 274 252 223 24 158; 2 ;
12.553999999999954 0 3.4519999999999693 1 9.08999999999998 2 0.012 0 424 383 360; 1 247 108 274 252 223 24 158; 2 ;
13.747999999999953 0 3.479999999999969 1 10.263999999999976 2 0.004 0 424 383 360; 1 247 108 274 73 223 24 158 252; 2 ;
14.889999999999954 0 4.571999999999986 1 10.311999999999967 2 0.006 0 317 383 360 348; 1 247 108 274 73 223 24 158 252; 2 ;
16.683999999999983 0 4.589999999999981 1 12.077999999999946 2 0.016 0 317 383 348 303; 1 247 108 274 73 223 24 158 116 252; 2 ;
17.619999999999983 0 5.6959999999999456 1 10.763999999999971 2 1.1600000000000008 0 317 303 327 348 383; 1 108 116 274 223 24 158 252 189; 2 477;
18.92399999999999 0 6.815999999999964 1 10.97999999999995 2 1.1280000000000008 0 317 303 327 348 386 383; 1 108 116 274 223 24 158 252 189; 2 477;
20.104000000000003 0 6.8079999999999625 1 12.17199999999995 2 1.1240000000000008 0 303 327 348 386 383 317; 1 108 173 116 274 223 24 158 252 189; 2 477;
21.65999999999999 0 5.8399999999999475 1 14.661999999999964 2 1.1580000000000008 0 303 327 348 383 317; 1 108 173 116 153 223 24 158 252 189 296 13; 2 477;
23.11399999999997 0 5.8559999999999475 1 16.039999999999957 2 1.2180000000000009 0 303 327 348 383 317; 1 108 173 247 116 153 223 24 158 252 296 13 11; 2 483;
24.32199999999994 0 7.029999999999966 1 16.07199999999998 2 1.2200000000000009 0 303 327 348 383 317 311; 1 108 173 36 116 153 223 24 158 252 296 13 11; 2 483;
25.54199999999995 0 8.13399999999999 1 16.119999999999973 2 1.288000000000001 0 303 327 348 383 317 311 306; 1 108 173 36 116 153 223 9 158 252 296 132 11; 2 483;
26.541999999999934 0 9.155999999999972 1 16.10199999999998 2 1.284000000000001 0 303 409 348 317 306 311 383 327; 1 108 173 36 116 153 223 9 158 252 296 11 132; 2 483;
28.05599999999996 0 9.271999999999974 1 17.521999999999988 2 1.262000000000001 0 303 409 348 317 306 311 383 327; 1 108 173 36 116 274 223 9 158 252 296 11 132 153; 2 483;
29.371999999999932 0 9.18399999999997 1 20.02599999999998 2 0.16200000000000012 0 303 409 348 317 306 311 383 327; 1 108 173 36 116 274 223 9 158 252 235 296 11 132 153 293; 2 ;
31.033999999999992 0 8.241999999999992 1 22.639999999999972 2 0.1520000000000001 0 303 409 348 306 311 383 327; 1 108 173 36 116 274 223 9 158 252 235 296 91 11 132 153 293 266; 2 ;
32.17400000000002 0 9.217999999999979 1 22.769999999999964 2 0.18600000000000014 0 303 409 348 311 327 383 306 397; 1 108 173 36 116 274 223 9 158 252 235 296 11 132 293 153 91 266; 2 ;
32.87600000000001 0 9.193999999999972 1 23.497999999999962 2 0.18400000000000014 0 303 409 348 311 327 383 306 397; 1 108 173 36 116 274 223 9 158 252 189 296 11 132 293 153 91 266 103; 2 ;
34.02200000000005 0 9.215999999999973 1 24.63999999999994 2 0.16600000000000012 0 303 409 348 311 327 383 306 397; 1 108 173 36 116 274 223 9 158 252 189 296 11 132 293 153 91 266 103 192; 2 ;
35.27000000000005 0 9.191999999999975 1 25.8659999999999 2 0.21200000000000016 0 303 409 348 311 327 383 306 397; 1 108 173 36 116 274 223 9 158 252 189 296 11 132 293 153 91 266 192 103 70; 2 ;
36.42399999999999 0 9.177999999999962 1 25.99799999999996 2 1.2480000000000009 0 303 409 348 311 327 383 306 397; 1 108 173 36 116 106 223 9 158 252 189 296 11 132 293 91 266 192 103 70 248; 2 445;
38.13600000000005 0 7.19399999999997 1 29.655999999999953 2 1.286000000000001 0 424 409 348 383 306 397; 1 108 36 116 106 12 223 9 158 252 189 296 11 292 132 293 145 91 266 192 103 70 248 268; 2 445;
39.352000000000075 0 7.191999999999966 1 30.89799999999999 2 1.262000000000001 0 424 409 348 383 306 397; 1 108 36 116 106 12 223 9 158 252 189 296 11 292 132 293 145 91 266 192 103 70 248 268 173; 2 445;
40.47000000000005 0 8.28799999999998 1 30.906000000000013 2 1.276000000000001 0 424 409 348 383 306 397 324; 1 108 36 116 106 12 223 9 158 252 189 296 11 292 132 293 145 91 266 192 103 70 173 268 248; 2 445;
41.804000000000016 0 9.31599999999997 1 31.205999999999996 2 1.282000000000001 0 424 409 348 383 306 397 378 324; 1 108 36 116 106 12 223 9 158 252 189 296 11 292 132 293 145 91 266 192 70 173 268 248 202; 2 445;
43.02000000000002 0 9.35399999999998 1 32.34 2 1.326000000000001 0 327 409 348 383 397 378 399 324; 1 108 36 116 106 12 223 9 158 252 189 296 11 292 132 293 145 91 173 266 192 70 268 248 202 280; 2 445;
43.94199999999999 0 9.271999999999972 1 33.39800000000002 2 1.272000000000001 0 327 409 348 383 397 378 399 324; 1 108 36 116 274 12 223 9 158 252 189 296 11 292 132 293 145 91 173 266 192 70 268 248 202 280 106; 2 445;
45.04799999999997 0 10.279999999999964 1 33.486000000000026 2 1.282000000000001 0 327 409 348 386 383 397 378 399 324; 1 108 36 116 274 12 223 9 158 252 189 11 292 132 293 145 91 173 266 192 70 268 248 202 280 106 298; 2 445;
46.773999999999994 0 10.403999999999966 1 35.04000000000003 2 1.330000000000001 0 386 383 409 397 327 378 324 348 399; 1 189 36 132 274 223 202 91 252 268 108 11 298 106 248 158 9 70 266 173 12 145 293 280 116 192 292 203; 2 445;
47.461999999999975 0 9.337999999999964 1 36.780000000000044 2 1.344000000000001 0 386 383 409 417 397 378 324 399; 1 189 36 132 274 223 91 252 268 108 11 298 247 106 248 158 9 70 266 173 286 12 145 293 280 116 192 292 203 89; 2 445;
48.40599999999999 0 13.671999999999935 1 31.219999999999963 2 3.5139999999999687 0 386 383 409 417 397 327 378 406 413 324 399 348; 1 189 132 274 223 91 235 268 108 11 298 106 248 70 266 173 162 12 145 293 280 116 192 203 209; 2 455 445 428;
50.0159999999999 0 13.801999999999936 1 33.904000000000025 2 2.3099999999999987 0 386 383 409 417 397 424 378 413 324 403 399 348; 1 189 247 132 274 223 91 252 268 108 94 298 106 248 158 70 266 173 162 145 293 280 116 192 292 203 209; 2 445 477;
