1.428000000000001 0 0.0 1 1.428000000000001 2 0.0 0 ; 1 69; 2 ;
2.7219999999999938 0 0.004 1 2.7179999999999938 2 0.0 0 ; 1 69 225; 2 ;
4.181999999999971 0 0.0 1 4.181999999999971 2 0.0 0 ; 1 69 225 158; 2 ;
5.45399999999997 0 0.002 1 5.44999999999997 2 0.002 0 ; 1 225 69 158 166; 2 ;
6.893999999999959 0 0.016 1 6.8759999999999595 2 0.002 0 ; 1 225 69 158 166 55; 2 ;
8.279999999999971 0 0.01 1 8.269999999999971 2 0.0 0 ; 1 166 55 69 225 158 3; 2 ;
9.367999999999974 0 0.004 1 9.363999999999974 2 0.0 0 ; 1 166 55 69 225 158 3 171; 2 ;
11.053999999999968 0 0.004 1 11.047999999999968 2 0.002 0 ; 1 171 225 69 55 158 166 3 292; 2 ;
12.353999999999957 0 0.07400000000000004 1 12.27399999999996 2 0.006 0 ; 1 34 225 69 55 158 166 3 292 265; 2 ;
13.891999999999951 0 0.07000000000000003 1 13.81999999999995 2 0.002 0 ; 1 34 225 69 55 158 166 3 292 265 201; 2 ;
14.983999999999957 0 1.350000000000001 1 13.617999999999943 2 0.016 0 401; 1 34 132 69 55 158 166 3 292 265 12; 2 ;
16.321999999999974 0 1.422000000000001 1 14.873999999999965 2 0.02600000000000001 0 401; 1 34 132 69 55 158 166 3 108 265 12 217; 2 ;
17.77399999999997 0 0.22200000000000017 1 17.549999999999976 2 0.002 0 ; 1 225 166 217 201 158 292 3 265 34 55 69 12 13; 2 ;
18.90199999999998 0 0.23800000000000018 1 18.645999999999994 2 0.018000000000000002 0 ; 1 225 166 217 54 158 108 3 265 34 55 69 12 13 5; 2 ;
20.25999999999999 0 0.2660000000000002 1 19.941999999999997 2 0.05200000000000003 0 ; 1 225 166 217 201 158 113 3 265 34 55 69 12 13 5 247; 2 ;
21.62399999999999 0 1.454000000000001 1 20.158000000000005 2 0.012 0 303; 1 225 166 217 54 158 3 135 34 55 69 12 13 5 247 207; 2 ;
23.107999999999976 0 0.2860000000000002 1 22.817999999999984 2 0.004 0 ; 1 225 166 217 201 158 292 3 135 34 55 69 12 13 5 247 207 252; 2 ;
23.773999999999955 0 1.492000000000001 1 22.225999999999956 2 0.05600000000000003 0 401; 1 225 166 217 158 286 3 135 34 55 69 12 13 5 247 207 252 268; 2 ;
24.963999999999967 0 2.6279999999999926 1 22.239999999999966 2 0.09600000000000007 0 401 424; 1 225 166 217 158 286 3 135 34 55 69 12 13 5 247 207 252 268; 2 ;
26.11599999999995 0 2.6139999999999923 1 23.439999999999973 2 0.06200000000000004 0 401 424; 1 225 166 217 158 286 3 135 34 55 69 12 13 5 247 207 252 268 141; 2 ;
27.383999999999908 0 2.635999999999994 1 24.669999999999938 2 0.07800000000000004 0 401 424; 1 225 166 217 158 286 3 135 34 55 69 12 13 5 247 207 252 268 141 159; 2 ;
28.945999999999938 0 2.6919999999999917 1 26.20199999999995 2 0.05200000000000003 0 401 424; 1 225 166 217 158 108 3 135 34 55 69 12 13 5 247 207 252 268 141 159 259; 2 ;
29.781999999999954 0 2.703999999999991 1 27.025999999999936 2 0.05200000000000003 0 401 424; 1 225 166 217 158 108 3 135 34 55 69 12 13 5 247 207 252 268 141 159 259 193; 2 ;
30.911999999999942 0 2.7559999999999905 1 27.035999999999905 2 1.1200000000000008 0 401 327; 1 225 166 217 158 108 3 135 34 55 69 211 13 5 207 252 268 141 159 259 193 150; 2 455;
31.92000000000001 0 3.633999999999971 1 25.993999999999918 2 2.2919999999999967 0 401 397 327; 1 225 166 217 158 3 135 34 55 69 211 13 5 207 252 268 141 159 286 193 150; 2 455 483;
33.03600000000001 0 3.761999999999969 1 25.969999999999924 2 3.3039999999999683 0 401 397 327; 1 225 166 217 158 3 135 34 55 69 211 13 5 207 252 268 141 286 193 150 66; 2 455 494 483;
34.30400000000001 0 3.749999999999968 1 27.26599999999993 2 3.2879999999999687 0 401 397 327; 1 225 166 217 158 3 135 34 55 69 211 133 5 207 252 268 141 286 150 66 193 13; 2 455 494 483;
35.524000000000036 0 5.989999999999946 1 25.097999999999963 2 4.435999999999986 0 401 397 347 327 383; 1 225 166 217 158 3 135 55 69 211 133 5 207 252 268 141 286 150 193 13; 2 455 494 445 483;
36.65000000000002 0 5.967999999999947 1 26.24799999999992 2 4.433999999999986 0 401 347 397 327 383; 1 225 166 217 158 292 3 135 55 69 211 133 5 207 252 141 286 150 193 13 268; 2 455 494 445 483;
38.298 0 6.025999999999954 1 27.865999999999946 2 4.405999999999988 0 347 397 327 383 401; 1 225 166 217 201 158 292 3 135 55 69 211 133 5 207 252 141 286 150 193 13 268; 2 455 494 445 483;
39.60000000000003 0 5.94199999999995 1 29.197999999999958 2 4.459999999999985 0 347 397 327 401 315; 1 225 166 217 201 158 292 3 135 55 69 211 133 207 141 5 252 286 51 193 268 150 132; 2 445 494 455 483;
41.0180000000001 0 6.201999999999959 1 30.419999999999966 2 4.395999999999989 0 347 383 327 401 315; 1 225 9 217 201 158 292 3 135 55 69 211 133 207 141 5 252 259 108 193 268 150 132 162; 2 445 494 455 483;
42.17599999999998 0 5.99999999999995 1 30.683999999999948 2 5.4919999999999405 0 347 397 327 401 315; 1 225 9 217 201 158 292 3 135 55 69 211 133 207 141 5 252 286 51 193 268 150 203 132; 2 445 494 455 483 440;
43.69000000000005 0 7.263999999999973 1 30.997999999999973 2 5.427999999999943 0 347 397 327 401 315 314; 1 225 9 217 201 158 292 3 135 55 69 211 133 207 141 5 252 286 51 193 268 150 203 234; 2 445 494 455 483 440;
44.988000000000035 0 7.103999999999965 1 32.33399999999999 2 5.5499999999999465 0 347 397 327 401 315 314; 1 225 9 217 201 158 292 3 135 55 69 211 133 207 141 5 252 286 51 193 268 150 203 234 298; 2 445 494 455 483 440;
45.812000000000005 0 6.075999999999956 1 34.19 2 5.545999999999946 0 383 397 327 401 347; 1 225 9 217 201 158 292 3 135 171 55 69 211 133 207 141 5 252 193 268 150 13 203 132 162 234 298; 2 445 428 494 455 483;
47.014 0 6.053999999999945 1 35.458000000000034 2 5.501999999999944 0 383 397 327 401 347; 1 225 9 217 201 158 292 3 135 171 55 69 211 133 207 141 5 252 193 268 150 13 203 132 162 234 298 210; 2 445 428 494 455 483;
48.06799999999994 0 8.069999999999995 1 34.45600000000002 2 5.541999999999944 0 383 322 327 425 397 401 324; 1 9 298 150 171 211 5 210 193 225 252 141 69 162 55 203 268 135 3 292 234 207 158 201 132 217 133; 2 428 455 483 445 494;
49.17999999999996 0 8.105999999999996 1 35.535999999999994 2 5.537999999999942 0 383 322 327 425 397 401 324; 1 9 298 150 171 211 5 210 193 225 252 141 69 162 55 203 268 135 3 292 234 207 158 201 132 217 133 212; 2 428 455 483 445 494;
50.53599999999996 0 8.153999999999993 1 36.90800000000006 2 5.473999999999942 0 383 322 327 425 397 401 324; 1 9 298 150 171 211 5 210 193 225 252 141 69 162 55 203 268 135 3 292 234 207 158 201 132 217 133 212 183; 2 428 455 483 445 494;
