1.496000000000001 0 0.004 1 1.492000000000001 2 0.0 0 1 29; 2 
2.9659999999999913 0 0.006 1 2.9599999999999906 2 0.0 0 1 29 291; 2 
4.539999999999973 0 0.0 1 4.535999999999974 2 0.004 0 1 29 291 265; 2 
5.993999999999969 0 0.01 1 5.979999999999969 2 0.004 0 1 29 291 265 183; 2 
7.341999999999955 0 0.012 1 7.329999999999955 2 0.0 0 1 29 291 265 183 292; 2 
8.665999999999976 0 0.006 1 8.659999999999975 2 0.0 0 1 291 292 183 29 265 207; 2 
10.065999999999974 0 0.02 1 10.037999999999972 2 0.008 0 1 291 292 183 29 265 207 167; 2 
11.379999999999963 0 0.018000000000000002 1 11.357999999999967 2 0.004 0 1 291 292 183 29 265 207 167 134; 2 
12.843999999999946 0 0.016 1 12.823999999999947 2 0.004 0 1 291 292 183 29 265 207 134 167 209; 2 
14.20599999999995 0 0.014 1 14.185999999999948 2 0.006 0 1 291 292 183 29 265 207 134 167 209 201; 2 
15.579999999999963 0 0.022000000000000006 1 15.55199999999996 2 0.006 0 1 291 292 183 29 265 207 167 209 134 201 158; 2 
16.957999999999974 0 0.018000000000000002 1 16.931999999999974 2 0.008 0 1 291 292 183 29 265 207 167 209 134 201 158 271; 2 
17.954 0 0.014 1 17.932 2 0.008 0 1 291 292 183 29 265 207 167 209 134 201 158 271 294; 2 
19.599999999999987 0 0.022000000000000006 1 19.573999999999987 2 0.004 0 1 291 292 183 29 265 207 167 209 134 201 158 271 294 78; 2 
20.780000000000005 0 0.04800000000000003 1 20.730000000000004 2 0.002 0 1 291 292 183 29 265 207 167 209 134 201 158 271 294 78 9; 2 
22.027999999999974 0 0.05200000000000002 1 21.965999999999973 2 0.01 0 1 291 292 183 29 265 207 167 209 134 201 158 271 294 78 9 63; 2 
23.44799999999996 0 0.060000000000000026 1 23.38399999999996 2 0.004 0 1 291 292 183 29 265 207 167 209 134 201 158 294 78 9 271 63 159; 2 
24.485999999999926 0 0.06600000000000003 1 24.407999999999923 2 0.012 0 1 291 292 183 29 265 207 167 209 134 201 158 294 78 9 271 63 159 65; 2 
25.807999999999957 0 0.05600000000000002 1 25.739999999999952 2 0.012 0 1 291 292 183 29 265 207 167 209 134 201 158 294 78 9 271 63 159 65 213; 2 
26.81399999999992 0 0.052000000000000025 1 26.753999999999923 2 0.008 0 1 291 292 183 29 265 207 167 209 134 201 158 294 78 9 271 63 159 65 213 55; 2 
28.079999999999945 0 0.03800000000000002 1 28.033999999999953 2 0.008 0 1 291 292 183 29 265 207 167 209 134 201 158 294 78 9 271 63 159 65 213 55 118; 2 
29.48199999999995 0 0.07400000000000004 1 29.40599999999995 2 0.002 0 1 291 292 183 29 265 207 167 209 134 201 158 294 78 9 271 63 159 65 213 55 118 169; 2 
30.599999999999955 0 0.10600000000000005 1 30.487999999999946 2 0.006 0 1 291 292 183 29 265 207 167 209 134 201 158 294 78 9 271 63 159 65 213 55 118 169 177; 2 
32.063999999999986 0 0.12200000000000007 1 31.929999999999993 2 0.012 0 1 291 292 183 29 265 207 167 209 134 201 158 294 78 9 271 63 159 65 213 55 118 169 177 133; 2 
33.05600000000002 0 0.11800000000000009 1 32.93800000000002 2 0.0 0 1 291 292 183 29 265 207 167 209 134 201 158 294 78 9 271 63 159 65 213 55 118 169 177 133 267; 2 
34.318000000000005 0 0.10200000000000008 1 33.128 2 1.0880000000000007 0 1 291 292 183 29 265 167 209 134 201 158 294 78 9 271 63 159 65 213 55 118 169 177 133 267 23; 2 428; 
35.85000000000003 0 0.09000000000000005 1 34.672000000000025 2 1.0880000000000007 0 1 291 292 183 29 265 213 63 177 201 9 159 133 167 169 209 294 271 78 134 267 23 65 118 55 158 251; 2 428; 
36.458000000000006 0 0.10000000000000005 1 35.25800000000007 2 1.1000000000000008 0 1 291 292 183 29 265 213 63 177 201 9 159 133 167 169 209 294 271 78 134 267 23 65 118 55 158 251 283; 2 428; 
37.81000000000003 0 0.09800000000000006 1 36.58600000000004 2 1.1260000000000008 0 1 291 292 183 29 265 213 63 177 201 9 159 133 167 169 209 294 271 78 134 267 23 65 118 55 158 251 283 178; 2 428; 
38.620000000000026 0 0.06800000000000005 1 37.43000000000006 2 1.1220000000000008 0 1 291 292 183 29 265 213 63 177 201 9 159 133 167 169 209 294 271 78 134 267 23 65 118 55 158 251 283 178 210; 2 428; 
39.83200000000003 0 1.290000000000001 1 36.25000000000008 2 2.2919999999999985 0 406; 1 291 292 183 29 265 213 63 177 201 9 159 133 167 209 294 271 78 134 267 23 65 118 55 158 251 283 178 224; 2 428 471; 
41.10000000000003 0 2.4059999999999975 1 36.42 2 2.2739999999999987 0 406 375; 1 291 292 183 29 265 213 63 177 201 9 159 133 167 209 294 271 78 134 267 23 65 118 55 158 251 283 178 224; 2 428 471; 
42.34200000000003 0 2.3719999999999977 1 37.746000000000045 2 2.2239999999999998 0 406 375; 1 291 292 183 29 265 213 63 177 201 9 159 133 167 209 294 271 78 134 267 23 65 118 55 158 251 283 178 224 28; 2 428 471; 
43.58000000000003 0 2.445999999999996 1 38.87399999999998 2 2.259999999999999 0 406 375; 1 291 292 183 29 265 213 63 177 201 9 159 133 167 209 294 271 78 134 267 23 65 118 55 158 251 283 178 224 28 127; 2 428 471; 
44.73000000000001 0 2.3759999999999972 1 40.094000000000015 2 2.26 0 406 375; 1 291 292 183 29 265 213 63 177 201 9 159 133 167 209 294 271 78 134 267 23 65 118 55 158 251 283 28 178 127 224 54; 2 428 471; 
46.45199999999999 0 2.4399999999999955 1 41.75200000000009 2 2.26 0 406 375; 1 291 292 183 29 265 213 63 177 201 9 159 133 167 209 294 271 78 134 267 23 65 118 55 158 251 283 28 178 127 224 54 222; 2 428 471; 
47.10999999999998 0 2.4759999999999978 1 42.402 2 2.2319999999999993 0 406 375; 1 291 292 183 29 265 213 63 177 201 9 159 133 167 209 294 271 78 134 267 23 65 118 55 158 251 283 28 178 127 210 54 222 94; 2 428 456; 
48.32999999999995 0 2.3819999999999975 1 43.71999999999999 2 2.228 0 406 375; 1 291 292 183 29 265 213 63 177 201 9 159 133 167 209 294 271 78 134 267 23 65 118 55 158 251 283 28 178 127 210 54 222 94 270; 2 428 456; 
49.64199999999994 0 2.4039999999999977 1 44.98400000000001 2 2.2539999999999996 0 406 375; 1 291 292 183 29 265 213 63 177 201 9 159 133 167 209 294 271 78 134 267 23 65 118 55 158 251 283 28 178 127 210 54 222 94 270 2; 2 428 456; 
50.84199999999987 0 2.4219999999999966 1 46.18200000000006 2 2.2379999999999995 0 406 375; 1 291 292 183 29 265 213 63 177 201 9 159 133 167 209 294 271 78 134 267 23 65 118 55 158 251 283 28 178 127 210 54 94 2 222 270 269; 2 428 456; 
