1.252000000000001 0 1.1940000000000008 1 0.058000000000000024 2 0.0 0 327; 1 2 
2.633999999999994 0 0.07000000000000002 1 2.561999999999995 2 0.002 0 1 252 247; 2 
3.8819999999999713 0 0.10000000000000006 1 3.745999999999971 2 0.03600000000000002 0 1 132 247 252; 2 
5.113999999999975 0 1.2240000000000009 1 3.8299999999999663 2 0.060000000000000026 0 424; 1 132 51 252; 2 
6.403999999999951 0 2.343999999999998 1 3.9719999999999693 2 0.08800000000000005 0 424 390; 1 132 51 252; 2 
7.4919999999999645 0 2.4139999999999966 1 5.025999999999976 2 0.05200000000000003 0 424 390; 1 132 247 252 51; 2 
8.715999999999974 0 3.5779999999999705 1 5.095999999999975 2 0.04200000000000001 0 382 390 317; 1 132 247 252 51; 2 
10.069999999999963 0 4.87399999999997 1 4.005999999999968 2 1.1900000000000008 0 382 327 390 370; 1 132 252 51; 2 477; 
11.395999999999965 0 5.981999999999946 1 5.33399999999997 2 0.08000000000000006 0 382 390 327 370 417; 1 252 132 51 73; 2 
12.73999999999994 0 3.7679999999999674 1 8.919999999999979 2 0.052000000000000025 0 382 390 417; 1 247 252 132 51 91 73 40; 2 
13.973999999999963 0 3.679999999999972 1 10.231999999999973 2 0.06200000000000004 0 382 390 417; 1 247 252 132 51 91 73 40 66; 2 
15.643999999999979 0 2.7039999999999913 1 12.843999999999955 2 0.09600000000000006 0 382 417; 1 12 268 252 132 51 91 73 40 66 293; 2 
16.915999999999986 0 2.7259999999999915 1 14.095999999999965 2 0.09400000000000007 0 382 417; 1 12 268 252 132 51 91 73 40 66 293 108; 2 
18.107999999999993 0 2.7739999999999894 1 15.249999999999975 2 0.08400000000000005 0 382 417; 1 12 268 252 132 51 91 73 266 66 293 108 158; 2 
19.29399999999999 0 4.837999999999974 1 13.291999999999948 2 1.1640000000000008 0 382 327 370 384; 1 12 268 252 51 11 40 66 293 265 80; 2 457; 
20.671999999999986 0 4.783999999999978 1 14.691999999999958 2 1.1960000000000008 0 382 327 370 384; 1 12 268 252 51 11 40 66 293 80 265 189; 2 457; 
21.751999999999978 0 4.913999999999974 1 15.637999999999971 2 1.2000000000000008 0 382 327 370 384; 1 12 268 252 51 11 266 66 293 80 265 189 40; 2 457; 
22.995999999999977 0 5.941999999999947 1 15.821999999999962 2 1.2320000000000009 0 373 382 370 327 384; 1 268 252 66 51 189 293 266 11 40 265 80 12; 2 457; 
24.531999999999965 0 6.0739999999999466 1 17.291999999999987 2 1.1660000000000008 0 373 382 370 327 323; 1 268 252 66 51 189 293 266 73 40 169 80 12 216; 2 457; 
25.60599999999995 0 7.15799999999997 1 17.239999999999995 2 1.2080000000000009 0 373 382 370 327 323 384; 1 268 252 66 51 189 293 266 73 40 169 80 12 11; 2 457; 
26.661999999999946 0 7.141999999999971 1 17.287999999999982 2 2.2319999999999998 0 373 382 370 327 323 384; 1 268 252 66 51 189 293 266 73 40 169 80 12 220; 2 457 477; 
27.673999999999896 0 5.985999999999946 1 19.31999999999999 2 2.367999999999997 0 373 382 327 323 384; 1 268 252 66 51 189 293 266 73 237 40 169 98 12 220 132; 2 457 477; 
29.231999999999946 0 5.989999999999953 1 20.909999999999993 2 2.3319999999999985 0 373 382 327 323 384; 1 268 252 66 51 189 293 266 73 237 40 169 98 12 94 220 132; 2 457 477; 
30.53199999999997 0 4.893999999999972 1 23.361999999999952 2 2.275999999999999 0 373 382 327 384; 1 268 252 66 51 189 293 266 73 237 40 169 98 12 200 132 94 220 208; 2 457 477; 
31.559999999999974 0 5.985999999999954 1 23.271999999999945 2 2.3019999999999974 0 373 382 327 384 376; 1 268 252 66 51 189 293 266 73 237 40 164 98 12 200 132 94 220 208; 2 457 477; 
32.62199999999998 0 7.059999999999972 1 24.277999999999945 2 1.284000000000001 0 373 317 327 384 376 370; 1 128 268 252 66 51 189 293 266 73 108 40 164 98 12 200 132 94 220 208; 2 477; 
33.49200000000002 0 8.233999999999988 1 24.035999999999948 2 1.2220000000000009 0 417 317 327 384 376 370 390; 1 128 247 252 66 51 189 293 266 73 108 40 164 98 190 200 132 94 220 208; 2 477; 
35.03600000000002 0 7.011999999999968 1 26.75199999999992 2 1.272000000000001 0 417 317 327 384 376 390; 1 286 247 252 153 51 189 293 266 73 108 40 164 98 190 200 132 94 220 208 237 89; 2 477; 
36.60800000000006 0 5.9599999999999556 1 29.389999999999965 2 1.258000000000001 0 384 317 327 376 390; 1 286 247 280 153 51 189 293 266 73 108 40 164 98 190 200 235 132 94 220 208 237 89 54; 2 477; 
37.78200000000006 0 6.061999999999948 1 30.391999999999992 2 1.328000000000001 0 384 317 327 376 390; 1 286 247 280 153 51 189 293 266 73 108 40 164 98 190 200 132 91 220 89 235 94 54 208 28; 2 477; 
38.942000000000064 0 7.091999999999966 1 30.55399999999999 2 1.296000000000001 0 384 383 317 327 376 390; 1 286 247 280 153 189 293 266 73 108 40 164 98 190 200 132 91 220 89 235 94 54 208 28 34; 2 477; 
40.804000000000016 0 7.135999999999979 1 31.32599999999996 2 2.341999999999998 0 384 383 317 327 376 390; 1 128 247 280 153 189 293 266 73 40 164 98 190 200 132 91 220 89 235 94 54 208 28 34 212; 2 457 477; 
41.24800000000005 0 9.239999999999974 1 29.701999999999934 2 2.3059999999999983 0 378 345 383 317 327 306 376 390; 1 128 247 153 189 293 266 103 40 164 98 190 200 91 220 89 235 94 54 208 28 34 212 132; 2 457 477; 
42.28600000000002 0 10.383999999999958 1 29.52799999999997 2 2.373999999999996 0 378 345 383 317 327 306 376 390 397; 1 128 247 153 189 293 266 103 40 164 98 190 200 91 220 89 235 94 54 208 28 19 132 163; 2 457 477; 
43.446000000000026 0 11.427999999999951 1 29.623999999999953 2 2.393999999999996 0 417 345 383 317 327 306 376 390 384 397; 1 128 247 153 189 293 266 73 40 164 98 190 200 91 220 89 94 54 208 28 19 132 163 235; 2 457 477; 
45.16600000000005 0 11.351999999999945 1 31.435999999999993 2 2.377999999999997 0 417 345 383 317 327 306 376 390 384 397; 1 128 247 153 189 293 266 73 40 164 98 75 200 91 220 89 94 54 208 28 19 132 163 235 119; 2 457 477; 
46.08200000000006 0 10.293999999999967 1 33.38000000000005 2 2.407999999999997 0 417 383 317 327 322 376 390 378 397; 1 128 247 235 153 189 293 266 73 40 164 98 75 200 91 220 89 103 94 54 208 28 132 163 19 119 280; 2 457 477; 
46.88599999999998 0 11.295999999999944 1 33.26400000000001 2 2.3259999999999974 0 417 424 383 317 327 322 376 390 378 397; 1 247 235 153 189 293 266 73 40 164 98 190 200 91 220 89 103 94 54 208 28 132 163 19 244 280 128; 2 457 477; 
47.82399999999994 0 11.299999999999947 1 34.09000000000006 2 2.433999999999994 0 417 424 383 317 327 322 376 377 378 397; 1 247 235 153 189 293 266 73 40 164 98 190 200 237 220 211 89 103 94 54 208 132 163 19 244 280 128 268; 2 457 477; 
49.367999999999945 0 12.43799999999995 1 34.512000000000015 2 2.4179999999999975 0 417 424 383 317 327 322 376 401 377 378 397; 1 247 235 153 189 293 266 73 40 164 98 190 200 237 220 211 89 103 94 208 132 163 19 244 280 128 268 209; 2 457 477; 
