1.2360000000000009 0 0.05000000000000002 1 1.1820000000000008 2 0.004 0 1 247; 2 
2.441999999999997 0 1.2380000000000009 1 1.2040000000000008 2 0.0 0 370; 1 247; 2 
4.147999999999971 0 1.262000000000001 1 2.8499999999999908 2 0.03600000000000002 0 370; 1 51 158; 2 
5.309999999999968 0 1.260000000000001 1 3.9999999999999694 2 0.05000000000000003 0 370; 1 36 158 51; 2 
6.673999999999957 0 1.262000000000001 1 5.355999999999969 2 0.05600000000000003 0 370; 1 252 51 166 36; 2 
7.813999999999974 0 1.358000000000001 1 5.275999999999965 2 1.1800000000000008 0 370; 1 252 51 132 108; 2 477; 
8.90599999999998 0 1.358000000000001 1 6.411999999999953 2 1.1360000000000008 0 370; 1 108 51 166 247 252; 2 477; 
10.06199999999997 0 3.4339999999999695 1 5.499999999999971 2 1.1280000000000008 0 317 382 324; 1 108 51 166 252; 2 477; 
11.639999999999946 0 2.4859999999999935 1 9.067999999999971 2 0.08600000000000003 0 382 317; 1 252 51 11 108 247 13 153; 2 
13.457999999999936 0 2.587999999999994 1 10.73399999999997 2 0.1360000000000001 0 382 413; 1 252 51 11 108 272 13 153 293; 2 
14.385999999999955 0 3.6439999999999677 1 10.679999999999966 2 0.06200000000000004 0 382 413 383; 1 252 11 108 272 13 153 293 34; 2 
15.383999999999958 0 4.761999999999977 1 10.53599999999997 2 0.08600000000000006 0 424 327 386 370; 1 252 11 108 272 153 293 34 132; 2 
17.119999999999976 0 4.919999999999969 1 12.071999999999973 2 0.12800000000000006 0 382 327 386 370; 1 252 11 108 272 153 293 34 132 40; 2 
18.607999999999983 0 4.801999999999977 1 13.719999999999937 2 0.08600000000000005 0 382 327 386 370; 1 158 11 108 272 153 293 34 132 40 252; 2 
19.573999999999977 0 4.843999999999973 1 14.62799999999996 2 0.10200000000000008 0 382 327 386 370; 1 158 11 108 272 153 293 34 132 73 40 252; 2 
21.43199999999999 0 4.95799999999997 1 16.38399999999998 2 0.09000000000000004 0 382 327 386 370; 1 158 11 108 272 153 293 34 9 73 40 252 13; 2 
22.787999999999965 0 5.057999999999972 1 17.631999999999973 2 0.09800000000000007 0 370 386 382 327; 1 158 9 13 108 268 153 252 73 40 34 11 293 210; 2 
23.44399999999994 0 6.049999999999953 1 17.301999999999982 2 0.09200000000000005 0 370 386 424 327 382; 1 158 9 13 108 268 153 252 73 40 34 11 293 210; 2 
24.569999999999943 0 4.741999999999973 1 19.740000000000006 2 0.08800000000000005 0 386 424 327 382; 1 158 91 9 13 108 77 153 252 73 40 34 11 293 210 211; 2 
25.943999999999956 0 3.825999999999972 1 22.03199999999997 2 0.08600000000000005 0 386 405 327; 1 158 91 9 13 108 77 153 252 73 266 34 11 293 210 89 211 286; 2 
27.155999999999928 0 4.963999999999968 1 22.087999999999976 2 0.10400000000000008 0 386 405 327 323; 1 158 91 9 13 108 77 153 252 73 266 34 11 293 210 89 211 286; 2 
28.31399999999996 0 4.857999999999977 1 23.34799999999997 2 0.10800000000000007 0 386 317 323 405; 1 158 91 9 13 108 77 153 252 73 40 34 11 247 293 210 89 286 211; 2 
29.561999999999955 0 4.8379999999999725 1 24.593999999999934 2 0.1300000000000001 0 386 317 323 405; 1 158 237 9 13 108 77 153 252 73 40 34 11 247 293 212 89 286 211 98; 2 
31.192000000000004 0 4.851999999999979 1 26.13199999999992 2 0.20800000000000016 0 386 317 323 405; 1 158 237 9 132 108 77 153 252 73 40 34 11 247 293 212 89 286 211 98 180; 2 
32.086000000000006 0 5.9899999999999425 1 25.879999999999946 2 0.21600000000000016 0 405 317 386 324 327; 1 9 132 180 153 252 286 40 237 34 211 98 293 135 11 73 89 77 108 212 294; 2 
33.20800000000001 0 4.819999999999978 1 28.233999999999916 2 0.1540000000000001 0 405 317 386 324; 1 9 132 180 153 252 286 40 237 34 211 98 293 135 247 11 73 89 77 108 212 294 164; 2 
34.29800000000001 0 7.121999999999975 1 26.997999999999923 2 0.17800000000000013 0 405 317 386 324 406 384; 1 9 132 180 153 235 286 40 237 34 12 98 293 247 11 89 77 108 212 294 164 54; 2 
35.88200000000001 0 8.24999999999999 1 27.38999999999995 2 0.2420000000000002 0 405 317 324 406 327 384 386; 1 9 51 132 180 153 235 286 40 237 34 12 98 293 11 89 77 108 212 294 164 54; 2 
36.80400000000005 0 9.33799999999997 1 27.23199999999993 2 0.23400000000000018 0 405 317 324 406 327 384 386 377; 1 9 51 132 180 153 235 286 40 237 34 12 98 293 11 89 77 108 212 294 164 54; 2 
38.45600000000005 0 9.447999999999965 1 28.70399999999996 2 0.3040000000000002 0 405 317 324 406 327 384 386 377; 1 9 51 132 180 153 235 286 40 237 34 12 98 293 11 89 77 108 212 294 164 54 213; 2 
39.179999999999986 0 10.55399999999996 1 27.26999999999993 2 1.356000000000001 0 405 317 324 390 406 327 384 386 377; 1 9 51 132 180 153 235 286 40 237 34 98 293 11 89 108 212 294 164 54 213 155; 2 428; 
40.342000000000006 0 10.447999999999963 1 28.541999999999945 2 1.352000000000001 0 377 386 390 327 384 405 406 324 317; 1 294 9 51 132 164 153 235 128 40 237 34 98 213 155 11 89 54 108 212 247 293 180; 2 428; 
41.10000000000001 0 10.52199999999997 1 29.26399999999994 2 1.314000000000001 0 377 386 390 327 384 405 406 324 317; 1 294 9 51 132 164 153 235 128 40 237 34 98 213 155 11 89 54 108 212 247 293 180 17; 2 428; 
41.988000000000014 0 11.595999999999934 1 28.055999999999923 2 2.336 0 377 386 390 327 384 405 406 322 324 317; 1 294 9 132 164 153 235 128 40 237 34 98 213 155 11 89 116 108 212 247 293 17 280; 2 486 428; 
43.23600000000001 0 10.499999999999954 1 29.22799999999993 2 3.5079999999999707 0 377 386 327 384 405 406 322 324 317; 1 294 9 132 164 153 235 128 40 237 34 12 213 155 11 89 54 77 212 247 293 17 280 98; 2 486 439 428; 
44.21600000000007 0 11.505999999999949 1 29.23599999999996 2 3.473999999999967 0 377 386 327 384 397 405 406 322 324 317; 1 294 9 132 164 153 235 128 40 237 34 12 213 155 11 89 54 77 247 293 98 17 280 173; 2 486 439 428; 
45.81600000000007 0 11.471999999999946 1 30.86999999999999 2 3.473999999999969 0 377 386 327 384 397 405 406 322 324 317; 1 294 9 132 164 153 235 128 40 237 34 12 213 155 11 89 54 77 247 293 98 17 280 173 201; 2 486 439 428; 
47.27799999999994 0 11.585999999999942 1 32.15999999999998 2 3.5319999999999725 0 377 386 327 384 397 405 406 306 323 317; 1 294 9 13 164 153 235 128 40 237 34 12 220 155 11 89 54 77 247 293 98 17 280 173 201 132; 2 486 439 428; 
48.28200000000001 0 11.557999999999954 1 33.187999999999995 2 3.5359999999999694 0 377 386 327 384 397 405 406 306 323 317; 1 294 9 132 106 153 235 128 40 91 34 12 220 155 11 89 54 77 247 293 98 17 280 173 201 76 100; 2 486 439 428; 
49.4019999999999 0 11.66999999999995 1 34.194000000000045 2 3.53799999999997 0 377 386 327 384 397 405 406 306 323 317; 1 294 9 13 164 153 235 128 40 91 34 12 220 155 36 89 54 77 247 293 98 17 280 173 201 132 100 11; 2 486 439 428; 
