1.386000000000001 0 0.06400000000000004 1 1.322000000000001 2 0.0 0 1 108; 2 
2.5639999999999956 0 1.264000000000001 1 1.300000000000001 2 0.0 0 327; 1 108; 2 
3.94799999999997 0 1.2480000000000009 1 2.669999999999995 2 0.030000000000000006 0 370; 1 252 51; 2 
5.325999999999971 0 1.2360000000000009 1 4.037999999999964 2 0.05200000000000003 0 348; 1 108 11 51; 2 
6.911999999999953 0 1.296000000000001 1 5.547999999999968 2 0.06800000000000005 0 348; 1 108 11 51 9; 2 
7.363999999999967 0 2.3419999999999974 1 3.87999999999997 2 1.1420000000000008 0 327 382; 1 66 51 252; 2 455; 
8.669999999999979 0 2.507999999999996 1 5.055999999999971 2 1.1060000000000008 0 327 382; 1 66 51 108 252; 2 455; 
10.421999999999972 0 3.67199999999997 1 6.695999999999958 2 0.05400000000000003 0 383 327 382; 1 252 108 11 66 34; 2 
11.717999999999954 0 3.6539999999999684 1 8.01399999999998 2 0.05000000000000003 0 383 317 382; 1 252 108 11 66 34 13; 2 
12.711999999999943 0 3.6279999999999686 1 9.045999999999983 2 0.03800000000000002 0 383 317 382; 1 252 108 11 66 34 13 145; 2 
13.983999999999964 0 4.791999999999976 1 9.159999999999988 2 0.03200000000000001 0 383 327 317 348; 1 252 108 11 66 34 145 13; 2 
15.545999999999966 0 4.729999999999979 1 10.777999999999976 2 0.03800000000000002 0 383 327 317 348; 1 252 108 11 66 34 145 13 265; 2 
16.415999999999972 0 4.82199999999997 1 11.583999999999955 2 0.01 0 383 327 317 348; 1 252 108 247 66 34 145 13 265 24; 2 
17.627999999999997 0 4.773999999999977 1 12.769999999999948 2 0.08400000000000006 0 383 327 317 348; 1 252 108 247 66 34 145 132 265 11 280; 2 
18.97399999999998 0 4.759999999999977 1 14.151999999999942 2 0.06200000000000003 0 383 327 317 348; 1 252 108 247 66 34 145 132 265 11 87 280; 2 
20.386000000000013 0 3.8079999999999723 1 16.50599999999997 2 0.07200000000000005 0 383 327 382; 1 252 108 247 66 266 34 145 132 91 87 280 265 11; 2 
21.803999999999988 0 3.7619999999999685 1 17.996 2 0.04600000000000003 0 383 327 382; 1 252 108 230 66 266 34 145 132 91 87 280 265 24 11; 2 
23.18199999999995 0 3.8039999999999696 1 19.291999999999998 2 0.08600000000000006 0 383 327 382; 1 252 108 230 66 266 34 145 132 91 87 280 265 24 11 127; 2 
24.451999999999977 0 4.833999999999977 1 19.512 2 0.10600000000000007 0 383 327 317 382; 1 252 108 230 66 34 145 132 91 87 280 265 24 11 127 189; 2 
25.439999999999937 0 3.717999999999967 1 21.551999999999964 2 0.17000000000000012 0 383 327 317; 1 108 98 11 24 132 252 34 66 230 145 286 280 87 265 189 91 89; 2 
26.975999999999917 0 3.7559999999999736 1 23.091999999999974 2 0.12800000000000009 0 383 327 424; 1 108 98 11 24 132 252 34 66 230 145 286 280 87 265 266 91 89 73; 2 
28.457999999999952 0 3.7359999999999727 1 24.57799999999994 2 0.1440000000000001 0 383 327 424; 1 108 98 11 24 132 252 34 66 230 145 286 280 87 265 266 91 89 73 292; 2 
29.519999999999953 0 3.7899999999999703 1 25.629999999999942 2 0.10000000000000007 0 383 327 424; 1 108 98 11 24 13 252 34 66 230 145 286 280 87 265 266 91 89 73 292 9; 2 
31.24199999999999 0 5.001999999999969 1 26.129999999999928 2 0.11000000000000007 0 383 327 424 406; 1 108 98 11 24 13 252 34 66 230 145 286 280 87 169 266 91 89 73 292 9; 2 
31.955999999999996 0 5.993999999999951 1 25.80399999999994 2 0.1580000000000001 0 383 327 424 324 406; 1 108 98 11 24 252 34 66 230 145 286 280 87 169 266 91 89 189 292 9 132; 2 
33.010000000000005 0 7.237999999999975 1 25.59399999999994 2 0.17800000000000013 0 383 327 424 306 406 324; 1 108 98 11 24 252 34 66 230 145 286 280 87 169 266 91 89 189 292 9 132; 2 
34.10000000000004 0 8.245999999999983 1 25.679999999999946 2 0.17400000000000013 0 383 327 424 306 336 406 324; 1 108 98 11 24 252 34 66 230 145 286 280 87 169 266 91 89 189 292 132 9; 2 
35.728000000000044 0 8.325999999999985 1 27.23799999999992 2 0.16400000000000012 0 336 383 306 324 424 327 406; 1 89 9 132 24 292 252 34 66 230 145 98 280 87 169 266 91 108 189 286 11 75; 2 
36.46000000000006 0 8.291999999999991 1 27.98799999999993 2 0.18000000000000013 0 336 383 306 324 424 327 406; 1 89 9 132 24 292 252 34 66 230 145 98 280 87 169 266 91 108 189 286 11 75 120; 2 
37.72400000000002 0 8.361999999999982 1 28.185999999999932 2 1.1760000000000008 0 383 306 324 424 327 406 336; 1 89 259 132 24 292 252 34 66 230 145 98 280 87 169 266 91 108 189 286 11 75 120; 2 460; 
38.844000000000015 0 8.431999999999988 1 29.20999999999995 2 1.2020000000000008 0 383 306 324 424 327 406 336; 1 89 259 132 24 292 252 34 66 230 145 98 280 87 169 266 91 108 189 286 11 75 120 220; 2 460; 
40.268 0 8.413999999999984 1 30.653999999999964 2 1.2000000000000008 0 383 306 324 424 327 406 336; 1 89 259 132 24 292 252 34 66 230 145 98 280 87 169 266 91 108 189 286 11 75 220 120 9; 2 460; 
41.16799999999997 0 8.275999999999984 1 31.689999999999998 2 1.2020000000000008 0 383 306 324 424 327 406 336; 1 89 259 132 24 292 252 34 66 230 145 98 280 87 169 266 91 108 189 286 11 75 220 120 9 163; 2 460; 
42.34400000000002 0 9.347999999999978 1 31.76999999999998 2 1.2260000000000009 0 383 306 324 424 327 406 336 345; 1 89 259 132 24 292 252 34 66 230 145 98 280 87 169 266 91 108 189 286 11 75 220 120 9 163; 2 460; 
43.533999999999985 0 10.309999999999958 1 31.945999999999984 2 1.278000000000001 0 383 306 377 424 327 406 336 345 324; 1 89 259 132 24 292 252 34 66 230 145 98 280 87 169 266 91 108 189 286 11 75 220 120 9 163; 2 460; 
45.086000000000034 0 10.323999999999963 1 33.43800000000003 2 1.324000000000001 0 383 306 377 424 327 406 336 345 324; 1 89 259 132 24 292 252 34 66 230 145 98 280 87 169 266 91 108 189 286 11 75 220 120 9 163 248; 2 469; 
46.09599999999999 0 11.455999999999946 1 33.329999999999984 2 1.310000000000001 0 383 306 370 377 424 327 406 336 345 324; 1 89 259 132 24 292 252 34 66 230 145 98 280 87 169 91 108 189 286 11 75 220 120 9 248 163 266; 2 469; 
46.89599999999998 0 11.421999999999949 1 32.11399999999999 2 3.3599999999999697 0 383 306 370 377 424 327 406 336 345 324; 1 89 259 132 24 292 252 34 66 230 145 98 280 87 169 91 108 189 286 194 220 120 9 248 266 176; 2 460 477 440; 
48.39999999999996 0 10.399999999999958 1 34.682000000000045 2 3.3179999999999685 0 383 370 377 424 327 406 336 345 324; 1 89 259 132 24 292 13 252 34 66 230 145 98 70 87 169 91 108 189 286 194 220 120 9 248 266 176 180; 2 460 477 440; 
49.8479999999999 0 10.555999999999962 1 35.93200000000002 2 3.3599999999999692 0 383 370 377 424 327 406 336 345 324; 1 89 259 132 24 292 13 252 34 66 230 145 98 70 87 169 91 108 189 286 194 220 6 9 248 266 180 176 203; 2 460 477 440; 
