1.2180000000000009 0 0.03800000000000001 1 1.1780000000000008 2 0.002 0 1 247; 2 
2.717999999999995 0 0.032000000000000015 1 2.6819999999999946 2 0.004 0 1 247 209; 2 
3.8579999999999717 0 1.300000000000001 1 2.525999999999996 2 0.03200000000000001 0 370; 1 108 51; 2 
5.067999999999975 0 1.294000000000001 1 2.625999999999994 2 1.1480000000000008 0 370; 1 108 51; 2 477; 
6.791999999999955 0 1.300000000000001 1 5.43399999999997 2 0.058000000000000024 0 370; 1 108 11 51 166; 2 
7.76599999999997 0 2.5039999999999942 1 4.1339999999999755 2 1.1280000000000008 0 327 370; 1 108 51 248; 2 477; 
9.06999999999997 0 2.557999999999994 1 6.487999999999953 2 0.024000000000000007 0 327 370; 1 247 108 51 248 166; 2 
10.879999999999969 0 2.543999999999996 1 8.245999999999967 2 0.09000000000000005 0 327 370; 1 268 108 51 248 166 11; 2 
12.007999999999958 0 3.783999999999971 1 8.163999999999973 2 0.06000000000000004 0 327 370 386; 1 268 108 248 166 11 34; 2 
13.29599999999995 0 4.903999999999973 1 8.331999999999969 2 0.06000000000000004 0 327 382 386 370; 1 268 108 248 166 11 34; 2 
14.447999999999967 0 4.823999999999978 1 9.585999999999983 2 0.038000000000000006 0 327 382 386 370; 1 247 108 248 166 11 34 209; 2 
15.823999999999979 0 4.865999999999974 1 10.909999999999977 2 0.04800000000000003 0 327 382 386 370; 1 247 108 248 11 209 166 34 13; 2 
17.48599999999998 0 4.865999999999972 1 12.573999999999943 2 0.04600000000000002 0 327 382 386 370; 1 247 108 248 11 209 166 34 13 265; 2 
18.499999999999968 0 3.71399999999997 1 14.715999999999966 2 0.07000000000000005 0 327 386 348; 1 247 108 286 248 11 266 209 166 34 13 265; 2 
19.611999999999995 0 3.6839999999999717 1 15.811999999999964 2 0.11600000000000008 0 327 386 348; 1 247 113 286 248 11 266 209 166 34 13 265 252; 2 
21.37799999999999 0 4.883999999999974 1 16.38599999999997 2 0.10800000000000007 0 327 382 386 370; 1 247 113 248 11 266 209 166 34 13 265 252 164; 2 
22.299999999999965 0 4.791999999999976 1 17.431999999999995 2 0.07600000000000004 0 327 386 317 348; 1 248 34 209 11 13 164 265 91 266 247 166 252 113; 2 
23.545999999999978 0 5.90599999999995 1 17.579999999999988 2 0.06000000000000004 0 327 303 386 317 348; 1 248 34 11 13 158 265 91 266 247 166 252 113 116; 2 
24.86599999999996 0 6.003999999999948 1 18.785999999999987 2 0.07600000000000004 0 327 303 386 370 382; 1 248 34 11 13 158 265 91 266 247 166 73 113 116 252; 2 
25.999999999999915 0 7.09999999999997 1 18.80999999999997 2 0.09000000000000005 0 327 303 386 370 382 376; 1 248 34 11 13 158 265 91 266 247 166 73 113 252 116; 2 
27.431999999999938 0 7.119999999999961 1 19.142 2 1.1700000000000008 0 327 303 386 370 382 376; 1 248 34 11 13 158 265 91 266 247 166 73 113 252 116; 2 435; 
28.653999999999947 0 9.253999999999966 1 19.249999999999993 2 0.1500000000000001 0 327 303 386 324 317 382 376 306; 1 248 34 11 182 265 91 266 247 9 73 113 252 116 132; 2 
29.675999999999977 0 9.249999999999975 1 20.307999999999993 2 0.11800000000000008 0 327 303 386 324 416 317 382 376; 1 248 34 11 182 265 91 247 9 73 113 252 116 180 132 266; 2 
30.723999999999958 0 9.05799999999997 1 20.435999999999968 2 1.2300000000000009 0 327 303 386 324 416 317 382 376; 1 248 34 11 182 265 91 247 9 73 180 252 132 266 116 298; 2 428; 
32.30400000000001 0 9.165999999999972 1 21.881999999999945 2 1.256000000000001 0 327 303 386 324 416 317 382 376; 1 248 34 11 182 265 91 247 9 73 180 252 132 266 116 298 292; 2 428; 
33.440000000000026 0 10.287999999999967 1 21.845999999999975 2 1.306000000000001 0 327 303 386 324 416 317 382 376 378; 1 248 34 11 182 265 91 247 9 189 180 252 132 266 116 298 292; 2 428; 
34.598 0 10.297999999999957 1 22.971999999999976 2 1.328000000000001 0 327 303 385 324 416 317 382 376 378; 1 248 34 11 182 265 91 247 9 189 180 252 132 266 116 298 292 26; 2 428; 
35.69600000000004 0 10.229999999999963 1 24.153999999999964 2 1.312000000000001 0 327 303 385 324 416 317 382 376 378; 1 248 34 11 182 265 91 247 9 189 252 266 292 26 180 116 132 298 143; 2 428; 
36.63600000000005 0 11.315999999999947 1 24.04599999999996 2 1.274000000000001 0 327 303 385 324 416 317 382 376 384 306; 1 248 34 11 182 265 91 247 9 189 235 266 292 26 116 132 298 143 280; 2 428; 
38.00800000000005 0 11.305999999999946 1 25.39599999999991 2 1.306000000000001 0 385 324 306 416 317 376 384 303 327 382; 1 266 189 235 298 132 182 91 247 280 34 143 248 26 292 9 265 116 11 146; 2 428; 
39.18200000000001 0 12.443999999999944 1 25.441999999999954 2 1.296000000000001 0 385 324 306 416 317 387 376 384 303 327 382; 1 266 189 235 190 132 26 91 247 280 34 143 248 292 9 265 116 11 146 298; 2 428; 
40.184000000000054 0 12.437999999999949 1 26.39999999999993 2 1.346000000000001 0 385 324 306 416 317 387 376 384 303 327 382; 1 266 189 235 190 132 26 91 247 280 34 143 248 292 9 265 116 11 146 298 163; 2 428; 
41.61200000000001 0 12.313999999999952 1 27.98999999999995 2 1.308000000000001 0 385 324 306 416 317 387 376 384 303 327 382; 1 266 189 235 190 132 26 91 247 239 34 143 248 292 9 265 116 11 146 163 298 180; 2 428; 
42.87400000000005 0 12.36799999999995 1 29.209999999999965 2 1.296000000000001 0 385 324 306 416 317 387 376 384 303 327 382; 1 266 189 235 190 132 26 91 247 239 34 143 248 292 76 265 116 11 146 163 298 180 9; 2 428; 
44.07600000000002 0 12.375999999999966 1 30.355999999999973 2 1.344000000000001 0 385 324 306 416 317 387 376 384 303 327 382; 1 266 189 235 190 132 26 91 247 239 34 143 248 108 292 76 265 116 11 146 163 298 180 9; 2 428; 
45.22800000000002 0 12.519999999999943 1 31.390000000000004 2 1.318000000000001 0 385 324 306 416 317 376 384 343 327 382 413; 1 266 189 235 190 132 164 91 247 239 34 143 248 108 26 292 166 265 11 211 146 163 298 180 54; 2 428; 
46.46800000000001 0 12.595999999999954 1 32.52999999999999 2 1.342000000000001 0 385 324 306 416 317 376 384 343 327 382 413; 1 266 189 235 190 132 164 91 247 239 34 143 248 108 26 292 166 265 11 211 146 163 298 180 54 109; 2 428; 
47.67800000000005 0 12.455999999999928 1 32.80399999999999 2 2.417999999999995 0 385 324 306 377 416 376 378 343 327 382 413; 1 266 189 235 190 132 164 247 239 91 34 143 248 108 26 292 166 265 211 146 163 298 180 54 109 270; 2 477 428; 
48.91799999999999 0 11.507999999999951 1 34.96000000000003 2 2.449999999999996 0 385 324 306 377 416 376 378 343 327 382; 1 266 189 235 190 132 164 247 239 91 34 143 248 108 26 292 76 265 211 146 163 298 180 9 54 109 270 82; 2 477 428; 
50.345999999999904 0 11.527999999999947 1 36.400000000000034 2 2.4179999999999966 0 385 324 306 377 416 376 378 343 327 382; 1 266 189 235 190 132 164 247 239 91 34 143 248 108 26 292 76 265 211 146 163 298 180 9 54 109 270 82 103; 2 477 428; 
