1.5640000000000012 0 0.0 1 1.5640000000000012 2 0.0 0 1 265; 2 
3.0199999999999902 0 0.006 1 3.0119999999999902 2 0.002 0 1 265 183; 2 
4.489999999999975 0 0.006 1 4.483999999999974 2 0.0 0 1 265 183 55; 2 
5.857999999999961 0 0.002 1 5.855999999999961 2 0.0 0 1 265 183 55 291; 2 
7.149999999999958 0 0.002 1 7.145999999999958 2 0.002 0 1 291 55 265 183 158; 2 
8.44799999999998 0 0.008 1 8.43799999999998 2 0.002 0 1 291 55 265 183 158 159; 2 
9.737999999999976 0 0.004 1 9.727999999999973 2 0.006 0 1 291 55 265 183 158 159 118; 2 
11.027999999999963 0 0.004 1 11.019999999999964 2 0.004 0 1 291 55 265 183 158 159 118 292; 2 
12.249999999999947 0 0.008 1 12.237999999999948 2 0.004 0 1 291 55 265 183 158 118 292 159 201; 2 
14.033999999999951 0 0.016 1 14.015999999999956 2 0.002 0 1 291 55 265 183 158 118 292 159 201 209; 2 
15.201999999999952 0 0.008 1 15.18799999999995 2 0.006 0 1 55 292 209 159 201 291 183 265 118 158 167; 2 
16.657999999999987 0 0.014 1 16.639999999999986 2 0.004 0 1 55 292 209 159 201 291 183 265 118 158 167 78; 2 
18.08400000000001 0 0.004 1 18.06800000000001 2 0.012 0 1 55 292 209 159 201 291 183 265 118 158 167 78 271; 2 
19.041999999999987 0 0.016 1 19.021999999999984 2 0.004 0 1 55 292 209 159 201 291 183 265 118 158 167 78 271 134; 2 
20.39600000000001 0 0.020000000000000004 1 20.372000000000014 2 0.004 0 1 55 292 209 159 201 291 183 265 118 158 167 78 271 134 178; 2 
21.587999999999983 0 0.030000000000000006 1 21.555999999999987 2 0.002 0 1 55 292 209 159 201 291 183 265 118 158 167 78 271 134 178 7; 2 
23.287999999999936 0 0.016 1 23.25799999999993 2 0.014 0 1 55 292 209 159 201 291 183 265 118 158 167 78 271 134 7 178 177; 2 
24.475999999999953 0 0.024 1 24.44399999999995 2 0.008 0 1 55 292 209 159 201 291 183 265 118 158 167 78 271 134 7 178 177 28; 2 
25.61999999999995 0 0.016 1 25.601999999999958 2 0.002 0 1 55 292 209 159 201 291 183 265 118 158 167 78 271 134 7 178 177 28 41; 2 
27.055999999999944 0 0.024000000000000007 1 27.023999999999944 2 0.008 0 1 55 292 209 159 201 291 183 265 118 158 167 78 271 134 7 178 177 28 41 260; 2 
28.26799999999993 0 0.024000000000000007 1 28.227999999999927 2 0.016 0 1 55 292 209 159 201 291 183 265 118 158 167 271 178 28 260 78 177 41 134 7 94; 2 
29.49999999999994 0 0.028000000000000004 1 29.46799999999994 2 0.004 0 1 55 292 209 159 201 291 183 265 118 158 167 271 178 28 260 78 177 41 134 7 94 40; 2 
30.897999999999943 0 0.03400000000000001 1 30.861999999999945 2 0.002 0 1 55 292 209 159 201 291 183 265 118 158 167 271 178 28 260 78 177 41 134 7 94 40 63; 2 
32.058 0 0.03600000000000002 1 32.01200000000001 2 0.01 0 1 55 292 209 159 201 291 183 265 118 158 167 271 178 28 260 78 177 41 134 7 94 40 63 251; 2 
33.477999999999994 0 0.024000000000000007 1 33.441999999999986 2 0.012 0 1 55 292 209 159 201 291 183 265 118 158 167 271 178 28 260 78 177 41 134 7 94 40 63 251 269; 2 
34.89000000000002 0 0.018000000000000002 1 34.86600000000003 2 0.006 0 1 55 292 209 159 201 291 183 265 118 158 167 271 178 28 260 78 177 41 134 7 94 40 63 251 269 81; 2 
36.07800000000005 0 0.038000000000000006 1 36.030000000000044 2 0.01 0 1 55 292 209 159 201 291 183 265 118 158 167 271 178 28 260 78 177 41 134 7 94 40 63 251 269 81 73; 2 
37.25600000000003 0 0.03600000000000002 1 36.094000000000044 2 1.1260000000000008 0 1 55 292 209 159 201 291 183 265 118 158 167 271 178 28 260 78 177 41 134 7 94 40 63 251 269 81 73; 2 445; 
38.52600000000002 0 0.028000000000000004 1 37.39600000000007 2 1.1020000000000008 0 1 55 292 209 159 201 291 183 265 118 158 167 178 81 73 269 78 177 251 94 271 7 134 41 40 260 28 63 259; 2 445; 
39.762000000000036 0 0.048000000000000015 1 37.49200000000003 2 2.2219999999999995 0 1 55 292 209 159 201 291 183 265 118 158 178 81 73 269 78 177 251 94 271 7 134 41 40 260 28 63 259 207; 2 483 445; 
40.80000000000006 0 0.03800000000000002 1 38.529999999999994 2 2.2319999999999993 0 1 55 292 209 159 201 291 183 265 118 158 178 81 73 269 78 177 251 94 271 7 134 41 40 260 28 63 259 207 117; 2 465 445; 
42.21400000000005 0 1.2360000000000009 1 38.728000000000044 2 2.25 0 370; 1 55 292 209 159 201 291 183 265 118 158 178 81 73 269 78 177 94 271 7 134 41 40 260 28 63 259 207 117 220; 2 465 445; 
43.02200000000005 0 1.2300000000000009 1 39.562000000000026 2 2.23 0 370; 1 55 292 209 159 201 291 183 265 118 158 178 81 73 269 78 177 94 271 7 134 41 40 260 28 63 259 207 117 220 166; 2 465 445; 
44.15800000000001 0 2.4179999999999966 1 38.35600000000004 2 3.383999999999969 0 370 362; 1 55 292 209 159 201 291 183 265 118 158 178 81 73 269 78 177 94 271 7 134 41 40 260 28 63 259 207 220 166; 2 465 445 471; 
45.78599999999997 0 2.4879999999999947 1 39.90600000000003 2 3.3919999999999666 0 370 362; 1 55 292 209 159 201 291 183 265 118 158 178 81 73 269 78 177 94 271 7 134 41 40 260 28 63 259 207 220 166 65; 2 465 445 471; 
47.23799999999996 0 2.415999999999997 1 41.424000000000035 2 3.3979999999999677 0 370 362; 1 55 292 209 159 201 291 183 265 118 158 178 81 73 269 78 177 94 271 7 134 41 40 260 28 63 259 207 220 166 65 69; 2 465 445 471; 
48.2019999999999 0 3.4959999999999654 1 41.33600000000004 2 3.369999999999968 0 370 314 362; 1 55 292 209 159 201 291 183 265 118 158 178 81 73 269 78 177 94 271 7 134 41 40 28 63 259 207 220 166 65 69 204; 2 465 445 471; 
49.499999999999865 0 3.6039999999999672 1 42.51000000000001 2 3.385999999999969 0 370 314 362; 1 55 292 209 159 201 291 183 265 118 158 178 81 73 269 78 177 94 271 7 134 41 40 28 63 259 207 220 69 65 166 204 270; 2 465 445 471; 
50.801999999999936 0 3.61199999999997 1 43.792000000000016 2 3.3979999999999695 0 370 314 362; 1 55 292 209 159 201 291 183 265 118 158 178 81 73 269 78 177 94 271 7 134 41 40 28 63 259 207 220 69 65 166 204 203 23; 2 465 445 471; 
51.585999999999885 0 3.5459999999999705 1 45.76600000000002 2 2.2739999999999996 0 370 314 362; 1 55 292 209 159 201 291 183 265 118 158 167 178 81 73 269 78 177 94 271 7 134 41 40 28 63 259 207 220 69 65 166 204 203 23 56; 2 445 471; 
