1.5220000000000011 0 0.006 1 1.5160000000000011 2 0.0 0 ; 1 265; 2 ;
2.9459999999999877 0 0.0 1 2.9459999999999877 2 0.0 0 ; 1 265 69; 2 ;
4.483999999999975 0 0.002 1 4.479999999999976 2 0.002 0 ; 1 265 69 248; 2 ;
5.843999999999967 0 0.0 1 5.843999999999967 2 0.0 0 ; 1 69 265 248 158; 2 ;
7.061999999999955 0 0.006 1 7.055999999999955 2 0.0 0 ; 1 248 265 69 158 75; 2 ;
8.403999999999968 0 0.004 1 8.399999999999968 2 0.0 0 ; 1 248 265 69 158 75 115; 2 ;
9.583999999999975 0 0.002 1 9.581999999999974 2 0.0 0 ; 1 248 265 69 158 75 115 119; 2 ;
10.91999999999997 0 0.0 1 10.91999999999997 2 0.0 0 ; 1 248 265 69 158 75 115 119 3; 2 ;
12.281999999999956 0 0.006 1 12.275999999999955 2 0.0 0 ; 1 248 265 69 158 75 115 119 3 55; 2 ;
13.545999999999935 0 0.006 1 13.537999999999935 2 0.002 0 ; 1 248 265 69 158 75 115 119 55 3 207; 2 ;
14.847999999999958 0 0.054000000000000034 1 14.79399999999996 2 0.0 0 ; 1 248 265 69 158 75 115 119 55 3 207 13; 2 ;
16.193999999999978 0 0.09200000000000005 1 16.099999999999977 2 0.002 0 ; 1 248 265 69 158 75 115 119 55 3 207 13 288; 2 ;
17.451999999999995 0 0.07200000000000005 1 17.371999999999993 2 0.008 0 ; 1 248 265 69 158 75 115 119 55 3 207 13 288 120; 2 ;
18.58999999999997 0 0.1320000000000001 1 18.417999999999964 2 0.04000000000000002 0 ; 1 13 158 69 3 248 207 265 55 119 120 115 288 75 268; 2 ;
20.046000000000006 0 0.1580000000000001 1 19.829999999999984 2 0.05800000000000003 0 ; 1 13 158 69 3 248 207 265 55 119 120 115 288 75 268 108; 2 ;
20.989999999999974 0 1.2160000000000009 1 19.699999999999996 2 0.07400000000000004 0 322; 1 158 69 3 248 207 265 55 119 78 115 288 75 268 108 132; 2 ;
22.30399999999997 0 1.1980000000000008 1 21.039999999999974 2 0.06600000000000003 0 322; 1 158 69 3 248 207 265 55 119 78 115 288 75 268 108 120 298; 2 ;
23.63399999999996 0 1.1480000000000008 1 22.403999999999968 2 0.08200000000000006 0 322; 1 158 69 3 248 207 265 55 119 78 115 288 75 268 292 120 298 212; 2 ;
25.11199999999996 0 1.1220000000000008 1 23.93199999999997 2 0.05800000000000004 0 322; 1 158 69 3 248 207 265 55 119 78 115 288 75 268 292 120 298 212 209; 2 ;
26.925999999999974 0 0.08600000000000006 1 26.73999999999997 2 0.10000000000000006 0 ; 1 183 158 69 3 248 207 265 55 119 78 115 288 75 268 298 212 120 209 292 133; 2 ;
28.323999999999934 0 1.296000000000001 1 26.939999999999937 2 0.08800000000000005 0 347; 1 183 158 69 3 248 207 265 55 119 78 115 75 268 298 212 132 209 292 133 94; 2 ;
29.42999999999994 0 1.286000000000001 1 28.017999999999933 2 0.12600000000000008 0 347; 1 183 158 69 3 248 207 265 55 119 78 115 75 268 298 212 132 209 292 133 94 153; 2 ;
30.903999999999964 0 2.3999999999999972 1 28.38999999999996 2 0.11400000000000009 0 347 315; 1 183 158 69 3 248 207 265 55 119 78 115 75 268 133 209 132 212 94 298 292 153; 2 ;
31.629999999999974 0 2.3899999999999975 1 29.093999999999937 2 0.1460000000000001 0 347 315; 1 183 158 69 3 248 207 265 55 119 78 115 75 268 133 209 132 212 94 298 292 153 291; 2 ;
33.10200000000004 0 2.4439999999999973 1 30.50799999999995 2 0.1500000000000001 0 347 315; 1 183 158 69 3 248 207 265 55 119 78 115 9 268 133 209 132 212 94 298 292 153 291 154; 2 ;
34.24200000000004 0 0.2920000000000002 1 33.78200000000002 2 0.16800000000000012 0 ; 1 183 158 69 30 248 207 265 55 119 78 115 288 9 268 133 209 132 212 94 298 292 153 13 291 154 34; 2 ;
35.63800000000006 0 0.33800000000000024 1 35.12200000000007 2 0.17800000000000013 0 ; 1 183 158 69 30 248 207 265 55 119 78 115 288 9 268 154 298 132 212 103 13 292 34 133 153 291 209 270; 2 ;
37.17000000000005 0 0.36200000000000027 1 36.70600000000005 2 0.10200000000000008 0 ; 1 183 158 69 30 248 207 265 55 119 78 115 288 9 268 154 298 132 212 103 13 292 34 133 165 291 209 270 269; 2 ;
38.38400000000002 0 0.3100000000000002 1 37.94600000000006 2 0.12800000000000009 0 ; 1 183 158 69 30 248 207 265 55 119 78 115 288 9 268 154 298 132 212 103 13 292 34 133 165 291 209 270 269 140; 2 ;
38.94999999999999 0 1.5480000000000012 1 37.302000000000056 2 0.10000000000000007 0 401; 1 183 158 69 30 248 207 265 55 119 78 115 288 9 268 154 298 132 212 103 13 292 34 133 165 291 12 270 140 269; 2 ;
40.470000000000034 0 1.5420000000000011 1 38.82400000000002 2 0.10400000000000008 0 401; 1 183 158 69 30 248 207 265 55 119 78 115 288 9 268 154 298 132 212 103 13 292 34 133 165 291 12 270 140 269 225; 2 ;
41.86600000000002 0 1.6280000000000012 1 40.13000000000004 2 0.10800000000000007 0 401; 1 183 158 69 30 248 207 265 55 119 78 115 288 9 268 298 133 132 140 103 13 292 34 225 165 291 12 154 269 212 270 159; 2 ;
42.76199999999999 0 2.6099999999999923 1 40.06000000000003 2 0.09200000000000007 0 322 401; 1 183 158 69 30 248 207 265 55 119 78 115 288 9 268 298 133 132 140 103 292 34 225 165 291 12 154 269 212 270 159 181; 2 ;
43.990000000000016 0 2.613999999999993 1 41.21600000000002 2 0.1600000000000001 0 322 401; 1 183 158 69 30 248 207 265 286 119 78 115 288 9 268 298 133 132 140 103 292 34 225 165 291 12 154 269 212 270 159 181 178; 2 ;
45.11800000000002 0 4.823999999999977 1 40.156000000000006 2 0.1380000000000001 0 376 322 401 315; 1 180 158 69 30 248 207 286 119 78 115 288 9 268 298 133 132 140 103 292 34 225 165 291 12 154 269 212 270 159 178 181; 2 ;
46.29 0 3.7419999999999725 1 42.428000000000004 2 0.12000000000000009 0 322 401 315; 1 180 158 69 30 248 207 265 55 119 78 115 288 9 118 298 133 132 140 103 292 34 225 165 291 12 154 269 212 270 159 178 181 268; 2 ;
47.39799999999997 0 5.889999999999949 1 40.290000000000035 2 1.2180000000000009 0 345 322 401 337 315; 1 180 158 69 248 207 265 55 119 78 115 288 9 118 298 133 132 140 103 108 34 225 165 291 12 154 269 212 270 159 268 91; 2 465;
48.52599999999994 0 7.013999999999974 1 40.27400000000002 2 1.2380000000000009 0 345 384 322 401 337 315; 1 180 158 69 248 207 265 55 119 78 115 288 9 118 298 133 132 140 108 34 225 165 291 12 154 269 212 270 217 268 91 247; 2 465;
49.771999999999935 0 7.085999999999972 1 41.42800000000002 2 1.258000000000001 0 384 322 401 337 315 345; 1 180 158 69 3 248 207 265 55 119 78 115 288 9 118 298 133 132 140 108 34 225 165 291 12 154 269 212 270 217 247 91 268; 2 465;
50.967999999999904 0 5.9459999999999535 1 43.76599999999999 2 1.256000000000001 0 322 401 337 315 345; 1 180 158 69 3 248 207 265 55 119 78 115 288 9 118 298 133 132 140 103 292 34 225 165 291 12 154 269 212 270 159 223 91 268 108; 2 465;
