1.0880000000000007 0 1.0880000000000007 1 0.0 2 0.0 0 424; 1 2 
2.671999999999994 0 1.0960000000000008 1 1.5760000000000012 2 0.0 0 424; 1 248; 2 
3.779999999999971 0 1.1400000000000008 1 2.6379999999999937 2 0.002 0 424; 1 248 247; 2 
5.249999999999971 0 1.1180000000000008 1 4.129999999999976 2 0.002 0 424; 1 248 247 158; 2 
6.301999999999954 0 3.3919999999999697 1 2.899999999999989 2 0.01 0 424 383 327; 1 248 252; 2 
7.881999999999977 0 3.401999999999966 1 4.4799999999999764 2 0.0 0 383 424 327; 1 248 158 252; 2 
9.031999999999984 0 4.525999999999984 1 4.503999999999971 2 0.002 0 383 424 327 303; 1 248 158 252; 2 
10.247999999999974 0 3.3699999999999664 1 5.767999999999969 2 1.1100000000000008 0 383 424 303; 1 248 158 252 108; 2 435; 
11.44199999999995 0 3.3699999999999677 1 7.003999999999953 2 1.0680000000000007 0 383 424 303; 1 248 158 252 108 73; 2 435; 
12.619999999999933 0 4.491999999999985 1 7.005999999999959 2 1.1220000000000008 0 383 424 303 357; 1 248 158 252 108 73; 2 435; 
13.895999999999948 0 4.617999999999979 1 8.143999999999973 2 1.1340000000000008 0 303 357 383 424; 1 73 108 248 158 132 252; 2 477; 
15.353999999999973 0 4.57799999999998 1 9.63599999999997 2 1.1400000000000008 0 303 383 327 317; 1 150 73 108 248 158 132 252; 2 477; 
16.753999999999984 0 4.61399999999998 1 11.03999999999996 2 1.1000000000000008 0 303 383 327 317; 1 150 73 108 248 158 132 252 212; 2 477; 
17.80199999999997 0 5.837999999999948 1 10.809999999999967 2 1.1540000000000008 0 303 357 383 327 317; 1 73 108 248 158 128 252 212 132; 2 477; 
18.616 0 5.705999999999951 1 11.78999999999996 2 1.1200000000000008 0 303 357 383 327 317; 1 73 108 248 158 128 252 212 132 143; 2 477; 
20.38999999999997 0 5.797999999999948 1 13.469999999999956 2 1.1220000000000008 0 303 357 383 327 317; 1 73 108 248 158 128 252 212 132 143 34; 2 477; 
22.219999999999988 0 5.869999999999946 1 16.239999999999977 2 0.11000000000000007 0 303 357 383 327 317; 1 73 108 248 158 128 252 153 132 11 3 34 69; 2 
22.937999999999985 0 6.81199999999996 1 16.019999999999964 2 0.10600000000000007 0 303 357 383 327 317 315; 1 73 108 248 158 128 252 153 69 11 3 34 106; 2 
24.441999999999968 0 6.931999999999959 1 17.369999999999987 2 0.1400000000000001 0 303 357 383 327 317 324; 1 73 108 248 158 128 252 153 69 11 3 34 106 132; 2 
25.115999999999932 0 6.899999999999964 1 15.933999999999964 2 2.281999999999999 0 324 383 303 327 317 357; 1 180 252 298 223 143 34 128 106 158 248 108 73; 2 445 435; 
26.491999999999898 0 6.979999999999962 1 17.263999999999978 2 2.247999999999999 0 324 383 303 327 317 357; 1 180 252 298 223 143 34 128 106 158 248 108 73 292; 2 445 435; 
28.477999999999945 0 6.999999999999971 1 21.289999999999985 2 0.18800000000000014 0 324 383 303 327 317 357; 1 180 252 298 223 143 34 128 153 106 158 248 108 189 11 292 132; 2 
29.699999999999925 0 7.966000000000003 1 21.54999999999999 2 0.18400000000000014 0 324 383 303 327 317 343 357; 1 180 252 298 223 143 34 128 153 106 158 248 108 189 11 292 132; 2 
30.57799999999992 0 7.986 1 22.355999999999952 2 0.23600000000000018 0 324 383 303 327 317 343 357; 1 180 252 298 223 143 34 128 153 106 158 248 108 189 11 132 292 234; 2 
32.106 0 8.041999999999993 1 23.851999999999947 2 0.21200000000000016 0 324 383 303 327 317 343 357; 1 180 252 298 223 143 34 128 153 106 158 248 108 189 11 132 292 234 9; 2 
33.785999999999994 0 7.10999999999997 1 26.46199999999993 2 0.21400000000000016 0 324 383 303 327 343 357; 1 180 252 298 223 143 34 128 153 106 158 248 91 108 189 11 132 292 234 9 266; 2 
34.712000000000046 0 8.261999999999983 1 25.19599999999994 2 1.254000000000001 0 324 383 303 327 343 357 322; 1 280 252 298 223 143 34 128 153 106 158 248 91 108 189 11 173 292 266 9; 2 435; 
35.27200000000004 0 7.075999999999969 1 26.90599999999992 2 1.290000000000001 0 324 383 327 343 357 322; 1 280 252 298 223 143 34 128 153 211 106 158 248 91 108 189 11 173 292 266 9 83; 2 435; 
36.66200000000004 0 7.10799999999997 1 28.28399999999994 2 1.270000000000001 0 324 383 327 343 357 322; 1 280 252 298 223 143 34 128 153 211 106 135 248 91 108 189 11 9 292 83 173 266 103; 2 435; 
38.198000000000064 0 8.369999999999983 1 28.541999999999938 2 1.286000000000001 0 324 383 424 327 343 310 322; 1 280 252 298 223 31 34 153 211 106 135 248 91 108 189 11 9 292 83 173 266 103 128; 2 435; 
39.17800000000004 0 7.269999999999969 1 30.58199999999998 2 1.326000000000001 0 324 424 327 343 310 322; 1 280 252 298 51 223 31 34 153 211 106 135 248 91 108 189 11 9 292 83 173 266 103 128 244; 2 435; 
40.452000000000005 0 8.17799999999999 1 30.993999999999996 2 1.280000000000001 0 324 385 424 327 343 310 322; 1 280 252 298 51 223 34 153 12 106 135 248 91 108 189 11 9 292 83 173 266 103 128 244 293; 2 435; 
41.73800000000004 0 7.209999999999972 1 33.27800000000004 2 1.2500000000000009 0 324 424 327 343 310 322; 1 280 252 298 51 223 31 34 153 12 106 135 248 91 108 189 11 9 292 83 173 266 103 128 244 119 193; 2 435; 
43.09800000000006 0 9.351999999999975 1 32.416 2 1.330000000000001 0 324 424 327 343 310 322 384 383; 1 280 235 98 36 223 258 34 153 12 106 135 248 91 108 189 11 9 292 83 173 266 128 190 119 54; 2 435; 
43.70400000000003 0 9.331999999999974 1 33.06199999999999 2 1.310000000000001 0 324 424 327 343 310 322 384 383; 1 280 235 98 247 223 258 34 153 12 106 135 248 91 108 189 36 9 292 83 173 266 128 190 119 54 11; 2 435; 
45.37400000000003 0 9.373999999999983 1 34.64200000000007 2 1.358000000000001 0 324 424 327 343 310 322 384 383; 1 280 235 98 247 223 258 34 153 12 106 135 248 91 108 189 36 9 292 83 173 266 128 190 293 244 54 11; 2 435; 
46.41399999999998 0 9.393999999999972 1 35.67800000000001 2 1.342000000000001 0 324 424 327 343 310 322 384 383; 1 280 235 98 247 223 258 34 153 12 106 135 248 91 108 189 36 9 292 83 173 266 128 190 293 244 54 11 28; 2 435; 
48.06199999999996 0 9.525999999999975 1 37.180000000000014 2 1.356000000000001 0 324 424 327 343 310 322 384 383; 1 173 235 98 247 223 258 34 153 12 106 135 248 91 108 189 36 9 292 83 266 183 54 28 190 128 11 244 293 280; 2 435; 
48.749999999999936 0 9.413999999999978 1 38.012000000000015 2 1.324000000000001 0 324 424 327 343 310 322 384 383; 1 173 235 98 247 223 258 34 153 12 106 135 248 91 108 189 36 9 292 83 266 183 54 28 190 128 11 244 293 280 76; 2 435; 
50.491999999999955 0 8.449999999999978 1 40.732000000000006 2 1.310000000000001 0 324 424 327 343 310 322 383; 1 173 235 98 247 223 258 34 153 12 106 135 248 91 108 189 36 9 292 83 266 183 103 54 28 190 128 11 244 293 280 76 86; 2 435; 
