1.5240000000000011 0 0.0 1 1.5240000000000011 2 0.0 0 1 265; 2 
3.01199999999999 0 0.0 1 3.01199999999999 2 0.0 0 1 265 158; 2 
4.333999999999977 0 0.002 1 4.331999999999978 2 0.0 0 1 265 158 78; 2 
5.957999999999966 0 0.004 1 5.953999999999966 2 0.0 0 1 265 158 78 29; 2 
7.257999999999954 0 0.004 1 7.251999999999954 2 0.002 0 1 158 29 265 78 271; 2 
8.521999999999975 0 0.006 1 8.513999999999976 2 0.002 0 1 158 29 265 78 271 183; 2 
9.929999999999975 0 0.014 1 9.915999999999974 2 0.0 0 1 158 29 265 78 271 183 292; 2 
11.169999999999982 0 0.022000000000000006 1 11.145999999999981 2 0.002 0 1 271 78 292 183 158 265 29 291; 2 
12.36799999999996 0 0.014 1 12.353999999999958 2 0.0 0 1 271 78 292 183 158 265 29 291 55; 2 
14.181999999999949 0 0.03200000000000001 1 14.145999999999948 2 0.004 0 1 271 78 292 183 158 265 29 291 55 209; 2 
15.531999999999965 0 0.02600000000000001 1 15.501999999999963 2 0.004 0 1 271 78 292 183 158 265 29 291 55 209 134; 2 
16.68799999999998 0 0.02600000000000001 1 16.66199999999998 2 0.0 0 1 271 78 292 183 158 265 29 291 55 209 134 290; 2 
18.011999999999986 0 0.036000000000000004 1 17.96999999999998 2 0.006 0 1 209 265 292 290 158 291 29 55 271 183 134 78 201; 2 
19.48799999999999 0 0.024000000000000007 1 19.45999999999999 2 0.004 0 1 209 265 292 290 158 291 29 55 271 183 134 78 201 118; 2 
20.707999999999963 0 0.02800000000000001 1 20.66999999999997 2 0.01 0 1 209 265 292 290 158 291 29 55 271 183 134 78 201 118 159; 2 
22.14799999999997 0 0.016 1 22.129999999999974 2 0.002 0 1 209 265 292 290 158 291 29 55 271 183 134 78 201 159 118 251; 2 
23.195999999999973 0 0.02600000000000001 1 23.161999999999974 2 0.008 0 1 209 265 292 290 158 291 29 55 271 183 134 78 201 159 118 251 204; 2 
24.58999999999996 0 0.02600000000000001 1 24.55799999999996 2 0.006 0 1 209 265 292 290 158 291 29 55 271 183 134 78 201 159 118 251 204 69; 2 
26.369999999999944 0 0.05600000000000002 1 26.303999999999945 2 0.01 0 1 209 265 292 290 158 291 29 55 271 183 134 78 201 159 277 251 69 169 264; 2 
27.79999999999993 0 0.09400000000000006 1 27.69999999999992 2 0.006 0 1 209 265 292 290 158 291 29 55 271 183 134 78 201 159 277 251 69 169 264 222; 2 
28.889999999999915 0 0.052000000000000025 1 28.821999999999907 2 0.016 0 1 251 183 69 290 158 277 29 55 222 265 134 169 209 78 159 271 291 264 292 201 179; 2 
30.235999999999986 0 0.052000000000000025 1 30.15799999999998 2 0.02600000000000001 0 1 251 183 69 290 158 277 29 55 222 265 134 169 209 78 159 271 291 264 292 201 179 269; 2 
31.28599999999998 0 0.06600000000000003 1 31.20799999999999 2 0.012 0 1 251 183 69 290 158 118 29 55 222 265 134 169 209 78 159 271 291 264 292 201 179 269 167; 2 
32.463999999999984 0 0.07200000000000004 1 32.37399999999998 2 0.018000000000000002 0 1 251 183 69 290 158 118 29 55 222 265 134 169 209 78 159 271 291 264 292 201 179 167 269 213; 2 
33.25200000000001 0 0.06400000000000003 1 33.18400000000001 2 0.004 0 1 251 183 69 290 158 118 29 55 222 265 134 169 209 78 159 271 291 264 292 201 179 167 269 213 220; 2 
34.46600000000001 0 0.06400000000000003 1 34.39200000000002 2 0.01 0 1 251 183 69 290 158 118 29 55 222 265 134 169 209 78 159 271 291 264 292 201 179 167 269 213 220 146; 2 
35.950000000000024 0 0.06600000000000004 1 34.764 2 1.1200000000000008 0 1 213 209 69 290 158 277 29 55 222 265 134 169 183 78 271 291 264 220 201 251 146 292 269 159 179 133; 2 483; 
37.428000000000026 0 0.07200000000000005 1 36.20000000000009 2 1.1560000000000008 0 1 213 209 69 290 158 277 29 55 222 265 134 169 183 78 271 291 264 220 201 251 146 292 269 159 179 133 121; 2 483; 
38.270000000000046 0 0.07600000000000003 1 37.08000000000005 2 1.1140000000000008 0 1 213 209 69 290 158 277 29 55 222 265 134 169 183 78 271 291 264 220 201 251 146 292 269 159 179 133 121 178; 2 483; 
39.80599999999999 0 0.06400000000000003 1 38.60400000000007 2 1.1380000000000008 0 1 213 209 69 290 158 277 29 55 222 265 134 169 183 78 271 291 264 220 201 251 146 292 269 159 179 133 121 178 94; 2 483; 
40.94600000000001 0 1.1600000000000008 1 38.65800000000004 2 1.1280000000000008 0 314; 1 213 209 69 290 158 277 29 55 222 265 134 204 183 271 291 264 220 201 251 146 292 269 159 179 133 121 178 94 177; 2 483; 
41.85200000000003 0 1.1440000000000008 1 39.558 2 1.1500000000000008 0 314; 1 213 209 69 290 158 277 29 55 222 265 134 204 183 271 291 264 220 201 251 146 292 269 159 179 133 94 121 177 178 63; 2 483; 
43.18600000000001 0 1.1340000000000008 1 40.882000000000026 2 1.1700000000000008 0 314; 1 213 209 69 290 158 277 29 55 222 265 134 204 183 271 291 264 220 201 251 146 292 269 159 179 133 94 121 177 178 63 166; 2 483; 
44.06 0 1.1560000000000008 1 41.74600000000001 2 1.1580000000000008 0 314; 1 213 209 69 290 158 277 29 55 222 265 134 204 183 271 291 264 220 201 251 146 292 269 159 179 133 231 121 177 178 63 166 260; 2 483; 
45.434 0 2.3239999999999985 1 41.99200000000004 2 1.1180000000000008 0 417 314; 1 213 69 290 158 277 29 55 222 265 134 204 183 271 291 264 220 201 251 146 292 269 159 179 133 94 121 177 178 63 166 260 28; 2 483; 
46.536000000000016 0 2.381999999999998 1 41.91800000000003 2 2.2359999999999993 0 417 314; 1 213 69 290 158 277 29 55 222 265 134 204 183 271 291 264 220 201 251 146 292 269 159 179 133 94 121 177 178 63 166 260 28; 2 483 428; 
48.019999999999925 0 2.3519999999999985 1 43.41200000000004 2 2.256 0 417 314; 1 213 69 290 158 118 29 55 222 265 134 204 183 271 39 264 220 201 251 146 292 269 159 179 133 94 121 177 178 63 166 260 28 53; 2 483 428; 
48.87199999999997 0 2.2899999999999987 1 43.21799999999999 2 3.3639999999999697 0 417 314; 1 213 69 290 158 277 29 55 222 265 134 204 183 271 39 264 220 201 251 146 292 269 159 179 133 94 121 177 178 63 166 260 28 248; 2 483 428 456; 
50.27999999999989 0 2.385999999999997 1 44.506000000000064 2 3.387999999999969 0 417 314; 1 213 69 290 158 277 29 55 222 265 134 204 183 271 39 264 220 201 251 146 292 269 159 179 133 94 121 177 178 63 166 260 28 248 203; 2 483 428 456; 
51.591999999999906 0 2.4879999999999955 1 45.74600000000003 2 3.3579999999999695 0 417 314; 1 213 69 290 158 277 29 55 222 265 134 204 183 271 39 264 220 201 251 146 292 269 159 179 133 94 121 177 178 63 166 260 28 248 203 193; 2 483 428 456; 
