1.0960000000000008 0 1.0960000000000008 1 0.0 2 0.0 0 424; 1 ; 2 ;
2.3379999999999983 0 1.1340000000000008 1 1.2020000000000008 2 0.002 0 424; 1 247; 2 ;
3.681999999999968 0 1.2060000000000008 1 2.4719999999999964 2 0.004 0 424; 1 247 252; 2 ;
4.745999999999979 0 2.2299999999999995 1 2.511999999999996 2 0.004 0 424 327; 1 247 252; 2 ;
6.009999999999948 0 2.301999999999999 1 2.6199999999999943 2 1.0880000000000007 0 424 383; 1 252 247; 2 435;
7.22599999999997 0 2.361999999999998 1 3.7139999999999698 2 1.1500000000000008 0 424 383; 1 252 247 51; 2 435;
8.765999999999968 0 2.379999999999997 1 5.301999999999971 2 1.0840000000000007 0 424 383; 1 159 108 34 252; 2 435;
10.10399999999997 0 2.4079999999999977 1 6.617999999999954 2 1.0780000000000007 0 424 383; 1 159 108 252 34 73; 2 435;
11.409999999999963 0 3.5619999999999727 1 7.841999999999976 2 0.006 0 424 383 315; 1 108 159 247 252 34 73; 2 ;
12.461999999999948 0 3.5919999999999717 1 7.833999999999965 2 1.0360000000000007 0 424 383 315; 1 108 159 247 252 34 73; 2 451;
13.67999999999993 0 4.681999999999979 1 7.943999999999977 2 1.0540000000000007 0 424 327 383 315; 1 108 159 252 34 73 66; 2 500;
14.57199999999996 0 4.6139999999999795 1 8.921999999999978 2 1.0360000000000007 0 327 383 315 424; 1 34 66 83 159 108 252 103; 2 500;
15.839999999999987 0 4.72399999999998 1 9.003999999999971 2 2.112000000000001 0 327 383 315 424; 1 34 66 83 159 108 252 103; 2 445 477;
16.713999999999963 0 5.789999999999943 1 8.81199999999998 2 2.1120000000000005 0 327 383 303 315 424; 1 34 66 159 247 252 103 108; 2 445 477;
18.166 0 4.7259999999999796 1 11.293999999999947 2 2.1460000000000012 0 327 383 324 424; 1 34 66 12 159 83 280 103 108 132; 2 445 477;
20.06599999999999 0 5.735999999999946 1 13.173999999999927 2 1.1560000000000008 0 327 383 324 317 373; 1 34 66 167 159 141 280 103 11 108 132; 2 445;
20.653999999999982 0 7.8839999999999995 1 11.64199999999996 2 1.1280000000000008 0 327 302 324 383 424 378 373; 1 296 34 167 159 247 280 132 103 108; 2 477;
21.32999999999999 0 8.819999999999975 1 10.315999999999963 2 2.1939999999999995 0 327 302 324 383 424 378 373 322; 1 296 34 167 159 247 280 103 108; 2 435 477;
23.01999999999996 0 10.011999999999954 1 10.799999999999976 2 2.207999999999999 0 327 302 324 383 424 345 378 373 306; 1 296 34 167 159 247 78 103 108; 2 477 435;
23.413999999999977 0 9.07399999999998 1 10.14199999999997 2 4.197999999999995 0 327 383 324 424 345 378 373 306; 1 34 66 73 159 247 60 103 108; 2 451 477 480 435;
24.847999999999953 0 10.149999999999961 1 11.54199999999996 2 3.155999999999967 0 327 324 317 345 378 373 306 374 375; 1 296 34 66 167 159 247 108 103 36; 2 451 500 435;
26.62599999999992 0 9.02199999999998 1 14.31599999999996 2 3.2879999999999656 0 327 324 317 345 378 306 374 375; 1 296 34 66 83 159 155 108 103 36 114 189; 2 451 477 435;
27.82999999999995 0 9.069999999999972 1 15.539999999999967 2 3.219999999999967 0 345 324 374 375 327 317 306 378; 1 296 34 66 12 155 108 189 103 36 167 159 293; 2 500 435 451;
29.01199999999996 0 10.269999999999964 1 15.483999999999972 2 3.25799999999997 0 345 324 374 375 327 308 306 378 370; 1 296 34 66 12 247 108 189 103 36 167 159 220; 2 500 435 451;
30.193999999999935 0 11.411999999999937 1 15.49399999999997 2 3.2879999999999665 0 345 324 374 375 327 308 306 378 370 302; 1 296 34 66 12 247 108 189 103 36 167 159 220; 2 500 435 451;
31.465999999999994 0 11.373999999999947 1 17.964 2 2.128000000000001 0 345 324 374 375 327 336 308 378 370 302; 1 296 34 66 12 247 108 189 103 36 167 180 159 220 203; 2 500 451;
33.304 0 11.46599999999995 1 19.590000000000003 2 2.2479999999999993 0 345 324 374 375 327 336 308 378 370 302; 1 296 34 66 12 11 247 108 189 103 36 167 180 159 220 203; 2 451 445;
34.114000000000026 0 12.459999999999946 1 19.408000000000005 2 2.246 0 345 324 322 375 327 336 308 378 302 370 374; 1 296 34 66 12 11 247 108 189 103 36 167 214 159 220 203; 2 451 445;
34.98000000000003 0 12.341999999999953 1 19.323999999999977 2 3.31399999999997 0 345 324 322 375 327 336 308 378 302 370 374; 1 296 34 66 12 11 247 108 189 103 36 167 214 159 220 258; 2 451 435 445;
36.32000000000004 0 13.439999999999936 1 19.499999999999986 2 3.3799999999999675 0 345 324 322 375 327 336 308 378 374 302 370 360; 1 296 34 66 235 11 61 108 189 103 36 114 214 159 83 258; 2 451 435 445;
37.63200000000004 0 13.513999999999934 1 20.69599999999997 2 3.4219999999999704 0 345 324 322 375 327 336 308 378 374 302 370 360; 1 296 34 66 235 11 61 108 189 103 36 114 214 159 83 298 286; 2 451 435 445;
38.626000000000026 0 13.451999999999927 1 21.779999999999955 2 3.393999999999969 0 345 324 322 375 327 336 308 378 360 374 302 370; 1 296 34 66 235 11 61 108 189 103 36 114 214 159 83 298 286 106; 2 451 445 435;
39.438000000000024 0 14.505999999999974 1 21.505999999999986 2 3.4259999999999726 0 345 324 322 375 327 336 308 378 360 374 302 370 397; 1 296 34 66 235 11 247 83 189 103 36 114 214 159 187 298 286 106; 2 451 445 435;
40.66200000000002 0 15.409999999999984 1 21.801999999999968 2 3.4499999999999686 0 345 324 322 375 327 336 308 312 378 360 374 302 370 397; 1 296 34 66 235 11 247 83 189 103 36 214 159 220 298 286 106 54; 2 451 445 435;
41.91200000000004 0 15.499999999999982 1 22.979999999999958 2 3.431999999999965 0 345 324 322 375 327 336 308 312 360 374 302 370 397 378; 1 296 34 66 235 11 247 83 189 216 36 214 159 103 220 298 286 106 54; 2 451 445 435;
43.62400000000002 0 16.63599999999999 1 24.601999999999933 2 2.3859999999999957 0 345 324 322 375 327 336 308 312 360 374 302 370 397 378 314; 1 296 34 66 235 11 247 83 189 216 36 214 159 103 220 203 298 286 106 54; 2 451 445;
44.63200000000002 0 17.670000000000023 1 24.613999999999944 2 2.3479999999999985 0 345 324 322 375 327 336 308 312 360 374 302 370 397 314 353 378; 1 296 34 66 235 11 247 83 189 216 36 214 159 103 220 203 298 286 106 54; 2 451 445;
45.679999999999964 0 17.74799999999999 1 24.543999999999954 2 3.3879999999999693 0 345 324 322 375 327 336 308 312 360 374 302 370 397 314 353 378; 1 296 34 66 235 11 247 83 189 216 36 214 159 103 220 203 298 286 54 155; 2 451 445 440;
46.77399999999994 0 17.731999999999992 1 25.637999999999927 2 3.40399999999997 0 345 324 322 375 327 336 308 312 310 374 302 370 397 314 353 378; 1 296 34 90 235 11 25 83 189 216 36 214 159 103 213 203 61 286 54 155 298; 2 451 445 440;
47.872000000000035 0 18.693999999999992 1 25.78999999999992 2 3.387999999999968 0 345 324 322 375 327 336 308 312 310 374 302 370 397 314 353 378 423; 1 296 34 90 235 11 25 83 189 216 36 214 159 103 213 203 61 286 54 155 298; 2 451 445 440;
