1.5640000000000012 0 0.006 1 1.5580000000000012 2 0.0 0 1 265; 2 
2.9819999999999887 0 0.004 1 2.9779999999999887 2 0.0 0 1 265 158; 2 
4.387999999999973 0 0.002 1 4.383999999999974 2 0.002 0 1 265 158 291; 2 
5.781999999999964 0 0.004 1 5.777999999999964 2 0.0 0 1 291 158 265 207; 2 
7.015999999999954 0 0.006 1 7.005999999999955 2 0.004 0 1 291 158 265 207 159; 2 
8.52199999999997 0 0.008 1 8.51199999999997 2 0.002 0 1 291 158 265 207 159 55; 2 
9.735999999999972 0 0.012 1 9.723999999999972 2 0.0 0 1 291 158 265 207 55 159 290; 2 
11.32399999999997 0 0.012 1 11.301999999999968 2 0.01 0 1 291 158 265 207 55 159 290 209; 2 
12.799999999999958 0 0.014 1 12.785999999999955 2 0.0 0 1 291 158 265 207 55 159 290 209 134; 2 
14.171999999999953 0 0.016 1 14.145999999999953 2 0.01 0 1 291 158 265 207 55 159 290 209 134 292; 2 
15.293999999999967 0 0.01 1 15.277999999999965 2 0.006 0 1 158 291 55 159 207 292 290 209 265 134 78; 2 
16.773999999999965 0 0.018000000000000002 1 16.74999999999996 2 0.006 0 1 158 291 55 159 207 292 290 209 265 134 78 183; 2 
17.974 0 0.028000000000000004 1 17.944 2 0.002 0 1 78 292 55 159 207 291 290 209 265 134 158 183 271; 2 
19.429999999999975 0 0.024000000000000007 1 19.399999999999984 2 0.006 0 1 78 292 55 159 207 291 290 209 265 134 158 183 271 201; 2 
20.832 0 0.030000000000000006 1 20.794 2 0.008 0 1 78 292 55 159 207 291 290 209 265 134 158 183 271 201 251; 2 
22.361999999999988 0 0.024000000000000007 1 22.325999999999986 2 0.012 0 1 78 292 55 159 207 291 290 209 265 134 158 183 271 201 251 133; 2 
23.401999999999973 0 0.02600000000000001 1 23.369999999999973 2 0.006 0 1 78 292 55 159 207 291 290 209 265 134 158 183 271 201 251 133 167; 2 
24.799999999999933 0 0.02800000000000001 1 24.759999999999927 2 0.012 0 1 78 292 55 159 207 291 290 209 265 134 158 183 271 201 251 133 167 269; 2 
26.27199999999992 0 0.028000000000000004 1 26.231999999999918 2 0.012 0 1 78 292 55 159 207 291 290 209 265 134 158 183 271 201 133 269 167 251 65; 2 
27.243999999999925 0 0.03600000000000002 1 27.203999999999933 2 0.004 0 1 78 292 55 159 207 291 290 209 265 134 158 183 271 201 133 269 167 251 65 3; 2 
28.159999999999933 0 0.008 1 28.147999999999932 2 0.004 0 1 78 292 55 159 207 291 290 209 265 134 158 183 271 201 133 269 167 251 65 3 75; 2 
29.281999999999943 0 0.014 1 29.263999999999943 2 0.004 0 1 78 292 55 159 207 291 290 209 265 134 158 183 271 201 133 269 167 251 65 3 75 118; 2 
30.61399999999998 0 0.02800000000000001 1 30.577999999999985 2 0.008 0 1 78 292 55 159 207 291 290 209 265 134 158 183 271 65 251 269 118 133 75 201 167 3 213; 2 
31.685999999999968 0 0.018000000000000002 1 31.663999999999966 2 0.004 0 1 78 292 55 159 207 291 290 209 265 134 158 183 271 65 251 269 118 133 75 201 167 3 213 264; 2 
33.09000000000001 0 0.02800000000000001 1 33.04800000000001 2 0.014 0 1 78 292 55 159 207 291 290 209 265 134 158 183 271 65 251 269 118 133 75 201 167 3 213 264 166; 2 
34.47800000000002 0 0.04400000000000001 1 34.41400000000003 2 0.020000000000000004 0 1 78 292 55 159 207 291 290 209 265 134 158 183 271 65 251 269 118 133 75 201 167 3 213 264 166 267; 2 
35.74600000000003 0 0.022000000000000006 1 35.70600000000003 2 0.018000000000000002 0 1 78 292 55 159 207 291 290 209 265 134 158 183 271 65 251 269 118 133 75 201 167 3 213 264 166 267 204; 2 
37.124000000000024 0 0.04600000000000002 1 37.07200000000003 2 0.006 0 1 78 292 55 159 207 291 290 209 265 134 158 183 271 213 201 269 118 133 75 251 264 3 166 267 65 167 204 270; 2 
38.19600000000004 0 0.030000000000000013 1 38.14800000000005 2 0.018000000000000002 0 1 78 292 55 159 207 291 290 209 265 134 158 183 271 213 201 269 118 133 75 251 264 3 166 267 65 167 204 270 177; 2 
39.626000000000005 0 0.028000000000000004 1 39.58800000000001 2 0.01 0 1 78 292 55 159 207 291 290 209 265 134 158 183 271 213 201 269 118 133 75 251 264 3 166 267 65 167 204 270 177 248; 2 
40.86600000000008 0 1.2440000000000009 1 39.612000000000016 2 0.01 0 362; 1 78 292 55 159 207 291 290 209 265 134 158 183 271 213 201 269 118 75 251 264 3 166 267 65 167 204 270 177 248 7; 2 
42.00800000000007 0 2.3819999999999975 1 39.61800000000001 2 0.008 0 362 370; 1 78 292 55 159 207 291 290 209 265 134 158 183 271 213 201 269 118 75 264 3 166 267 65 167 204 270 177 248 7 220; 2 
43.47200000000005 0 2.435999999999997 1 41.022000000000084 2 0.014 0 362 370; 1 78 292 55 159 207 291 290 209 265 134 158 183 271 213 201 269 118 75 264 3 166 267 65 167 204 270 177 248 220 7 294; 2 
44.62799999999999 0 3.633999999999971 1 39.78600000000002 2 1.2080000000000009 0 344 362 370; 1 78 292 55 159 207 291 290 209 265 134 158 183 213 201 269 118 75 264 3 166 267 65 167 204 270 177 248 220 7 294; 2 439; 
45.52400000000003 0 3.655999999999973 1 40.663999999999994 2 1.2040000000000008 0 344 362 370; 1 78 292 55 159 207 291 290 209 265 134 158 183 213 201 269 118 75 264 3 166 267 65 167 204 270 177 248 220 7 294 29; 2 439; 
46.466 0 3.6619999999999693 1 40.54000000000004 2 2.2639999999999993 0 344 343 358; 1 78 292 55 159 207 291 290 209 265 134 158 183 213 201 269 118 75 264 3 166 267 65 167 204 270 177 248 220 7 294 29; 2 439 476; 
47.569999999999965 0 3.6959999999999713 1 41.66199999999999 2 2.2119999999999997 0 344 343 358; 1 78 292 55 159 207 291 290 209 265 134 158 183 213 201 269 118 75 264 3 166 267 65 167 204 270 177 294 7 220 128 248 179; 2 439 476; 
49.39199999999991 0 4.883999999999977 1 42.24000000000005 2 2.267999999999999 0 362 358 347 342; 1 78 292 55 159 207 291 290 209 265 134 158 183 180 213 201 269 118 75 264 3 166 267 65 167 204 270 177 7 220 248 179 61; 2 439 476; 
50.7479999999999 0 4.8119999999999745 1 43.638000000000055 2 2.2979999999999987 0 362 358 347 342; 1 78 292 55 159 207 291 290 209 265 134 158 183 180 213 201 269 118 75 264 3 166 267 65 167 204 270 177 7 220 248 179 61 222; 2 439 476; 
51.433999999999884 0 4.871999999999975 1 44.30199999999995 2 2.26 0 362 358 347 342; 1 78 292 55 159 207 291 290 209 265 134 158 183 180 213 201 269 118 75 264 3 166 267 65 167 204 270 177 7 220 248 179 61 222 63; 2 439 476; 
