1.5300000000000011 0 0.0 1 1.5300000000000011 2 0.0 0 1 265; 2 
3.0679999999999876 0 0.0 1 3.0679999999999876 2 0.0 0 1 265 291; 2 
4.465999999999971 0 0.008 1 4.455999999999969 2 0.002 0 1 265 291 292; 2 
5.693999999999967 0 0.006 1 5.685999999999968 2 0.002 0 1 265 291 292 167; 2 
7.081999999999953 0 0.004 1 7.073999999999953 2 0.004 0 1 265 291 167 292 134; 2 
8.533999999999978 0 0.016 1 8.511999999999977 2 0.006 0 1 265 291 167 292 134 207; 2 
9.887999999999975 0 0.012 1 9.871999999999975 2 0.004 0 1 265 291 207 134 167 292 29; 2 
11.447999999999956 0 0.008 1 11.435999999999957 2 0.004 0 1 265 291 207 134 167 292 29 209; 2 
13.013999999999955 0 0.016 1 12.995999999999954 2 0.002 0 1 265 167 29 134 209 292 207 291 201; 2 
14.377999999999973 0 0.018000000000000002 1 14.355999999999973 2 0.004 0 1 265 167 29 134 209 292 207 291 201 159; 2 
15.347999999999969 0 0.006 1 15.33999999999997 2 0.002 0 1 265 167 29 134 209 292 207 291 201 159 183; 2 
16.70999999999996 0 0.018000000000000002 1 16.67799999999996 2 0.014 0 1 265 167 29 134 209 292 207 291 201 159 183 158; 2 
18.345999999999993 0 0.018000000000000002 1 18.317999999999994 2 0.01 0 1 183 158 29 134 209 201 207 159 265 291 292 167 267; 2 
19.53399999999997 0 0.02800000000000001 1 19.49999999999998 2 0.006 0 1 183 158 29 134 209 201 207 159 265 291 292 167 267 271; 2 
20.999999999999964 0 0.05000000000000003 1 20.94599999999997 2 0.004 0 1 183 158 29 134 209 201 207 159 265 291 292 167 267 271 9; 2 
22.01599999999998 0 0.07400000000000005 1 21.93399999999999 2 0.008 0 1 183 158 29 134 209 201 207 159 265 291 292 167 267 271 9 294; 2 
23.45599999999997 0 0.06600000000000004 1 23.375999999999976 2 0.014 0 1 183 158 29 134 209 201 207 159 265 291 292 167 267 271 9 294 213; 2 
24.64199999999993 0 0.06800000000000003 1 24.567999999999934 2 0.006 0 1 183 158 29 134 209 201 207 159 265 291 292 167 267 271 9 294 213 133; 2 
26.135999999999925 0 0.06400000000000003 1 26.06799999999993 2 0.004 0 1 183 158 29 134 209 201 207 159 265 291 292 167 267 271 9 294 213 133 78; 2 
27.25399999999997 0 0.056000000000000036 1 27.19399999999996 2 0.004 0 1 183 158 29 134 209 201 207 159 265 291 292 167 267 271 9 294 213 133 78 220; 2 
28.12599999999992 0 0.044000000000000025 1 28.06799999999992 2 0.014 0 1 183 158 29 134 209 201 207 159 265 291 292 167 267 271 9 294 213 133 78 220 210; 2 
29.55599999999997 0 0.04800000000000003 1 29.499999999999975 2 0.008 0 1 183 158 29 134 209 201 207 159 265 291 292 167 267 9 210 213 220 294 78 133 271 177; 2 
30.889999999999997 0 1.280000000000001 1 29.60199999999994 2 0.008 0 406; 1 183 158 29 134 209 201 207 159 265 291 292 167 267 9 210 213 220 294 78 133 271 177; 2 
31.98599999999997 0 1.254000000000001 1 30.721999999999966 2 0.01 0 406; 1 210 9 271 209 201 220 159 213 291 294 267 183 167 292 265 207 177 78 133 134 29 158 118; 2 
33.176 0 1.258000000000001 1 31.909999999999975 2 0.008 0 406; 1 210 9 271 209 201 220 159 213 291 294 267 183 167 292 265 207 177 78 133 134 29 158 118 222; 2 
34.39400000000002 0 1.306000000000001 1 33.07599999999999 2 0.012 0 406; 1 210 9 271 209 201 220 159 213 291 294 267 183 167 292 265 207 177 78 133 134 29 158 118 222 55; 2 
35.71400000000002 0 1.300000000000001 1 34.39600000000004 2 0.018000000000000002 0 406; 1 210 9 271 209 201 220 159 213 291 294 267 183 167 292 265 207 177 78 133 134 29 158 118 222 55 65; 2 
36.75800000000001 0 1.270000000000001 1 34.38000000000001 2 1.1080000000000008 0 406; 1 210 9 271 209 201 220 159 213 291 294 183 167 292 265 207 177 78 133 134 29 158 118 222 55 65 28; 2 445; 
38.012000000000036 0 1.264000000000001 1 35.65600000000005 2 1.0920000000000007 0 406; 1 210 9 271 209 201 220 159 213 291 294 183 167 292 265 207 177 78 133 134 29 158 118 65 55 222 28 251; 2 445; 
39.38000000000005 0 1.2320000000000009 1 38.13000000000003 2 0.018000000000000002 0 406; 1 210 9 271 209 201 220 159 213 291 294 267 183 167 292 265 207 177 78 133 134 29 158 118 65 55 222 28 251 269; 2 
40.63400000000001 0 1.258000000000001 1 39.36200000000002 2 0.014 0 406; 1 210 9 271 209 201 220 159 213 291 294 267 183 167 292 265 207 177 78 133 134 29 158 118 65 55 222 28 251 269 127; 2 
42.058000000000035 0 1.2380000000000009 1 40.81000000000004 2 0.01 0 406; 1 210 9 271 209 201 220 159 213 291 294 267 183 167 292 265 207 177 78 133 134 29 158 118 65 55 222 28 251 269 127 290; 2 
42.974000000000025 0 2.3919999999999972 1 40.57000000000003 2 0.012 0 406 375; 1 210 9 271 209 201 220 159 213 291 294 267 183 167 292 265 207 177 78 133 134 29 158 118 65 55 222 28 251 269 127 290; 2 
44.15000000000001 0 2.343999999999998 1 41.798 2 0.008 0 406 375; 1 210 9 271 209 201 220 159 213 291 294 267 183 167 292 265 207 177 78 133 134 29 158 118 65 55 222 28 251 290 127 269 264; 2 
45.513999999999946 0 2.4099999999999957 1 43.08600000000006 2 0.018000000000000002 0 406 375; 1 210 9 271 209 201 220 159 213 291 294 267 183 167 292 265 207 177 78 133 134 29 158 118 65 55 222 28 251 290 127 269 264 178; 2 
46.72999999999995 0 2.4179999999999975 1 44.29799999999998 2 0.014 0 406 375; 1 210 9 271 209 201 220 159 213 291 294 267 183 167 292 265 207 177 78 133 134 29 158 118 251 178 290 28 65 55 127 269 222 264 226; 2 
47.955999999999925 0 2.393999999999997 1 45.52999999999997 2 0.032000000000000015 0 406 375; 1 210 9 271 209 201 220 159 213 291 294 267 183 167 292 265 207 177 78 133 134 29 158 118 251 178 290 28 65 55 127 269 222 264 226 270; 2 
48.85599999999998 0 2.4199999999999977 1 46.41199999999998 2 0.024 0 406 375; 1 210 9 271 209 201 220 159 213 291 294 267 183 167 292 265 207 177 78 133 134 29 158 118 251 178 290 28 65 55 127 269 222 264 226 270 283; 2 
50.23599999999988 0 2.421999999999996 1 47.78400000000003 2 0.03000000000000001 0 406 375; 1 210 9 271 209 201 220 159 213 291 294 267 183 167 292 265 207 177 78 133 134 29 158 118 251 178 290 28 65 55 127 269 222 264 226 270 283 94; 2 
51.45999999999985 0 2.405999999999997 1 49.0379999999999 2 0.016 0 406 375; 1 210 9 271 209 201 220 159 213 291 294 267 183 167 292 265 207 177 78 133 134 29 158 118 251 178 290 28 65 55 127 269 222 264 226 270 283 94 23; 2 
