1.5440000000000011 0 0.002 1 1.5420000000000011 2 0.0 0 1 265; 2 
3.021999999999989 0 0.004 1 3.017999999999989 2 0.0 0 1 265 55; 2 
4.231999999999973 0 0.002 1 4.229999999999973 2 0.0 0 1 265 55 158; 2 
5.74199999999997 0 0.002 1 5.73799999999997 2 0.002 0 1 265 55 158 291; 2 
6.95199999999995 0 0.002 1 6.947999999999951 2 0.002 0 1 55 265 291 158 183; 2 
8.78399999999997 0 0.006 1 8.775999999999971 2 0.002 0 1 55 265 291 158 183 209; 2 
9.963999999999961 0 0.018000000000000002 1 9.945999999999962 2 0.0 0 1 55 265 291 158 183 209 292; 2 
11.167999999999962 0 0.006 1 11.15799999999996 2 0.004 0 1 55 265 291 158 183 209 292 159; 2 
12.76799999999995 0 0.022000000000000002 1 12.73799999999995 2 0.008 0 1 209 159 291 183 55 292 158 265 201; 2 
14.363999999999951 0 0.016 1 14.33999999999995 2 0.008 0 1 209 159 291 183 55 292 158 265 201 7; 2 
15.507999999999967 0 0.006 1 15.497999999999966 2 0.004 0 1 209 159 291 183 55 292 158 265 201 7 63; 2 
16.78799999999999 0 0.022000000000000006 1 16.763999999999992 2 0.002 0 1 209 159 291 183 55 292 158 265 201 7 63 248; 2 
17.739999999999974 0 0.034000000000000016 1 17.705999999999975 2 0.0 0 1 209 159 291 183 55 292 158 265 201 7 63 248 178; 2 
19.378000000000004 0 0.030000000000000006 1 19.342 2 0.006 0 1 209 159 291 183 55 292 158 265 201 7 63 248 178 294; 2 
20.818000000000005 0 0.016 1 20.8 2 0.002 0 1 209 159 291 183 55 292 158 265 201 7 63 248 178 294 277; 2 
22.03399999999997 0 0.034000000000000016 1 21.991999999999972 2 0.008 0 1 209 159 291 183 55 292 158 265 201 7 63 248 178 294 277 134; 2 
23.43599999999997 0 0.022 1 23.40399999999998 2 0.01 0 1 209 159 291 183 55 292 158 265 201 7 63 248 178 294 277 134 78; 2 
24.80799999999995 0 0.03400000000000001 1 24.76799999999994 2 0.006 0 1 209 159 291 183 55 292 158 265 201 7 63 248 178 294 277 134 78 29; 2 
26.05599999999994 0 0.026000000000000002 1 26.023999999999948 2 0.006 0 1 209 159 291 183 55 292 158 265 201 7 63 248 178 294 277 134 78 29 222; 2 
27.103999999999942 0 0.032000000000000015 1 27.06199999999994 2 0.01 0 1 201 78 291 178 248 277 158 265 209 63 222 292 294 55 7 183 134 29 159 23; 2 
28.881999999999934 0 0.028000000000000008 1 28.845999999999936 2 0.008 0 1 201 78 291 178 248 277 158 265 209 63 222 292 294 55 7 183 134 29 159 23 251; 2 
29.671999999999947 0 0.030000000000000013 1 29.62999999999995 2 0.012 0 1 201 78 291 178 248 277 158 265 209 63 222 292 294 55 7 183 134 29 159 23 251 220; 2 
30.83999999999996 0 0.04600000000000003 1 30.78599999999996 2 0.008 0 1 201 78 291 178 248 277 158 265 209 63 222 292 294 55 7 183 134 29 159 23 251 220 267; 2 
32.11400000000001 0 0.05200000000000003 1 32.056000000000004 2 0.006 0 1 23 292 291 178 248 277 158 265 209 63 222 78 294 55 7 183 134 251 159 267 201 29 220 69; 2 
33.31799999999999 0 0.052000000000000025 1 33.255999999999986 2 0.01 0 1 23 292 291 178 248 277 158 265 209 63 222 78 294 55 7 183 134 251 159 267 201 29 220 69 207; 2 
34.64600000000001 0 0.04400000000000001 1 34.59600000000002 2 0.006 0 1 23 292 291 178 248 277 158 265 209 63 222 78 294 55 7 183 134 251 159 267 201 29 220 69 207 28; 2 
35.83200000000004 0 0.05400000000000002 1 35.770000000000046 2 0.008 0 1 23 292 291 178 248 277 158 265 209 63 222 78 294 55 7 183 134 251 159 267 201 29 220 69 207 28 290; 2 
37.10000000000006 0 0.05600000000000002 1 37.034000000000056 2 0.01 0 1 23 292 291 178 248 277 158 265 209 63 222 78 294 55 7 183 134 251 159 267 201 29 220 69 207 290 28 287; 2 
38.542000000000044 0 0.05000000000000002 1 37.26200000000005 2 1.2300000000000009 0 1 23 292 291 178 248 277 158 265 209 63 222 78 294 55 7 183 134 251 159 267 201 29 220 69 207 290 28 287; 2 439; 
39.60200000000003 0 0.04400000000000002 1 38.32200000000004 2 1.2360000000000009 0 1 23 292 291 178 248 277 158 265 209 63 222 78 294 55 7 183 134 251 159 267 201 29 220 69 207 290 28 287 193; 2 439; 
40.70200000000002 0 1.2060000000000008 1 38.29600000000001 2 1.2000000000000008 0 401; 1 23 292 291 178 248 277 158 265 209 63 222 78 294 55 7 183 134 251 159 267 201 220 69 287 28 290 193 207 260; 2 439; 
42.19000000000001 0 1.1840000000000008 1 38.7120000000001 2 2.293999999999999 0 401; 1 172 292 291 178 248 277 158 265 209 63 222 78 294 55 7 183 134 251 159 201 220 69 287 28 290 193 207 260 257; 2 445 439; 
43.35000000000003 0 2.3519999999999976 1 38.704 2 2.2939999999999987 0 401 303; 1 172 292 291 178 248 277 158 265 209 63 222 78 294 55 7 183 134 251 159 201 220 69 257 193 290 28 207 287 260; 2 445 439; 
44.16000000000004 0 2.2719999999999994 1 39.58000000000002 2 2.3079999999999994 0 401 303; 1 172 292 291 178 248 277 158 265 209 63 222 78 294 55 7 183 134 251 159 201 220 69 257 193 290 28 207 287 260 213; 2 445 439; 
45.425999999999966 0 2.3219999999999987 1 40.79000000000001 2 2.3139999999999983 0 401 303; 1 172 292 291 178 248 277 158 265 209 63 222 78 294 55 7 183 134 251 159 201 220 69 257 193 290 28 207 287 260 213 146; 2 445 439; 
46.472000000000044 0 2.2899999999999996 1 41.87000000000001 2 2.311999999999999 0 401 303; 1 172 292 291 178 248 277 158 265 209 63 222 78 294 55 7 183 134 251 159 201 220 69 257 193 290 28 207 287 260 146 213 179; 2 445 439; 
48.36999999999999 0 2.305999999999998 1 43.800000000000004 2 2.263999999999999 0 401 303; 1 172 292 291 178 248 277 158 265 209 63 222 78 51 55 7 183 134 251 159 201 220 69 257 193 290 28 207 287 260 146 213 179 104; 2 445 439; 
49.311999999999934 0 2.311999999999999 1 44.678 2 2.3219999999999987 0 401 303; 1 172 292 291 178 248 277 158 265 209 63 222 78 51 55 7 183 134 251 159 201 220 69 257 193 290 28 207 287 260 146 213 179 104 2; 2 445 439; 
50.38999999999991 0 3.437999999999967 1 43.448000000000015 2 3.5039999999999702 0 347 401 303; 1 172 292 291 178 248 277 158 265 209 63 222 78 75 7 183 134 251 159 201 220 69 257 193 290 28 207 287 260 146 213 179 104 2; 2 445 439 430; 
51.62799999999986 0 2.295999999999999 1 45.864000000000004 2 3.467999999999971 0 401 303; 1 172 292 291 178 248 277 158 265 209 63 222 78 51 75 7 183 134 251 159 201 220 69 257 193 290 28 207 287 260 179 2 104 146 213 271; 2 445 439 430; 
