1.5420000000000011 0 0.0 1 1.5420000000000011 2 0.0 0 1 265; 2 
2.999999999999989 0 0.008 1 2.991999999999989 2 0.0 0 1 265 292; 2 
4.401999999999975 0 0.006 1 4.395999999999975 2 0.0 0 1 265 292 159; 2 
5.873999999999963 0 0.006 1 5.867999999999964 2 0.0 0 1 265 292 159 118; 2 
7.159999999999957 0 0.006 1 7.1539999999999555 2 0.0 0 1 265 292 118 159 183; 2 
8.555999999999965 0 0.004 1 8.549999999999965 2 0.002 0 1 265 292 118 159 183 209; 2 
9.891999999999971 0 0.012 1 9.875999999999971 2 0.004 0 1 265 292 118 159 183 209 267; 2 
11.359999999999964 0 0.014 1 11.335999999999963 2 0.01 0 1 265 292 118 159 183 209 267 158; 2 
12.705999999999955 0 0.01 1 12.689999999999957 2 0.006 0 1 265 292 118 159 183 209 267 158 291; 2 
14.019999999999953 0 0.012 1 14.003999999999953 2 0.004 0 1 265 292 118 159 183 267 209 291 158 201; 2 
15.515999999999966 0 0.012 1 15.497999999999966 2 0.006 0 1 265 292 118 159 183 267 209 291 158 201 222; 2 
16.985999999999965 0 0.012 1 15.811999999999959 2 1.1620000000000008 0 1 265 292 118 159 183 267 209 291 158 201 222; 2 465; 
18.15399999999999 0 0.02800000000000001 1 17.023999999999976 2 1.1020000000000008 0 1 183 222 118 159 291 292 158 265 209 267 201 29; 2 465; 
19.523999999999983 0 0.002 1 18.350000000000005 2 1.1720000000000008 0 1 183 222 118 159 291 292 158 265 209 267 201 29 28; 2 465; 
20.731999999999974 0 0.014 1 19.606 2 1.1120000000000008 0 1 183 222 118 159 291 292 158 265 209 267 201 29 28 281; 2 465; 
22.18799999999997 0 0.024000000000000007 1 21.054000000000002 2 1.1100000000000008 0 1 183 222 118 159 291 292 158 265 209 267 201 29 28 281 134; 2 465; 
23.253999999999962 0 0.022000000000000006 1 22.093999999999994 2 1.1380000000000008 0 1 183 222 118 159 291 292 158 265 209 267 201 29 28 134 281 55; 2 465; 
24.51399999999995 0 0.018000000000000002 1 23.33799999999998 2 1.1580000000000008 0 1 183 222 118 159 291 292 158 265 209 267 201 29 28 134 281 55 3; 2 465; 
25.685999999999947 0 0.014 1 24.525999999999936 2 1.1460000000000008 0 1 183 222 118 159 291 292 158 265 209 267 201 29 28 134 281 55 3 220; 2 465; 
26.53799999999994 0 0.024000000000000007 1 25.39599999999993 2 1.1180000000000008 0 1 183 222 118 159 291 292 158 265 209 267 201 29 55 281 134 220 28 3 283; 2 465; 
28.33799999999996 0 0.016 1 27.20399999999994 2 1.1180000000000008 0 1 183 222 118 159 291 292 158 265 209 267 201 29 55 281 134 220 28 3 283 94; 2 465; 
29.33199999999997 0 0.022000000000000006 1 29.29999999999997 2 0.01 0 1 183 222 118 159 291 292 158 265 209 178 267 201 29 55 281 134 220 28 3 283 94 167; 2 
30.923999999999992 0 0.012 1 30.9 2 0.012 0 1 281 267 118 159 55 292 158 3 209 134 29 28 94 183 201 178 220 283 265 291 167 222 269; 2 
31.907999999999998 0 0.016 1 31.876000000000005 2 0.016 0 1 281 267 118 159 55 292 158 3 209 134 29 28 94 183 201 178 220 283 265 291 167 222 269 223; 2 
33.664 0 0.026000000000000002 1 32.44199999999999 2 1.1960000000000008 0 1 281 267 118 159 55 292 158 3 209 134 29 28 94 183 201 178 220 265 291 167 222 269 223 207; 2 439; 
34.57200000000004 0 0.034000000000000016 1 33.36199999999999 2 1.1760000000000008 0 1 281 267 118 159 55 292 158 3 209 134 29 28 94 183 201 178 220 265 291 167 222 269 223 207 146; 2 439; 
35.795999999999985 0 0.036000000000000004 1 34.56800000000002 2 1.1920000000000008 0 1 281 267 118 159 55 292 158 3 209 134 29 28 94 183 201 178 220 265 291 167 222 269 223 207 146 121; 2 439; 
37.27600000000003 0 0.030000000000000006 1 34.91600000000002 2 2.3299999999999983 0 1 281 267 118 159 55 292 158 3 209 134 29 28 94 183 201 178 220 265 291 167 222 269 223 207 121 146; 2 439 465; 
38.04800000000002 0 0.022000000000000006 1 35.708000000000034 2 2.317999999999998 0 1 281 267 118 159 55 292 158 3 209 134 29 28 94 183 201 178 220 265 291 167 222 269 223 207 121 146 69; 2 439 465; 
39.44200000000004 0 2.3639999999999977 1 34.714000000000034 2 2.363999999999998 0 401 344; 1 281 267 118 159 55 292 158 3 209 134 28 94 183 201 178 220 265 291 167 222 269 223 207 121 146 69; 2 439 465; 
40.56600000000006 0 2.385999999999998 1 37.02800000000005 2 1.1520000000000008 0 401 344; 1 281 267 118 159 55 292 158 3 209 134 28 94 183 201 178 220 283 265 291 167 222 269 223 207 121 146 69 270; 2 465; 
41.97600000000003 0 2.4219999999999966 1 38.43400000000005 2 1.1200000000000008 0 401 344; 1 281 267 118 159 55 292 158 3 209 134 28 94 183 201 178 220 283 265 291 167 222 269 146 69 223 270 121 207 78; 2 465; 
43.312000000000026 0 2.401999999999997 1 38.58000000000002 2 2.3299999999999983 0 401 344; 1 281 267 118 159 55 292 158 3 209 134 28 94 183 201 178 220 265 291 167 222 269 146 69 223 270 121 207 78 251; 2 439 465; 
44.30799999999999 0 2.3859999999999966 1 39.60000000000001 2 2.321999999999999 0 401 344; 1 281 267 118 159 55 292 158 3 209 134 28 94 183 201 178 220 265 291 167 222 269 146 69 223 270 121 207 78 251 213; 2 439 465; 
45.661999999999956 0 2.351999999999998 1 40.94400000000004 2 2.3659999999999988 0 401 344; 1 281 267 118 159 55 292 158 3 209 134 28 94 183 201 178 220 265 291 167 222 269 146 69 223 270 121 207 78 251 213 65; 2 439 465; 
46.54000000000001 0 3.4219999999999673 1 39.890000000000065 2 3.2279999999999682 0 401 342 383; 1 281 118 159 55 292 158 3 209 134 28 94 183 201 178 220 265 291 167 222 269 69 270 213 223 65 251 207 146 121 78; 2 469 447 465; 
47.58199999999995 0 3.4999999999999702 1 40.809999999999995 2 3.2719999999999705 0 401 342 383; 1 281 118 159 55 292 158 3 209 134 28 94 183 201 178 220 265 291 167 222 269 69 270 213 223 65 251 207 146 121 78 95; 2 469 447 465; 
48.85599999999996 0 4.661999999999979 1 40.920000000000044 2 3.2739999999999685 0 331 401 342 383; 1 281 118 55 292 158 3 209 134 28 94 183 201 178 220 265 291 167 222 269 69 270 213 223 65 251 207 146 121 78 95 271; 2 469 447 465; 
50.12399999999988 0 4.705999999999975 1 42.116000000000035 2 3.3019999999999685 0 331 401 342 383; 1 281 118 55 292 158 3 209 134 28 94 183 201 178 220 265 291 167 222 269 69 270 213 223 65 251 207 146 121 78 95 271 290; 2 469 447 465; 
51.341999999999864 0 5.871999999999946 1 42.18000000000004 2 3.289999999999969 0 331 401 383 342 333; 1 281 118 55 292 158 3 209 134 28 94 183 201 178 220 265 291 167 222 269 290 213 95 65 251 270 146 121 78 69 207 223 271; 2 469 447 465; 
