1.2100000000000009 0 0.030000000000000006 1 1.1720000000000008 2 0.008 0 1 247; 2 
2.319999999999999 0 1.1440000000000008 1 1.1760000000000008 2 0.0 0 424; 1 247; 2 
3.6679999999999673 0 1.1920000000000008 1 2.443999999999997 2 0.032000000000000015 0 424; 1 247 132; 2 
5.1959999999999695 0 1.2080000000000009 1 3.919999999999968 2 0.06800000000000003 0 424; 1 132 51 108; 2 
6.503999999999951 0 1.294000000000001 1 5.137999999999969 2 0.07200000000000004 0 424; 1 132 51 108 252; 2 
7.907999999999967 0 1.2300000000000009 1 6.583999999999957 2 0.09400000000000007 0 424; 1 132 11 108 252 51; 2 
9.089999999999975 0 1.314000000000001 1 7.757999999999969 2 0.018000000000000002 0 424; 1 9 247 108 252 51 73; 2 
10.969999999999974 0 1.324000000000001 1 9.557999999999973 2 0.08800000000000006 0 424; 1 132 11 108 252 51 73 209; 2 
12.09399999999995 0 1.380000000000001 1 10.607999999999972 2 0.10600000000000008 0 424; 1 209 73 247 132 51 252 108 11; 2 
12.555999999999955 0 2.297999999999999 1 9.135999999999974 2 1.1220000000000008 0 327 424; 1 209 73 247 51 252 108 24; 2 477; 
14.003999999999952 0 2.4979999999999953 1 10.381999999999966 2 1.1240000000000008 0 327 424; 1 209 73 247 34 252 108 24 244; 2 477; 
15.07199999999998 0 4.689999999999977 1 9.28599999999998 2 1.0960000000000008 0 327 382 386 317; 1 209 73 247 34 252 108 24; 2 477; 
16.491999999999994 0 3.7299999999999702 1 11.683999999999953 2 1.0780000000000007 0 327 382 386; 1 209 73 247 34 252 108 266 24 91; 2 477; 
18.263999999999992 0 2.6439999999999926 1 15.513999999999974 2 0.10600000000000007 0 327 382; 1 209 73 247 34 252 108 11 266 24 244 91 132; 2 
18.903999999999993 0 4.951999999999975 1 13.847999999999944 2 0.10400000000000008 0 390 327 382 353; 1 189 247 34 252 108 11 266 24 244 91 132; 2 
20.08599999999998 0 5.969999999999948 1 13.96799999999995 2 0.1480000000000001 0 390 327 382 386 353; 1 189 247 34 252 108 11 24 132 91 266 98; 2 
21.371999999999993 0 7.13999999999997 1 14.11199999999995 2 0.12000000000000009 0 390 327 382 386 417 378; 1 189 247 34 252 108 11 24 132 91 266 98; 2 
22.73799999999999 0 6.0539999999999425 1 16.485999999999983 2 0.19800000000000015 0 327 382 386 417 378; 1 209 189 247 34 252 108 11 24 132 91 266 98 268; 2 
24.013999999999946 0 6.015999999999949 1 17.798 2 0.20000000000000015 0 327 382 386 417 378; 1 209 189 247 34 252 108 11 24 132 91 266 98 235 268; 2 
25.12799999999991 0 6.005999999999946 1 17.811999999999994 2 1.310000000000001 0 327 382 386 417 384; 1 209 189 247 34 252 108 11 24 132 237 266 98 268 103; 2 465; 
26.12399999999993 0 7.101999999999961 1 17.733999999999984 2 1.288000000000001 0 327 382 386 417 384 400; 1 209 189 247 34 252 108 11 98 103 237 266 24 268 132; 2 465; 
27.377999999999936 0 5.953999999999942 1 20.131999999999973 2 1.292000000000001 0 327 382 417 384 400; 1 209 189 247 34 252 108 11 98 103 237 266 244 24 83 132 211; 2 465; 
28.373999999999928 0 6.013999999999952 1 20.021999999999974 2 2.3379999999999996 0 327 417 384 400 370; 1 209 189 247 34 128 252 108 98 103 270 266 244 24 83 132 211; 2 477 465; 
30.181999999999938 0 5.93799999999995 1 22.959999999999976 2 1.284000000000001 0 327 417 384 400 370; 1 209 189 247 34 128 252 108 11 98 103 251 266 244 24 83 132 211 248; 2 465; 
31.251999999999995 0 6.927999999999971 1 23.06399999999997 2 1.260000000000001 0 327 424 417 384 400 370; 1 209 189 247 34 128 252 108 11 98 103 251 244 24 83 132 211 248 266; 2 465; 
32.38800000000001 0 7.01599999999997 1 24.09599999999995 2 1.276000000000001 0 327 424 417 384 400 370; 1 209 189 247 34 128 252 108 11 98 103 251 244 24 83 132 211 248 266 54; 2 465; 
33.82400000000002 0 7.121999999999966 1 25.465999999999937 2 1.2360000000000009 0 327 424 417 384 400 370; 1 209 189 247 34 128 252 108 11 98 103 251 244 24 83 183 266 248 211 54 13; 2 465; 
35.10400000000004 0 9.293999999999976 1 24.58399999999992 2 1.2260000000000009 0 327 376 424 417 384 400 370 324; 1 209 189 247 34 128 108 11 298 216 251 244 24 83 180 266 248 211 54 132; 2 465; 
36.33400000000004 0 8.18799999999999 1 26.827999999999925 2 1.318000000000001 0 327 376 424 417 384 400 324; 1 164 189 247 34 128 108 11 298 216 237 244 24 268 180 266 248 211 54 89 132 143; 2 465; 
37.41000000000008 0 8.127999999999986 1 28.011999999999944 2 1.270000000000001 0 327 376 424 417 384 400 324; 1 164 189 247 34 128 108 11 298 216 237 244 24 268 180 266 248 211 54 89 132 143 145; 2 465; 
38.84800000000002 0 10.135999999999965 1 27.45599999999993 2 1.256000000000001 0 327 424 376 317 417 384 400 324 382; 1 209 189 247 34 108 11 298 216 251 244 24 83 180 266 248 211 54 237 132 143 145; 2 465; 
40.25400000000003 0 8.221999999999998 1 30.75599999999998 2 1.276000000000001 0 327 424 317 417 384 324 382; 1 209 189 247 34 86 108 11 298 216 251 244 24 83 180 135 266 153 211 54 237 132 293 145 70; 2 465; 
41.220000000000034 0 8.211999999999996 1 30.68399999999997 2 2.3239999999999976 0 327 424 317 417 384 324 382; 1 209 189 247 86 108 11 298 216 251 244 24 83 180 135 266 153 211 54 237 132 293 145 70 34; 2 451 465; 
42.244 0 7.091999999999968 1 31.785999999999966 2 3.365999999999969 0 327 424 317 417 324 382; 1 209 189 247 86 108 298 103 251 244 24 83 30 180 135 266 248 211 54 237 132 293 145 70 34 11; 2 451 455 465; 
43.46800000000004 0 8.11199999999999 1 31.96199999999998 2 3.3939999999999673 0 327 424 317 384 345 382 324; 1 209 189 247 86 108 298 202 251 244 24 83 180 135 266 248 211 54 237 132 293 145 70 11 34 120; 2 451 455 465; 
45.03400000000005 0 6.8959999999999635 1 34.78400000000004 2 3.353999999999968 0 327 424 317 384 382 324; 1 209 189 247 86 108 298 202 251 244 235 24 83 149 180 135 266 248 211 54 237 132 293 145 70 11 34 120; 2 451 455 465; 
46.370000000000054 0 6.959999999999969 1 35.954000000000036 2 3.4559999999999707 0 327 424 317 384 382 324; 1 209 189 247 86 108 298 202 251 244 235 24 83 149 180 135 266 248 211 54 237 132 293 145 70 11 34 120 182; 2 451 455 465; 
47.869999999999955 0 6.967999999999966 1 37.52200000000001 2 3.379999999999973 0 327 424 317 384 382 324; 1 209 189 247 86 108 298 202 251 244 235 9 83 149 180 135 266 248 211 54 237 132 293 145 70 11 34 120 110 87; 2 451 455 465; 
49.06199999999997 0 6.9199999999999555 1 38.653999999999996 2 3.487999999999968 0 327 424 317 384 382 324; 1 209 73 247 86 108 298 202 251 244 235 9 83 149 180 135 266 248 211 54 237 132 293 145 70 11 34 120 182 87 189; 2 451 455 465; 
49.84599999999987 0 9.141999999999971 1 37.30000000000002 2 3.403999999999969 0 327 424 345 317 384 382 324 376; 1 209 73 247 108 298 202 251 244 235 9 83 149 180 135 266 248 211 54 237 132 143 145 70 11 34 120 182 87 189; 2 451 455 465; 
