1.0860000000000007 0 1.0840000000000007 1 0.002 2 0.0 0 424; 1 ; 2 ;
2.304 0 1.1220000000000008 1 1.1800000000000008 2 0.002 0 424; 1 247; 2 ;
3.4039999999999675 0 2.2399999999999998 1 1.1620000000000008 2 0.002 0 424 327; 1 247; 2 ;
4.9479999999999755 0 3.355999999999968 1 1.5920000000000012 2 0.0 0 383 424 327; 1 73; 2 ;
6.121999999999946 0 4.533999999999979 1 1.5860000000000012 2 0.002 0 383 424 327 370; 1 73; 2 ;
7.229999999999968 0 4.511999999999984 1 1.6360000000000012 2 1.0820000000000007 0 383 424 370 397; 1 73; 2 435;
8.637999999999987 0 4.515999999999981 1 3.021999999999987 2 1.1000000000000008 0 383 424 370 397; 1 73 252; 2 435;
9.991999999999969 0 4.633999999999983 1 4.271999999999973 2 1.0860000000000007 0 383 327 370 397; 1 73 252 266; 2 435;
11.275999999999962 0 4.607999999999978 1 5.531999999999968 2 1.1360000000000008 0 383 327 370 397; 1 73 252 266 189; 2 435;
12.429999999999945 0 4.475999999999984 1 6.773999999999949 2 1.1800000000000008 0 424 370 397 383; 1 83 73 252 28 189; 2 435;
13.617999999999952 0 4.525999999999984 1 7.955999999999966 2 1.1360000000000008 0 424 370 397 383; 1 83 73 28 189 252 103; 2 435;
14.985999999999954 0 4.675999999999979 1 9.181999999999983 2 1.1280000000000008 0 352 370 397 383; 1 83 73 28 189 34 252 103; 2 435;
15.99399999999997 0 4.641999999999983 1 10.215999999999966 2 1.1360000000000008 0 352 397 383 370; 1 252 103 83 34 189 73 28 279; 2 435;
16.84399999999998 0 5.789999999999945 1 9.93599999999997 2 1.1180000000000008 0 352 397 383 370 424; 1 252 103 83 34 189 73 279 52; 2 435;
18.419999999999995 0 5.799999999999943 1 11.467999999999972 2 1.1520000000000008 0 352 397 383 370 424; 1 252 103 83 34 189 73 39 279 28; 2 435;
19.579999999999984 0 6.817999999999962 1 11.621999999999957 2 1.1400000000000008 0 352 397 383 370 424 384; 1 252 103 83 34 189 73 39 279 28; 2 435;
21.159999999999965 0 4.639999999999979 1 15.349999999999964 2 1.1700000000000008 0 383 370 424 384; 1 9 252 103 83 34 98 189 73 39 279 28 97; 2 435;
22.429999999999954 0 4.649999999999978 1 16.61599999999999 2 1.1640000000000008 0 383 424 384 370; 1 9 252 103 83 34 98 247 189 73 279 52 28 97; 2 435;
23.781999999999965 0 4.773999999999979 1 17.78999999999999 2 1.2180000000000009 0 383 424 378 370; 1 9 252 235 83 34 98 247 189 73 279 52 28 97 202; 2 435;
25.04199999999993 0 5.747999999999944 1 18.06999999999999 2 1.2240000000000009 0 383 424 384 370 398; 1 9 280 235 83 34 98 247 189 73 279 52 28 97 202; 2 435;
26.319999999999936 0 5.86199999999994 1 19.311999999999983 2 1.1460000000000008 0 383 424 370 398 378; 1 9 280 235 83 34 98 247 189 73 279 52 28 97 242 202; 2 435;
27.155999999999956 0 6.807999999999962 1 19.211999999999996 2 1.1360000000000008 0 353 370 398 424 383 384; 1 280 235 83 34 98 97 247 189 202 52 9 28 242 73 279; 2 435;
28.673999999999918 0 8.045999999999998 1 20.55199999999996 2 0.07600000000000005 0 353 370 398 424 324 383 378; 1 280 235 83 34 98 97 247 189 202 52 9 28 203 103 279 54; 2 ;
30.257999999999964 0 7.049999999999966 1 20.929999999999996 2 2.2779999999999987 0 384 348 376 424 323 383; 1 280 235 83 34 98 247 189 202 52 205 9 78 279 73 54 293; 2 445 435;
31.329999999999995 0 6.9699999999999696 1 21.99199999999995 2 2.3679999999999968 0 384 348 376 424 323 383; 1 280 235 83 34 98 247 189 202 52 205 9 78 279 73 293 54 190; 2 445 435;
32.71599999999998 0 6.827999999999963 1 25.741999999999905 2 0.1460000000000001 0 397 317 346 348 383 378; 1 280 200 235 83 34 98 189 52 205 9 78 183 103 266 208 279 293 54 190 11; 2 ;
33.308000000000014 0 9.79799999999997 1 23.387999999999955 2 0.1220000000000001 0 345 353 397 317 424 384 383 378 382; 1 235 83 34 98 189 217 52 205 247 28 86 266 73 279 293 54 11 183; 2 ;
34.85600000000003 0 8.895999999999976 1 24.70999999999996 2 1.2500000000000009 0 345 353 317 376 424 383 378 382; 1 235 83 34 98 212 189 217 52 205 247 28 103 266 129 279 293 54 11 183; 2 445;
36.16200000000005 0 8.919999999999968 1 27.079999999999938 2 0.16200000000000012 0 345 353 317 348 424 378 368 375; 1 235 83 34 98 212 189 146 52 205 247 28 103 266 129 244 279 293 54 11 183 153; 2 ;
37.07200000000001 0 8.887999999999971 1 27.979999999999936 2 0.20400000000000015 0 345 353 317 348 424 378 368 375; 1 235 83 34 98 212 189 146 52 205 247 28 103 266 129 244 279 293 54 11 183 153 36; 2 ;
38.134000000000086 0 8.911999999999976 1 28.00999999999992 2 1.2120000000000009 0 345 353 317 348 424 378 368 375; 1 235 83 34 98 212 189 146 52 205 247 28 103 266 129 244 279 183 153 36 293 11 54; 2 451;
39.694000000000024 0 8.883999999999968 1 28.499999999999954 2 2.3099999999999987 0 345 353 317 348 424 378 368 375; 1 235 83 34 98 212 189 146 52 205 247 28 103 266 129 244 279 183 153 293 11 54 53; 2 455 451;
41.03400000000001 0 7.848000000000007 1 29.787999999999943 2 3.3979999999999686 0 345 317 348 424 378 368 375; 1 200 235 83 34 98 212 189 146 52 205 247 28 103 266 208 244 279 183 153 293 11 54 53; 2 455 451 435;
41.38200000000007 0 11.171999999999946 1 25.745999999999928 2 4.4639999999999835 0 345 353 317 346 348 424 324 378 368 375; 1 235 83 34 98 212 189 52 205 247 28 103 266 244 279 183 97 293 11 54 53; 2 455 451 435 445;
42.854 0 7.9619999999999935 1 29.375999999999976 2 5.515999999999945 0 345 317 348 424 378 368 375; 1 200 235 83 34 98 212 189 146 52 91 247 28 103 266 208 244 279 183 97 293 11 54 53; 2 455 451 445 435 457;
44.13800000000001 0 7.939999999999998 1 30.694000000000003 2 5.503999999999946 0 345 317 348 424 378 368 375; 1 200 235 83 34 98 212 189 146 52 91 247 28 103 266 208 244 279 183 97 36 293 11 54 53; 2 451 445 435 457 480;
44.354000000000006 0 11.113999999999937 1 27.799999999999944 2 5.439999999999942 0 345 353 317 327 382 376 424 324 378 375; 1 235 247 34 98 212 189 204 52 91 103 266 244 279 190 183 97 36 293 11 54 53 83; 2 451 445 435 457 480;
46.067999999999984 0 11.217999999999948 1 30.489999999999984 2 4.359999999999988 0 345 353 317 370 327 382 424 324 378 375; 1 235 123 34 98 212 189 217 52 86 103 266 244 279 190 183 97 36 293 11 54 66 83 53 3; 2 451 435 480 445;
46.87799999999999 0 12.211999999999955 1 30.253999999999944 2 4.411999999999987 0 345 353 317 370 327 382 376 424 324 378 375; 1 235 247 34 98 212 189 204 52 103 266 244 279 190 183 97 36 293 11 54 66 83 53 3 123; 2 451 435 480 445;
48.19599999999997 0 13.52199999999993 1 29.269999999999953 2 5.40399999999994 0 345 353 317 370 409 376 324 378 382 375 414 360; 1 235 247 34 98 212 189 204 52 28 103 266 244 279 183 97 36 293 11 66 83 53 3 123; 2 442 451 435 480 445;
