1.430000000000001 0 0.006 1 1.424000000000001 2 0.0 0 1 29; 2 
2.973999999999989 0 0.004 1 2.969999999999989 2 0.0 0 1 29 265; 2 
4.511999999999974 0 0.002 1 4.509999999999974 2 0.0 0 1 29 265 291; 2 
5.86199999999996 0 0.004 1 5.85599999999996 2 0.002 0 1 29 291 265 292; 2 
7.199999999999958 0 0.01 1 7.183999999999958 2 0.006 0 1 29 291 265 292 167; 2 
8.493999999999966 0 0.01 1 8.481999999999967 2 0.002 0 1 292 265 167 29 291 207; 2 
9.859999999999973 0 0.008 1 9.851999999999972 2 0.0 0 1 292 265 167 29 291 207 183; 2 
11.447999999999958 0 0.016 1 11.429999999999955 2 0.002 0 1 292 265 167 29 291 207 183 209; 2 
12.677999999999953 0 0.006 1 12.667999999999953 2 0.004 0 1 292 265 167 29 291 207 183 209 134; 2 
14.199999999999962 0 0.018000000000000002 1 14.177999999999964 2 0.004 0 1 292 265 167 29 291 207 209 183 134 159; 2 
15.373999999999961 0 0.06000000000000004 1 15.311999999999957 2 0.002 0 1 292 265 167 29 291 207 209 183 134 159 9; 2 
16.93599999999997 0 0.056000000000000036 1 16.87799999999997 2 0.002 0 1 292 265 167 29 291 207 159 134 183 209 9 78; 2 
18.127999999999986 0 0.07200000000000004 1 18.049999999999986 2 0.006 0 1 292 265 167 29 291 207 159 134 183 209 9 78 271; 2 
19.22999999999997 0 0.06800000000000003 1 19.15999999999998 2 0.002 0 1 292 265 167 29 291 207 159 134 183 209 9 78 271 55; 2 
20.845999999999954 0 0.05000000000000002 1 20.77999999999996 2 0.016 0 1 292 265 167 29 291 207 159 134 183 209 9 78 271 55 201; 2 
22.11999999999996 0 0.044000000000000025 1 22.065999999999956 2 0.01 0 1 292 265 167 29 291 207 159 134 183 209 9 78 271 55 201 294; 2 
23.69399999999996 0 0.06800000000000005 1 23.609999999999964 2 0.016 0 1 78 292 9 159 209 201 271 207 183 291 134 55 29 167 294 265 158; 2 
24.86999999999995 0 0.04000000000000002 1 24.81799999999995 2 0.012 0 1 78 292 9 159 209 201 271 207 183 291 134 55 29 167 294 265 158 28; 2 
25.975999999999946 0 0.07000000000000005 1 25.895999999999937 2 0.01 0 1 78 292 9 159 209 201 271 207 183 291 134 55 29 167 294 265 158 28 210; 2 
26.955999999999943 0 0.07400000000000005 1 26.877999999999933 2 0.004 0 1 78 292 9 159 209 201 271 207 183 291 134 55 29 167 294 265 158 210 28 178; 2 
28.329999999999938 0 0.02600000000000001 1 28.29999999999994 2 0.004 0 1 78 292 9 159 209 201 271 207 183 291 134 55 29 167 294 265 158 210 28 178 133; 2 
29.421999999999926 0 0.08600000000000003 1 29.331999999999923 2 0.004 0 1 78 292 9 159 209 201 271 207 183 291 134 55 29 167 294 265 158 178 133 210 28 267; 2 
30.91599999999996 0 0.06600000000000003 1 30.835999999999956 2 0.014 0 1 78 292 9 159 209 201 271 207 183 291 134 55 29 167 294 265 158 178 133 210 28 267 213; 2 
31.867999999999945 0 0.05400000000000003 1 30.653999999999975 2 1.1600000000000008 0 1 78 292 9 159 209 201 271 207 183 291 134 55 29 167 294 265 158 178 133 210 28 213 251; 2 456; 
32.808 0 0.05200000000000003 1 31.618000000000002 2 1.1380000000000008 0 1 78 292 9 159 209 201 271 207 183 291 134 55 29 167 294 265 158 178 133 210 28 213 251 177; 2 456; 
34.070000000000014 0 0.08200000000000006 1 32.88200000000001 2 1.1060000000000008 0 1 78 292 9 159 209 201 271 207 183 291 134 55 29 167 294 265 158 178 133 210 28 213 251 177 283; 2 456; 
35.08200000000004 0 0.056000000000000036 1 33.89000000000004 2 1.1360000000000008 0 1 78 292 9 159 209 201 271 207 183 291 134 55 29 167 294 265 158 178 133 210 28 213 251 177 283 220; 2 456; 
36.57200000000003 0 0.07200000000000005 1 35.36400000000003 2 1.1360000000000008 0 1 78 292 9 159 209 201 271 207 183 291 134 55 29 167 294 265 158 178 133 210 28 213 251 283 177 220 65; 2 456; 
38.15800000000003 0 0.08600000000000006 1 38.064000000000036 2 0.008 0 1 78 292 9 159 209 201 271 207 183 291 134 55 29 167 294 265 158 178 133 210 28 267 213 251 283 177 220 65 269; 2 
39.15000000000005 0 0.07200000000000004 1 39.07600000000005 2 0.002 0 1 78 292 9 159 209 201 271 207 183 291 134 55 29 167 294 265 158 178 133 210 28 267 213 251 283 177 220 65 269 118; 2 
40.256 0 0.06400000000000002 1 40.182 2 0.01 0 1 78 292 9 159 209 201 271 207 183 291 134 55 29 167 294 265 158 267 220 269 283 118 65 251 177 213 178 28 210 133 222; 2 
41.614000000000054 0 0.07800000000000004 1 41.52600000000005 2 0.01 0 1 78 292 9 159 209 201 271 207 183 291 134 55 29 167 294 265 158 267 220 269 283 118 65 251 177 213 178 28 210 133 222 270; 2 
42.706000000000024 0 0.06600000000000004 1 42.61600000000003 2 0.024000000000000007 0 1 78 292 9 159 209 201 271 207 183 291 134 55 29 167 294 265 158 267 220 269 283 118 65 251 177 213 178 28 210 133 222 270 23; 2 
43.63600000000004 0 0.09800000000000005 1 43.51400000000003 2 0.024000000000000007 0 1 78 292 9 159 209 201 271 207 183 291 134 55 29 167 294 265 158 267 220 269 283 118 65 251 177 213 178 28 210 133 222 270 23 54; 2 
45.077999999999975 0 0.16200000000000012 1 43.80800000000003 2 1.1080000000000008 0 1 78 292 9 159 209 201 271 183 291 134 55 29 167 294 265 158 54 213 269 283 118 65 251 177 220 178 28 270 133 267 210 23 222 169; 2 428; 
46.34600000000002 0 0.1420000000000001 1 45.080000000000055 2 1.1240000000000008 0 1 78 292 9 159 209 201 271 183 291 134 55 29 167 294 265 158 54 213 269 283 118 65 251 177 220 178 28 270 133 267 210 23 222 169 127; 2 428; 
47.495999999999945 0 0.12800000000000006 1 46.266000000000005 2 1.1020000000000008 0 1 78 292 9 159 209 201 271 183 291 134 55 29 167 294 265 158 54 213 269 283 118 65 251 177 220 178 28 270 133 267 210 23 222 169 127 166; 2 428; 
48.467999999999925 0 1.298000000000001 1 46.03800000000005 2 1.1320000000000008 0 406; 1 78 292 9 159 209 201 271 183 291 134 55 29 167 294 265 158 54 213 269 283 118 65 251 177 220 178 28 270 133 267 210 23 222 166 127 226; 2 428; 
49.655999999999935 0 1.282000000000001 1 47.26800000000002 2 1.1060000000000008 0 406; 1 78 292 9 159 209 201 271 183 291 134 55 29 167 294 265 158 54 213 269 283 118 65 251 177 220 178 28 270 133 267 210 23 222 166 127 226 248; 2 428; 
50.96399999999993 0 1.312000000000001 1 48.501999999999946 2 1.1500000000000008 0 406; 1 78 292 9 159 209 201 271 183 291 134 55 29 167 294 265 182 54 213 269 283 118 65 251 177 220 178 28 270 133 267 210 23 222 166 127 226 248 71; 2 428; 
