1.0560000000000007 0 0.006 1 1.0400000000000007 2 0.01 0 1 12389772; 2 
2.1120000000000014 0 0.01 1 2.0920000000000014 2 0.01 0 1 12389772 14167991; 2 
3.3799999999999657 0 0.04200000000000002 1 3.2919999999999665 2 0.04600000000000002 0 1 12389772 14167991 15184942; 2 
4.663999999999986 0 1.1200000000000008 1 3.4879999999999667 2 0.05600000000000002 0 33437822; 1 12389772 15184942 14167991; 2 
5.705999999999944 0 1.1260000000000008 1 4.517999999999985 2 0.06200000000000004 0 40426026; 1 12389772 15184942 14167991 22523228; 2 
8.93399999999998 0 1.5800000000000012 1 7.239999999999963 2 0.11400000000000009 0 40426026; 1 2384071 15184942 14167991 22523228 14785887; 2 
9.925999999999975 0 1.6320000000000012 1 8.179999999999971 2 0.11400000000000009 0 40426026; 1 12389772 15184942 14167991 22523228 14785887 2384071; 2 
13.453999999999953 0 3.3979999999999784 1 9.889999999999967 2 0.16600000000000012 0 22461427; 1 15184942 12389772 14785887 2384071 22523228 14167991 23344327; 2 
15.005999999999968 0 4.677999999999973 1 10.14399999999996 2 0.18400000000000014 0 7376382 22461427; 1 15184942 12389772 14785887 2384071 22523228 14167991 23344327; 2 
16.165999999999965 0 5.819999999999964 1 10.167999999999973 2 0.17800000000000013 0 7376382 18162730 22461427; 1 15184942 12389772 14785887 2384071 22523228 14167991 23344327; 2 
17.72399999999998 0 5.811999999999969 1 11.703999999999962 2 0.20800000000000016 0 7376382 18162730 22461427; 1 15184942 12389772 14785887 2384071 22523228 14167991 23344327 16447060; 2 
18.75999999999998 0 6.811999999999964 1 11.771999999999963 2 0.17600000000000013 0 33437822 18162730 22461427 7376382; 1 15184942 12389772 14785887 2384071 22523228 14167991 23344327 16447060; 2 
20.48999999999998 0 6.823999999999965 1 13.437999999999937 2 0.22800000000000017 0 22461427 18162730 33437822 7376382; 1 23344327 14167991 2384071 16447060 15184942 22523228 14785887 12389772 8820652; 2 
21.691999999999997 0 7.91999999999997 1 13.517999999999956 2 0.25400000000000017 0 22461427 18162730 33437822 7376382 10367842; 1 23344327 14167991 2384071 16004411 15184942 22523228 14785887 12389772 8820652; 2 
22.945999999999966 0 8.057999999999966 1 14.633999999999963 2 0.25400000000000017 0 22461427 18162730 33437822 7376382 39299693; 1 23344327 14167991 2384071 16447060 15184942 22523228 14785887 12389772 8820652 16102437; 2 
24.009999999999955 0 7.961999999999972 1 15.72199999999996 2 0.32600000000000023 0 22461427 18162730 33437822 7376382 39299693; 1 23344327 14167991 2384071 16447060 15184942 22523228 14785887 12389772 8820652 16102437 17201112; 2 
25.65799999999993 0 8.193999999999969 1 17.147999999999982 2 0.3160000000000002 0 22461427 18162730 33437822 7376382 10367842; 1 23344327 14167991 2384071 16447060 15184942 22523228 14785887 12389772 8820652 16102437 17201112 14451294; 2 
26.31799999999992 0 8.093999999999971 1 17.89399999999998 2 0.33000000000000024 0 22461427 18162730 33437822 7376382 10367842; 1 23344327 14167991 2384071 16447060 15184942 22523228 14785887 12389772 8820652 16102437 17201112 14451294 5807222; 2 
27.411999999999928 0 8.091999999999976 1 19.005999999999997 2 0.3140000000000002 0 22461427 18162730 33437822 7376382 10367842; 1 23344327 14167991 2384071 16447060 15184942 22523228 14785887 12389772 8820652 16102437 17201112 14451294 5807222 22242176; 2 
29.171999999999933 0 8.285999999999971 1 20.535999999999976 2 0.35000000000000026 0 18162730 7376382 33437822 10367842 22461427; 1 8820652 16102437 17201112 2384071 22242176 5807222 15184942 14451294 14785887 12389772 23344327 22523228 16447060 14167991 15105269; 2 
30.15399999999995 0 9.395999999999967 1 20.377999999999954 2 0.3800000000000003 0 18162730 7376382 18888190 10367842 40426026 22461427; 1 8820652 16102437 17201112 2384071 16004411 5807222 15184942 14451294 14785887 12389772 23344327 22523228 14167991 15105269 21266715; 2 
30.38799999999995 0 8.857999999999977 1 21.185999999999982 2 0.34400000000000025 0 18162730 15572221 33437822 10367842 22461427 14720172; 1 8820652 16102437 17201112 2384071 22242176 5807222 15184942 14451294 14785887 12389772 23344327 22523228 16447060 14167991 15105269 21266715; 2 
32.43799999999999 0 9.407999999999976 1 22.671999999999976 2 0.35800000000000026 0 18162730 7376382 33437822 10367842 40426026 22461427; 1 8820652 16102437 17201112 2384071 16004411 5807222 15184942 14451294 14785887 12389772 23344327 22523228 14167991 15105269 21266715 14259990 15076390; 2 
34.296000000000014 0 8.689999999999966 1 24.205999999999943 2 1.400000000000001 0 18162730 7376382 33437822 29863027 22461427; 1 8820652 16102437 17201112 2384071 22242176 5807222 15184942 14451294 14785887 12389772 23344327 22523228 16447060 14167991 15105269 21266715 14259990 15076390; 2 24241212; 
35.378000000000014 0 8.755999999999966 1 25.259999999999927 2 1.362000000000001 0 18162730 7376382 33437822 29863027 22461427; 1 8820652 16102437 17201112 2384071 22242176 5807222 15184942 14451294 14785887 12389772 23344327 22523228 16447060 14167991 15105269 21266715 14259990 15076390 22317106; 2 24241212; 
35.54400000000002 0 10.575999999999969 1 23.593999999999955 2 1.374000000000001 0 18162730 7376382 33437822 29863027 40426026 22461427 14720172; 1 8820652 16102437 17201112 2384071 22242176 5807222 15184942 14451294 14785887 12389772 23344327 22523228 14167991 15105269 21266715 15076390 22317106 20214703; 2 24241212; 
37.025999999999996 0 10.663999999999968 1 24.975999999999935 2 1.386000000000001 0 18162730 7376382 33437822 29863027 40426026 22461427 14720172; 1 8820652 16102437 17201112 2384071 22242176 5807222 15184942 14451294 14785887 12389772 23344327 22523228 14167991 15105269 21266715 15076390 22317106 16447060 797018; 2 24241212; 
38.19800000000003 0 10.717999999999972 1 26.087999999999926 2 1.392000000000001 0 18162730 7376382 33437822 29863027 40426026 22461427 14720172; 1 8820652 16102437 17201112 2384071 22242176 5807222 15184942 14451294 14785887 12389772 23344327 22523228 14167991 15105269 21266715 15076390 22317106 16447060 797018 14097544; 2 24241212; 
39.29600000000003 0 11.57599999999995 1 26.26199999999994 2 1.458000000000001 0 18162730 7376382 33437822 29863027 40426026 22461427 14720172 17316916; 1 8820652 16102437 17201112 2384071 22242176 5807222 15184942 14451294 14785887 12389772 23344327 22523228 14167991 15105269 21266715 14097544 22317106 797018 16447060 15076390; 2 24241212; 
39.62000000000004 0 11.429999999999955 1 26.839999999999943 2 1.350000000000001 0 18162730 7376382 33437822 29863027 40426026 22461427 18888190 17316916; 1 8820652 16102437 17201112 2384071 16004411 5807222 15184942 14451294 14785887 12389772 23344327 22523228 14167991 15105269 21266715 14259990 14097544 22317106 797018 11442052 27120518; 2 24241212; 
40.578 0 11.53199999999995 1 27.685999999999936 2 1.360000000000001 0 18162730 7376382 33437822 29863027 40426026 22461427 18888190 17316916; 1 8820652 16102437 17201112 2384071 16004411 5807222 15184942 14451294 14785887 12389772 23344327 22523228 14167991 15105269 21266715 14259990 14097544 22317106 797018 11442052 27120518 20657429; 2 24241212; 
42.21200000000003 0 11.853999999999951 1 28.943999999999964 2 1.414000000000001 0 18162730 7376382 33437822 29863027 40426026 22461427 18888190 11350892; 1 8820652 16102437 17201112 2384071 16004411 5807222 15184942 14451294 14785887 12389772 23344327 22523228 14167991 15105269 21266715 14259990 14097544 22317106 797018 11442052 22040276 27120518 20657429; 2 24241212; 
43.18800000000004 0 12.661999999999955 1 29.081999999999915 2 1.444000000000001 0 29863027 18162730 7376382 18888190 11350892 40426026 22461427 33437822 14306885; 1 16102437 797018 2384071 16004411 5807222 14097544 14785887 22523228 27120518 14259990 22317106 11442052 22040276 8820652 14167991 20657429 21266715 23344327 12389772 14451294 15184942 17201112 15105269; 2 24241212; 
43.69 0 13.387999999999947 1 28.92199999999995 2 1.380000000000001 0 39299693 18162730 7376382 18888190 11350892 19045839 14139780 33437822 14306885 22461427; 1 16102437 797018 2384071 16004411 5807222 14097544 14785887 22523228 27120518 14259990 22317106 11442052 22040276 8820652 14167991 20657429 21266715 23344327 12389772 14451294 15184942 17201112 15105269; 2 24241212; 
44.79600000000001 0 13.523999999999946 1 29.887999999999966 2 1.384000000000001 0 39299693 18162730 7376382 18888190 11350892 19045839 14139780 33437822 14306885 22461427; 1 16102437 797018 2384071 16004411 5807222 14097544 14785887 22523228 27120518 14259990 22317106 11442052 22040276 8820652 14167991 20657429 21266715 23344327 12389772 14451294 15184942 17201112 15105269 17250640; 2 24241212; 
45.71200000000004 0 13.413999999999959 1 30.898000000000003 2 1.400000000000001 0 39299693 18162730 7376382 18888190 11350892 19045839 14139780 33437822 14306885 22461427; 1 16102437 797018 2384071 16004411 5807222 14097544 14785887 22523228 27120518 14259990 22317106 11442052 22040276 8820652 14167991 20657429 21266715 23344327 12389772 14451294 15184942 17201112 15105269 17250640 16845153; 2 24241212; 
47.38799999999994 0 13.603999999999958 1 32.35799999999998 2 1.426000000000001 0 39299693 18162730 7376382 18888190 11350892 19045839 14139780 33437822 14306885 22461427; 1 16102437 797018 2384071 16004411 5807222 14097544 14785887 22523228 27120518 14259990 22317106 11442052 22040276 8820652 14167991 20657429 21266715 23344327 12389772 14451294 15184942 17201112 15105269 17250640 16845153 15076390; 2 24241212; 
48.53399999999992 0 13.615999999999948 1 33.51200000000003 2 1.406000000000001 0 39299693 18162730 7376382 18888190 11350892 19045839 14139780 33437822 14306885 22461427; 1 16102437 797018 2384071 16004411 5807222 14097544 14785887 22523228 27120518 14259990 22317106 11442052 22040276 8820652 14167991 20657429 21266715 23344327 12389772 14451294 15184942 17201112 15105269 17250640 16845153 15076390 17862286; 2 24241212; 
49.97399999999985 0 13.949999999999957 1 34.54800000000006 2 1.476000000000001 0 29863027 18162730 7376382 18888190 11350892 19045839 14139780 33437822 14306885 22461427; 1 16102437 797018 2384071 16004411 5807222 14097544 14785887 22523228 27120518 14259990 22317106 11442052 22040276 8820652 14167991 20657429 21266715 23344327 12389772 14451294 15184942 17201112 15105269 17250640 16845153 15076390 17862286 23135992; 2 24241212; 
51.52599999999988 0 14.111999999999952 1 35.88000000000007 2 1.5340000000000011 0 29863027 18162730 7376382 18888190 11350892 19045839 14139780 33437822 14306885 22461427; 1 16102437 797018 2384071 16004411 5807222 14097544 14785887 22523228 27120518 14259990 22317106 11442052 22040276 8820652 14167991 20657429 21266715 23344327 12389772 14451294 15184942 17201112 15105269 17250640 15076390 23135992 16845153 17862286 1315431; 2 24241212; 
