1.1000000000000008 0 0.014 1 1.0820000000000007 2 0.004 0 1 14167991; 2 
2.144000000000001 0 0.016 1 2.1060000000000008 2 0.022000000000000006 0 1 14167991 12389772; 2 
5.423999999999971 0 0.4100000000000003 1 4.931999999999971 2 0.08200000000000006 0 1 14167991 2384071 14785887; 2 
6.507999999999956 0 1.5420000000000011 1 4.8979999999999695 2 0.06800000000000005 0 28340503; 1 2384071 14167991 14785887; 2 
9.737999999999966 0 4.159999999999977 1 5.43999999999997 2 0.1380000000000001 0 33437822 22461427; 1 2384071 14167991 14785887; 2 
10.837999999999964 0 4.257999999999972 1 6.489999999999963 2 0.09000000000000007 0 33437822 22461427; 1 2384071 14167991 14785887 797018; 2 
12.187999999999965 0 4.285999999999978 1 7.723999999999968 2 0.17800000000000013 0 33437822 22461427; 1 14785887 797018 2384071 14167991 15184942; 2 
13.881999999999959 0 4.623999999999975 1 9.09599999999997 2 0.16200000000000012 0 7376382 22461427; 1 14785887 797018 2384071 14167991 15184942 22242176; 2 
14.801999999999977 0 5.601999999999967 1 9.077999999999976 2 0.1220000000000001 0 7376382 22461427 14813714; 1 14785887 797018 2384071 14167991 15184942 22242176; 2 
16.59599999999998 0 5.885999999999967 1 10.517999999999978 2 0.19200000000000014 0 22461427 14813714 7376382; 1 14785887 22242176 797018 14167991 2384071 15184942 16102437; 2 
17.697999999999983 0 5.7539999999999685 1 11.741999999999962 2 0.20200000000000015 0 22461427 14813714 7376382; 1 14785887 22242176 797018 14167991 2384071 15184942 16102437 23344327; 2 
18.667999999999974 0 6.893999999999961 1 11.543999999999956 2 0.23000000000000018 0 22461427 14813714 7376382 14139780; 1 14785887 22242176 797018 14167991 2384071 15184942 16102437 23344327; 2 
20.193999999999978 0 6.885999999999964 1 13.08199999999995 2 0.22600000000000017 0 22461427 14813714 7376382 14139780; 1 14785887 22242176 797018 14167991 2384071 15184942 16102437 23344327 17486893; 2 
21.19399999999998 0 6.977999999999964 1 13.983999999999975 2 0.23200000000000018 0 22461427 14813714 7376382 14139780; 1 14785887 22242176 797018 14167991 2384071 15184942 16102437 23344327 17486893 22523228; 2 
21.821999999999974 0 7.799999999999972 1 13.783999999999939 2 0.23800000000000018 0 22461427 14813714 7376382 14139780 21719730; 1 14785887 22242176 797018 14167991 2384071 15184942 16102437 22523228 23344327 14451294; 2 
22.281999999999965 0 8.495999999999968 1 13.587999999999953 2 0.19800000000000015 0 22461427 14813714 33437822 14139780 21719730 14720172; 1 14785887 22242176 797018 14167991 2384071 15184942 16102437 22523228 23344327 14451294; 2 
23.51399999999997 0 8.613999999999972 1 14.639999999999972 2 0.2600000000000002 0 22461427 14813714 33437822 14139780 21719730 14720172; 1 14785887 22242176 797018 14167991 12389772 15184942 16102437 22523228 23344327 14451294 2384071; 2 
24.90799999999994 0 9.693999999999969 1 14.995999999999963 2 0.21800000000000017 0 22461427 14813714 33437822 21719730 14139780 14720172 14368074; 1 14785887 22242176 797018 14167991 12389772 15184942 16102437 23344327 2384071 14451294 22523228; 2 
25.867999999999913 0 9.589999999999973 1 16.061999999999966 2 0.21600000000000016 0 22461427 14813714 33437822 21719730 14139780 14720172 14368074; 1 14785887 22242176 797018 14167991 12389772 15184942 16102437 23344327 2384071 14451294 22523228 17201112; 2 
26.957999999999902 0 9.685999999999972 1 16.954000000000004 2 0.3180000000000002 0 22461427 14813714 33437822 21719730 14139780 14720172 14368074; 1 14785887 22242176 797018 14167991 12389772 15184942 16102437 23344327 2384071 14451294 22523228 17201112 15728729; 2 
28.045999999999935 0 10.743999999999957 1 17.09199999999998 2 0.21000000000000016 0 39299693 14813714 33437822 19045839 14139780 14720172 14368074 22461427; 1 14785887 22242176 797018 14167991 12389772 15184942 16102437 23344327 2384071 14451294 22523228 15728729 17201112; 2 
29.429999999999964 0 9.86599999999997 1 19.323999999999995 2 0.24000000000000019 0 14813714 33437822 19045839 14139780 14720172 14368074 22461427; 1 14785887 22242176 16780257 797018 14167991 12389772 15184942 16102437 23344327 2384071 14451294 22523228 15728729 17201112 17486893; 2 
30.445999999999994 0 10.917999999999967 1 19.231999999999996 2 0.2960000000000002 0 18162730 33437822 19045839 14139780 14720172 14368074 22461427 14813714; 1 14785887 22242176 16780257 797018 14167991 12389772 15184942 16102437 23344327 2384071 14451294 22523228 15728729 17201112 17486893; 2 
31.670000000000023 0 10.887999999999963 1 20.449999999999985 2 0.33200000000000024 0 18162730 33437822 19045839 14139780 14720172 14368074 14813714 22461427; 1 14785887 22242176 16780257 797018 14167991 12389772 15184942 16102437 23344327 2384071 14451294 22523228 17201112 15728729 17486893 16845153; 2 
32.40600000000002 0 10.687999999999967 1 20.426000000000002 2 1.292000000000001 0 39299693 18162730 33437822 19045839 14139780 14720172 14368074 22461427; 1 14785887 22242176 797018 14167991 12389772 15184942 16102437 23344327 2384071 14451294 22523228 17201112 15728729 17486893 16845153 15068456; 2 24241212; 
34.42400000000002 0 11.191999999999956 1 21.889999999999972 2 1.342000000000001 0 39299693 18162730 33437822 19045839 14139780 14368074 22461427 7376382; 1 14785887 22242176 797018 14167991 12389772 15184942 16102437 23344327 2384071 14451294 22523228 15076390 17201112 15728729 17486893 16845153 15068456; 2 24241212; 
35.70400000000006 0 11.365999999999968 1 23.033999999999967 2 1.304000000000001 0 39299693 18162730 33437822 19045839 14139780 14368074 22461427 7376382; 1 14785887 22242176 797018 14167991 12389772 15184942 16102437 23344327 2384071 14451294 22523228 15076390 17201112 15728729 17486893 16845153 15068456 20579309; 2 24241212; 
36.922000000000075 0 11.513999999999973 1 24.04799999999995 2 1.360000000000001 0 39299693 18162730 33437822 19045839 14139780 14368074 22461427 7376382; 1 14785887 22242176 797018 14167991 12389772 15184942 16102437 23344327 2384071 14451294 22523228 15076390 17201112 15728729 17486893 16845153 15068456 20579309 229523; 2 24241212; 
37.26400000000002 0 12.061999999999955 1 23.907999999999987 2 1.294000000000001 0 39299693 18162730 33437822 19045839 14139780 14368074 22461427 18888190 7376382; 1 14785887 22242176 797018 14167991 12389772 15184942 16102437 23344327 2384071 14451294 22523228 40225273 17201112 15728729 17486893 16845153 229523 20579309 15068456; 2 24241212; 
38.45400000000001 0 12.209999999999955 1 24.927999999999923 2 1.316000000000001 0 39299693 18162730 33437822 19045839 14139780 14368074 22461427 18888190 7376382; 1 14785887 22242176 797018 14167991 12389772 15184942 16102437 23344327 2384071 14451294 22523228 40225273 17201112 15728729 17486893 16845153 229523 20579309 15068456 15105269; 2 24241212; 
39.76799999999996 0 13.25999999999993 1 25.157999999999923 2 1.350000000000001 0 39299693 18162730 33437822 19045839 14139780 14368074 22461427 18888190 14306885 7376382; 1 14785887 22242176 797018 14167991 12389772 15184942 16102437 23344327 2384071 14451294 22523228 40225273 17201112 15728729 17486893 16845153 229523 20579309 15105269 16780257; 2 24241212; 
40.438000000000045 0 14.073999999999959 1 25.05599999999991 2 1.308000000000001 0 39299693 18162730 33437822 19045839 14139780 14720172 14368074 22461427 18888190 14306885 7376382; 1 14785887 22242176 797018 14167991 12389772 15184942 16102437 23344327 2384071 14451294 22523228 17201112 15728729 17486893 16845153 229523 20579309 15105269 16780257 27120518; 2 24241212; 
41.874 0 14.225999999999944 1 26.27399999999992 2 1.374000000000001 0 39299693 18162730 33437822 19045839 14139780 14720172 14368074 22461427 18888190 14306885 7376382; 1 14785887 22242176 797018 14167991 12389772 15184942 16102437 23344327 2384071 14451294 22523228 17201112 15728729 17486893 16845153 229523 20579309 15105269 16780257 27120518 21093392; 2 24241212; 
42.99200000000004 0 15.37799999999997 1 26.251999999999917 2 1.362000000000001 0 39299693 18162730 33437822 19045839 14139780 14720172 14368074 22461427 18888190 14306885 7376382 18660521; 1 14785887 22242176 797018 14167991 12389772 15184942 16102437 23344327 2384071 14451294 22523228 17201112 15728729 17486893 16845153 229523 20579309 15105269 16780257 27120518 21093392; 2 24241212; 
44.16000000000002 0 15.19799999999997 1 27.569999999999926 2 1.392000000000001 0 39299693 18162730 33437822 19045839 14139780 14720172 14368074 22461427 18888190 14306885 7376382 18660521; 1 14785887 22242176 797018 14167991 12389772 15184942 16102437 23344327 2384071 14451294 22523228 17201112 15728729 17486893 16845153 229523 20579309 16780257 27120518 15105269 21093392 14098609; 2 24241212; 
45.458 0 15.391999999999973 1 28.679999999999936 2 1.386000000000001 0 39299693 18162730 33437822 19045839 14139780 14720172 14368074 22461427 18888190 14306885 7376382 18660521; 1 14785887 22242176 797018 14167991 12389772 15184942 16102437 23344327 2384071 14451294 22523228 17201112 15728729 17486893 16845153 229523 20579309 16780257 27120518 15105269 21093392 14098609 15862005; 2 24241212; 
46.06600000000004 0 15.35599999999997 1 29.293999999999947 2 1.416000000000001 0 39299693 18162730 33437822 19045839 14139780 14720172 14368074 22461427 18888190 14306885 7376382 18660521; 1 14785887 22242176 797018 14167991 12389772 15184942 16102437 23344327 2384071 14451294 22523228 17201112 15728729 17486893 16845153 229523 20579309 16780257 27120518 15105269 21093392 26841567 15862005 14456344; 2 24241212; 
47.359999999999935 0 16.487999999999982 1 29.46999999999993 2 1.402000000000001 0 39299693 18162730 33437822 14368074 19045839 18888190 18660521 14720172 15758330 14139780 7376382 22461427 17514705; 1 14785887 22242176 797018 14167991 12389772 15184942 16102437 22523228 21093392 15068456 16845153 229523 26841567 14456344 15105269 23344327 27120518 17201112 17486893 15728729 14451294 15862005 16780257 2384071; 2 24241212; 
48.47999999999994 0 16.58599999999999 1 30.53799999999995 2 1.356000000000001 0 39299693 18162730 33437822 14368074 19045839 18888190 18660521 14720172 15758330 14139780 7376382 22461427 17514705; 1 14785887 22242176 797018 14167991 12389772 15184942 16102437 22523228 21093392 15068456 16845153 229523 26841567 14456344 15105269 23344327 27120518 17201112 17486893 15728729 14451294 15862005 16780257 2384071 14431629; 2 24241212; 
49.505999999999894 0 16.607999999999986 1 31.418000000000006 2 1.480000000000001 0 39299693 18162730 11350892 14368074 19045839 18888190 18660521 15758330 14139780 7376382 22461427 17514705 18083070; 1 14785887 22242176 797018 14167991 12389772 15184942 16102437 22523228 21093392 15068456 16845153 229523 26841567 14456344 19447907 15105269 23344327 27120518 17201112 17486893 15728729 14451294 15862005 16780257 2384071 14431629; 2 24241212; 
