2.4659999999999918 0 0.2920000000000002 1 0.9060000000000007 2 1.268000000000001 0 1 2 17850012; 
3.487999999999981 0 0.32200000000000023 1 0.9040000000000007 2 2.2619999999999996 0 1 2 17850012 24863940; 
3.161999999999964 0 0.046000000000000006 1 1.0980000000000008 2 2.0180000000000016 0 1 797018; 2 24863940 16420606; 
7.7219999999999684 0 0.8400000000000006 1 5.543999999999973 2 1.338000000000001 0 1 797018 2384071 18398842; 2 17850012; 
6.543999999999949 0 0.3080000000000002 1 1.9960000000000016 2 4.239999999999994 0 1 797018; 2 17850012 24863940 16420606 16788703; 
9.761999999999972 0 3.1379999999999804 1 2.3759999999999915 2 4.247999999999992 0 22461427; 1 797018; 2 17850012 24863940 16420606 16788703; 
11.493999999999975 0 3.1619999999999813 1 5.20799999999997 2 3.123999999999966 0 22461427; 1 797018 2384071 14909369; 2 16420606 16788703 24863940; 
12.74199999999997 0 3.2619999999999827 1 6.315999999999962 2 3.1639999999999695 0 22461427; 1 797018 2384071 14909369 41773112; 2 16420606 16788703 24863940; 
14.091999999999976 0 3.399999999999981 1 7.4679999999999644 2 3.2239999999999642 0 22461427; 1 797018 2384071 14909369 41773112 17201112; 2 16420606 16788703 24863940; 
16.147999999999968 0 3.5279999999999787 1 8.243999999999966 2 4.375999999999987 0 22461427; 1 797018 14909369 41773112 17201112 2384071; 2 16420606 17850012 16788703 24863940; 
17.329999999999988 0 4.627999999999969 1 8.311999999999964 2 4.389999999999989 0 27362221 22461427; 1 797018 14909369 17201112 41773112 2384071; 2 16420606 17850012 16788703 24863940; 
18.78799999999997 0 4.711999999999974 1 9.587999999999969 2 4.4879999999999844 0 27362221 22461427; 1 797018 14909369 17201112 41773112 2384071 15105269; 2 16420606 17850012 16788703 24863940; 
19.683999999999948 0 5.617999999999969 1 9.58799999999997 2 4.477999999999985 0 27362221 22461427 16146535; 1 797018 14909369 17201112 41773112 2384071 15105269; 2 16420606 17850012 16788703 24863940; 
18.63599999999997 0 5.187999999999968 1 9.021999999999966 2 4.425999999999983 0 14372426 22461427 16146535; 1 797018 14909369 17201112 41773112 22523228 15105269 22463905; 2 16420606 17850012 16788703 24863940; 
19.035999999999987 0 5.057999999999972 1 9.663999999999971 2 4.313999999999994 0 14372426 16146535 22461427; 1 797018 14245571 14909369 41773112 17201112 22523228 15105269 22463905; 2 16420606 16788703 24863940 18102660; 
23.23399999999997 0 6.76199999999997 1 10.61199999999996 2 5.8599999999999435 0 14372426 16146535 7376382 22461427; 1 797018 14909369 41773112 17201112 22523228 15105269 2384071; 2 16420606 19686924 16788703 24863940 18102660; 
24.271999999999956 0 6.94799999999997 1 11.44199999999995 2 5.881999999999947 0 14372426 16146535 7376382 22461427; 1 797018 14909369 41773112 17201112 22523228 15105269 2384071 12389772; 2 16420606 19686924 16788703 24863940 18102660; 
25.37399999999993 0 6.68399999999996 1 12.783999999999946 2 5.905999999999946 0 14372426 16146535 7376382 22461427; 1 797018 14909369 41773112 17201112 22523228 15105269 2384071 12389772 15862005; 2 16420606 19686924 16788703 24863940 18102660; 
26.72199999999996 0 7.157999999999959 1 14.133999999999968 2 5.429999999999945 0 14372426 16146535 7376382 22461427; 1 797018 14909369 41773112 17201112 22523228 15105269 2384071 12389772 15862005 21381690; 2 16420606 17850012 16788703 24863940 18102660; 
27.14799999999993 0 6.807999999999961 1 14.925999999999954 2 5.413999999999944 0 14372426 16146535 18888190 22461427; 1 797018 14909369 41773112 17201112 22523228 15105269 2384071 12389772 15862005 21381690 15487691; 2 16420606 17850012 16788703 24863940 18102660; 
28.015999999999966 0 6.513999999999961 1 15.52399999999998 2 5.9779999999999545 0 18888190 22461427 16146535 14372426; 1 12389772 15487691 22523228 797018 17201112 14909369 14270650 41773112 2384071 15105269 15862005 14521343; 2 16788703 24863940 19686924 18102660 16420606; 
29.061999999999948 0 6.657999999999961 1 16.629999999999985 2 5.773999999999946 0 18888190 22461427 16146535 14372426; 1 12389772 15487691 22523228 797018 17201112 14909369 14270650 41773112 2384071 15105269 15862005 14521343 14167991; 2 16788703 24863940 19686924 18102660 16420606; 
30.149999999999967 0 6.571999999999968 1 16.565999999999974 2 7.01199999999997 0 22461427 20661527 14372426 27362221; 1 12389772 15487691 22523228 797018 17201112 14909369 14270650 41773112 2384071 15105269 15862005 14521343 14167991; 2 9146202 16788703 24863940 19686924 18102660 16420606; 
31.55399999999999 0 6.789999999999965 1 17.830000000000002 2 6.93399999999997 0 22461427 20661527 14372426 27362221; 1 12389772 15487691 22523228 797018 17201112 14909369 14270650 41773112 2384071 15105269 15862005 14521343 14167991 23135992; 2 9146202 16788703 24863940 19686924 18102660 16420606; 
32.38800000000002 0 6.585999999999957 1 18.855999999999995 2 6.945999999999959 0 22461427 16146535 19570101 27362221; 1 12389772 15487691 22523228 797018 17201112 14909369 14270650 41773112 2384071 15105269 15862005 14521343 14167991 23135992 8043172; 2 9146202 16788703 24863940 19686924 18102660 16420606; 
33.34800000000003 0 6.84999999999996 1 19.558 2 6.939999999999968 0 22461427 20661527 19570101 27362221; 1 12389772 15487691 22523228 797018 17201112 14909369 14270650 41773112 2384071 15105269 15862005 14521343 14167991 23135992 8043172 19764560; 2 9146202 16788703 24863940 19686924 18102660 16420606; 
35.040000000000035 0 6.785999999999969 1 21.177999999999937 2 7.0759999999999685 0 22461427 20661527 19570101 27362221; 1 12389772 15487691 22523228 797018 17201112 14909369 14270650 41773112 2384071 15105269 15862005 14521343 14167991 23135992 8043172 19764560 16102437; 2 9146202 16788703 24863940 19686924 18102660 16420606; 
36.288000000000046 0 7.959999999999968 1 22.28399999999997 2 6.043999999999951 0 22461427 20661527 21733345 19570101 27362221; 1 12389772 15487691 22523228 797018 17201112 14909369 14270650 41773112 2384071 15105269 15862005 14521343 14167991 19764560 8043172 16102437 23135992 20657078; 2 9146202 16788703 24863940 19686924 18102660; 
37.57600000000003 0 7.923999999999961 1 23.653999999999915 2 5.99799999999995 0 22461427 20661527 21733345 19570101 27362221; 1 12389772 15487691 22523228 797018 17201112 14909369 14270650 41773112 2384071 15105269 15862005 14521343 14167991 19764560 8043172 16102437 23135992 20657078 21093392; 2 9146202 16788703 24863940 19686924 18102660; 
38.988000000000056 0 8.203999999999967 1 23.719999999999967 2 7.063999999999963 0 22461427 20661527 21733345 19570101 27362221; 1 12389772 15487691 22523228 797018 17201112 14909369 14270650 41773112 2384071 15105269 15862005 14521343 14167991 19764560 8043172 16102437 23135992 20657078 21093392; 2 9146202 16788703 24863940 19686924 18102660 11120172; 
40.106000000000044 0 7.131999999999959 1 25.887999999999913 2 7.085999999999961 0 22461427 20661527 19570101 27362221; 1 12389772 15487691 22523228 797018 17201112 14909369 14270650 41773112 2384071 15105269 15862005 17548348 14521343 14167991 19764560 8043172 16102437 23135992 20657078 21093392 23344327; 2 9146202 16788703 24863940 19686924 18102660 11120172; 
41.17400000000009 0 8.239999999999975 1 25.80399999999992 2 7.129999999999972 0 22461427 20661527 19570101 27362221 9922122; 1 12389772 15487691 22523228 797018 17201112 14909369 14270650 41773112 2384071 15105269 15862005 17548348 14521343 14167991 19764560 8043172 16102437 23135992 20657078 21093392 23344327; 2 9146202 16788703 24863940 19686924 18102660 11120172; 
42.042000000000016 0 8.127999999999965 1 26.897999999999932 2 7.015999999999968 0 22461427 20661527 19570101 27362221 9922122; 1 12389772 15487691 22523228 797018 17201112 14909369 14270650 41773112 2384071 15105269 15862005 17548348 14521343 14167991 19764560 8043172 16102437 23135992 20657078 21093392 23344327 21266715; 2 9146202 16788703 24863940 19686924 18102660 11120172; 
42.98800000000004 0 9.09399999999997 1 26.86199999999993 2 7.031999999999969 0 22461427 20661527 19570101 15572221 9922122 18888190; 1 12389772 15487691 22523228 797018 17201112 14909369 14270650 41773112 2384071 15105269 15862005 17548348 14521343 14167991 19764560 8043172 16102437 23135992 20657078 21093392 23344327 21266715; 2 9146202 16788703 24863940 19686924 18102660 11120172; 
44.12000000000005 0 9.159999999999975 1 27.90599999999992 2 7.053999999999967 0 22461427 20661527 19570101 9922122 18888190 24266846; 1 12389772 15487691 22523228 797018 17201112 14909369 14270650 41773112 2384071 15105269 15862005 17548348 14521343 14167991 19764560 8043172 26348935 16102437 23135992 20657078 21093392 23344327 21266715; 2 9146202 16788703 24863940 19686924 18102660 11120172; 
44.95999999999999 0 9.105999999999984 1 28.78999999999993 2 7.063999999999971 0 22461427 20661527 19570101 18888190 24266846 9922122; 1 12389772 15487691 22523228 797018 17201112 14909369 14270650 41773112 2384071 15105269 15862005 17548348 14521343 14167991 19764560 8043172 26348935 16102437 23135992 20657078 21093392 23344327 21266715 37975185; 2 9146202 16788703 24863940 19686924 18102660 11120172; 
46.610000000000014 0 9.369999999999978 1 30.177999999999937 2 7.061999999999963 0 22461427 20661527 19570101 18888190 29863027 9922122; 1 12389772 15487691 22523228 797018 17201112 14909369 14270650 41773112 2384071 15105269 15862005 17548348 14521343 14167991 19764560 8043172 26348935 16102437 23135992 20657078 21093392 23344327 21266715 37975185 14696659; 2 9146202 16788703 24863940 19686924 18102660 11120172; 
47.52799999999999 0 9.421999999999974 1 31.04800000000002 2 7.057999999999977 0 22461427 20661527 19570101 18888190 29863027 9922122; 1 12389772 15487691 22523228 797018 17201112 14909369 14270650 41773112 2384071 15105269 15862005 17548348 14521343 14167991 19764560 8043172 26348935 16102437 23135992 20657078 21093392 23344327 21266715 37975185 14696659 11541862; 2 9146202 16788703 24863940 19686924 18102660 11120172; 
48.97199999999996 0 10.419999999999956 1 31.483999999999988 2 7.06799999999997 0 15256188 22461427 20661527 19570101 18888190 29863027 9922122; 1 12389772 15487691 797018 17201112 14909369 14270650 41773112 2384071 15105269 15862005 17548348 23832567 14167991 19764560 8043172 26348935 16102437 23135992 20657078 21093392 23344327 21266715 27721637 14696659 11541862 9590002; 2 19543485 16788703 24863940 19686924 18102660 11120172; 
50.11599999999989 0 10.517999999999967 1 32.437999999999995 2 7.1599999999999735 0 15256188 22461427 20661527 19570101 9922122 29863027 18888190; 1 12389772 15487691 797018 17201112 14909369 14270650 41773112 2384071 15105269 15862005 17548348 23832567 19764560 21266715 23344327 16102437 21093392 27721637 20657078 14167991 14696659 23135992 11541862 26348935 8043172 9590002 16494857; 2 19543485 16788703 24863940 19686924 18102660 11120172; 
