1.0920000000000007 0 0.008 1 1.0740000000000007 2 0.01 0 1 12389772; 2 
2.1860000000000004 0 0.034 1 2.140000000000001 2 0.012 0 1 12389772 22523228; 2 
5.503999999999964 0 3.887999999999976 1 1.5640000000000012 2 0.05200000000000003 0 22461427 18162730; 1 12389772; 2 
7.101999999999956 0 4.053999999999973 1 2.9819999999999873 2 0.06600000000000002 0 22461427 14813714; 1 12389772 17173775; 2 
7.723999999999958 0 4.90799999999997 1 2.749999999999992 2 0.06600000000000003 0 22461427 18162730 14813714; 1 12389772 22242176; 2 
10.37199999999996 0 4.1079999999999774 1 5.203999999999976 2 1.0600000000000007 0 22461427 14813714; 1 12389772 16447060 22242176; 2 17850012; 
11.675999999999963 0 4.189999999999979 1 6.419999999999959 2 1.0660000000000007 0 22461427 14813714; 1 12389772 16447060 22242176 16845153; 2 17850012; 
12.021999999999956 0 5.079999999999972 1 5.877999999999963 2 1.0640000000000007 0 14813714 22461427 18162730; 1 12389772 22242176 16845153 16494857; 2 17850012; 
13.23999999999994 0 5.285999999999975 1 6.885999999999959 2 1.0680000000000007 0 14813714 18162730 22461427; 1 12389772 22242176 22523228 16845153 16494857; 2 17850012; 
14.261999999999965 0 5.113999999999966 1 8.053999999999975 2 1.0940000000000007 0 14813714 18162730 22461427; 1 12389772 22242176 22523228 16845153 16494857 37975185; 2 17850012; 
15.381999999999964 0 5.231999999999967 1 9.043999999999976 2 1.1060000000000008 0 14813714 18162730 22461427; 1 12389772 22242176 22523228 16845153 16494857 37975185 19360333; 2 17850012; 
18.724 0 5.693999999999968 1 11.907999999999952 2 1.1220000000000008 0 14813714 18162730 22461427; 1 2384071 22242176 22523228 16845153 16494857 19360333 37975185 16447060; 2 17850012; 
18.726000000000003 0 6.419999999999961 1 11.181999999999961 2 1.1240000000000008 0 18888190 14813714 18162730 22461427; 1 12389772 22523228 16845153 16494857 19360333 37975185 16447060 8820652; 2 17850012; 
19.339999999999996 0 6.237999999999961 1 12.005999999999945 2 1.0960000000000008 0 18888190 14813714 18162730 22461427; 1 12389772 22523228 16845153 16494857 19360333 37975185 16447060 8820652 14328764; 2 17850012; 
20.840000000000003 0 6.337999999999961 1 13.359999999999955 2 1.1420000000000008 0 18888190 14813714 18162730 22461427; 1 12389772 22523228 16845153 16494857 17498731 20576509 16447060 8820652 14328764 15487691; 2 17850012; 
21.909999999999997 0 6.36199999999996 1 14.381999999999964 2 1.1660000000000008 0 14813714 18162730 22461427 18888190; 1 12389772 22242176 22523228 16845153 16494857 17498731 14590651 16447060 8820652 14328764 15487691; 2 17850012; 
23.181999999999974 0 6.553999999999957 1 14.471999999999952 2 2.156000000000001 0 14813714 18162730 22461427 18888190; 1 12389772 22242176 22523228 16845153 16494857 17498731 20576509 16447060 15487691 8820652 14328764; 2 17850012 24863940; 
24.441999999999926 0 6.487999999999961 1 15.81399999999997 2 2.14 0 14813714 18162730 22461427 18888190; 1 12389772 22242176 22523228 16845153 16494857 17498731 14590651 16447060 15487691 8820652 14328764 17862286; 2 17850012 24863940; 
25.615999999999932 0 6.633999999999964 1 16.835999999999977 2 2.1460000000000004 0 14813714 18162730 22461427 18888190; 1 12389772 22242176 22523228 16845153 16494857 17498731 14590651 16447060 15487691 8820652 14328764 17862286 16102437; 2 17850012 24863940; 
26.20999999999994 0 6.495999999999967 1 17.547999999999988 2 2.1660000000000004 0 14813714 18162730 22461427 18888190; 1 12389772 22242176 22523228 16845153 16494857 17498731 14590651 11442052 15487691 8820652 14328764 17862286 16102437 28942852; 2 17850012 24863940; 
29.12799999999991 0 5.983999999999964 1 19.941999999999965 2 3.2019999999999675 0 14813714 18162730 22461427; 1 12389772 22242176 22523228 16845153 16494857 17498731 14590651 11442052 17862286 8820652 15487691 28942852 14328764 16102437 2384071; 2 17850012 9146202 24863940; 
30.22399999999999 0 5.977999999999966 1 21.02199999999998 2 3.223999999999969 0 14813714 18162730 22461427; 1 12389772 22242176 22523228 16845153 16494857 17498731 14590651 11442052 17862286 8820652 15487691 28942852 14328764 16102437 2384071 27120518; 2 17850012 9146202 24863940; 
29.597999999999995 0 6.581999999999955 1 18.837999999999976 2 4.1779999999999955 0 14813714 18162730 22461427 9922122; 1 12389772 22242176 22523228 16845153 16494857 17498731 14590651 22341818 17862286 8820652 15487691 28942852 14328764 16102437 27120518; 2 17850012 9146202 24863940 30702406; 
32.13799999999998 0 8.821999999999969 1 20.097999999999974 2 3.21799999999997 0 14813714 18162730 22461427 9922122 29986886 39299693; 1 12389772 22242176 22523228 16845153 16494857 17498731 14590651 22341818 17862286 8820652 15487691 28942852 14328764 16102437 2384071; 2 17850012 9146202 24863940; 
33.45600000000001 0 8.919999999999973 1 21.325999999999986 2 3.2099999999999698 0 14813714 18162730 22461427 9922122 29986886 14139780; 1 12389772 22242176 22523228 16845153 16494857 17498731 14590651 17486893 17862286 8820652 15487691 28942852 14328764 16102437 2384071 18961908; 2 17850012 9146202 24863940; 
34.48800000000004 0 8.989999999999968 1 22.30199999999997 2 3.1959999999999673 0 14813714 18162730 22461427 9922122 29986886 14139780; 1 12389772 22242176 22523228 16845153 16494857 17498731 14590651 17486893 17862286 8820652 15487691 28942852 14328764 16102437 2384071 18961908 14451294; 2 17850012 9146202 24863940; 
35.87000000000001 0 9.09399999999997 1 23.50599999999998 2 3.26999999999997 0 14813714 18162730 22461427 9922122 29986886 14139780; 1 12389772 22242176 22523228 16845153 16494857 17498731 20576509 17486893 17862286 8820652 15487691 28942852 14328764 16102437 2384071 18961908 14451294 15834295; 2 17850012 9146202 24863940; 
36.76400000000007 0 10.181999999999968 1 23.36599999999994 2 3.2159999999999664 0 18162730 14139780 9922122 14813714 29986886 22461427 14306885; 1 22242176 16102437 2384071 18961908 22523228 17498731 12389772 17486893 28942852 14328764 16845153 15487691 20576509 17862286 8820652 14451294 15834295 16494857; 2 24863940 9146202 17850012; 
37.70400000000004 0 10.101999999999974 1 24.41999999999995 2 3.181999999999968 0 18162730 9922122 14813714 29986886 22461427 14306885 19045839; 1 22242176 16102437 2384071 18961908 22523228 17498731 12389772 17486893 28942852 14328764 16845153 18959428 15487691 20576509 17862286 8820652 14451294 15834295 16494857; 2 24863940 9146202 17850012; 
39.25600000000003 0 10.283999999999983 1 25.7819999999999 2 3.1899999999999666 0 18162730 9922122 14813714 29986886 22461427 14306885 19045839; 1 22242176 16102437 2384071 18961908 22523228 17498731 12389772 17486893 28942852 14328764 16845153 18959428 15487691 20576509 17862286 8820652 14451294 15834295 16494857 15105269; 2 24863940 9146202 17850012; 
40.21600000000006 0 11.121999999999959 1 25.881999999999913 2 3.2119999999999687 0 18162730 9922122 14813714 29986886 22461427 14306885 19045839 14139780; 1 22242176 16102437 2384071 18961908 22523228 17498731 12389772 17486893 28942852 14328764 16845153 18959428 15487691 20576509 17862286 8820652 14451294 15834295 16494857 15105269; 2 24863940 9146202 17850012; 
41.346000000000004 0 11.251999999999947 1 25.86799999999993 2 4.225999999999992 0 18162730 9922122 14813714 29986886 22461427 14306885 19045839 14139780; 1 22242176 16102437 2384071 18961908 22523228 17498731 12389772 17486893 28942852 14328764 16845153 18959428 15487691 20576509 17862286 8820652 14451294 15834295 16494857 15105269; 2 24863940 9146202 17850012 26766494; 
42.46000000000006 0 11.19599999999996 1 28.021999999999913 2 3.241999999999968 0 18162730 9922122 14813714 29986886 22461427 14306885 19045839 14139780; 1 22242176 16102437 2384071 18961908 22523228 17498731 12389772 17486893 28942852 14328764 16845153 6647162 30285499 15487691 14590651 17862286 8820652 14451294 15834295 16494857 15105269 15914129; 2 9146202 17850012 26766494; 
43.80800000000002 0 12.191999999999947 1 28.347999999999967 2 3.2679999999999674 0 7561302 18162730 9922122 14813714 19624059 22461427 14306885 19045839 14139780; 1 22242176 16102437 2384071 22523228 17498731 12389772 17486893 28942852 14328764 16845153 6647162 30285499 15487691 20576509 27120518 8820652 14451294 15834295 16494857 15105269 15914129 14521343; 2 9146202 17850012 26766494; 
45.232000000000035 0 12.427999999999964 1 29.51799999999994 2 3.2859999999999676 0 19045839 7561302 18162730 9922122 14813714 22461427 19624059 14139780 14306885; 1 14521343 2384071 22523228 17498731 12389772 17486893 28942852 14328764 16845153 6647162 30285499 16102437 8720562 27120518 8820652 14451294 15834295 16494857 22242176 15105269 15487691 15914129 14349955; 2 26766494 9146202 17850012; 
46.482000000000056 0 14.581999999999956 1 27.63999999999992 2 4.25999999999999 0 19045839 7561302 18162730 9922122 14813714 29986886 22461427 19624059 14139780 14306885 774675; 1 14521343 2384071 22523228 17498731 12389772 17486893 28942852 14328764 16845153 822259 16102437 8720562 8820652 14451294 15834295 16494857 22242176 15105269 15487691 15914129 14349955; 2 24863940 26766494 9146202 17850012; 
47.28799999999999 0 12.43399999999993 1 30.573999999999945 2 4.279999999999991 0 27706925 18162730 9922122 14813714 29986886 22461427 14139780 14306885 774675; 1 14521343 2384071 18961908 22523228 19360333 12389772 17486893 28942852 14328764 16845153 822259 16102437 8720562 8820652 14451294 15834295 16494857 22242176 15105269 17862286 15487691 15914129 14349955 21093392; 2 24863940 26766494 9146202 17850012; 
48.55799999999998 0 13.517999999999953 1 30.801999999999957 2 4.2379999999999916 0 27706925 7561302 18162730 9922122 14813714 29986886 22461427 14139780 14306885 774675; 1 14521343 2384071 22523228 19360333 12389772 17486893 28942852 14328764 16845153 822259 16102437 8720562 8820652 14451294 15834295 16494857 22242176 15105269 17862286 15487691 15914129 14349955 21093392 1315431; 2 24863940 26766494 9146202 17850012; 
50.6079999999999 0 14.891999999999966 1 31.410000000000014 2 4.30599999999999 0 27706925 7561302 18162730 9922122 14813714 7376382 22461427 19624059 14139780 14306885 774675; 1 14521343 2384071 22523228 19360333 12389772 17486893 28942852 14328764 16845153 822259 16102437 8720562 27120518 8820652 14451294 15834295 16494857 22242176 15105269 15487691 15914129 14349955 21093392 1315431; 2 24863940 26766494 17850012 9146202; 
51.497999999999955 0 15.971999999999984 1 32.202 2 3.323999999999969 0 27706925 7561302 18162730 39299693 9922122 14813714 7376382 22461427 14139780 14306885 774675 11350892; 1 14521343 2384071 22523228 19360333 12389772 19070417 28942852 14328764 16845153 16102437 8720562 15076390 8820652 14451294 15834295 16494857 22242176 15105269 17862286 15487691 15914129 14349955 21093392 1315431 25468909; 2 24863940 26766494 17850012; 
