1.0920000000000007 0 0.006 1 1.0700000000000007 2 0.016 0 1 14167991; 2 
2.180000000000001 0 0.022000000000000006 1 2.1420000000000012 2 0.016 0 1 14167991 12389772; 2 
3.1419999999999653 0 1.0280000000000007 1 2.098000000000001 2 0.016 0 38929280; 1 14167991 12389772; 2 
6.6679999999999655 0 2.9559999999999826 1 3.6579999999999684 2 0.054000000000000034 0 22461427; 1 12389772 14167991 22523228; 2 
7.843999999999974 0 2.8759999999999843 1 4.881999999999976 2 0.08600000000000005 0 22461427; 1 12389772 14167991 22523228 23344327; 2 
11.867999999999956 0 3.565999999999975 1 7.159999999999967 2 1.1420000000000008 0 22461427; 1 22523228 2384071 23344327 14167991; 2 17850012; 
12.887999999999955 0 4.535999999999972 1 7.221999999999961 2 1.1300000000000008 0 22461427 14813714; 1 22523228 2384071 23344327 14167991; 2 17850012; 
14.071999999999946 0 4.659999999999979 1 8.265999999999961 2 1.1460000000000008 0 22461427 14813714; 1 22523228 2384071 23344327 14167991 37975185; 2 17850012; 
14.991999999999969 0 4.523999999999973 1 9.319999999999968 2 1.1480000000000008 0 22461427 14813714; 1 22523228 2384071 23344327 14167991 37975185 14785887; 2 17850012; 
16.56199999999997 0 4.709999999999969 1 10.671999999999956 2 1.1800000000000008 0 22461427 14813714; 1 22523228 2384071 23344327 14167991 14785887 37975185 22242176; 2 17850012; 
17.529999999999976 0 4.741999999999975 1 11.61199999999997 2 1.1760000000000008 0 22461427 14813714; 1 22523228 2384071 23344327 14167991 14785887 37975185 22242176 8043172; 2 17850012; 
18.04799999999998 0 5.42799999999997 1 11.449999999999955 2 1.1700000000000008 0 22461427 14813714 27362221; 1 22523228 2384071 23344327 14167991 14785887 37975185 22242176 8043172; 2 17850012; 
19.389999999999993 0 5.555999999999966 1 11.691999999999954 2 2.1420000000000003 0 22461427 14813714 27362221; 1 22523228 2384071 23344327 14167991 14785887 37975185 22242176 8043172; 2 17850012 24863940; 
20.748000000000015 0 5.699999999999969 1 12.82999999999997 2 2.2179999999999995 0 22461427 14813714 27362221; 1 22523228 2384071 23344327 14167991 14785887 37975185 22242176 8043172 14909369; 2 17850012 24863940; 
21.631999999999973 0 5.663999999999969 1 13.799999999999947 2 2.168 0 14813714 27362221 22461427; 1 14785887 14167991 22242176 8043172 22523228 2384071 23344327 37975185 14909369 797018; 2 24863940 17850012; 
23.279999999999934 0 5.76599999999997 1 15.297999999999968 2 2.2159999999999993 0 14813714 27362221 22461427; 1 14785887 14167991 22242176 16236786 22523228 2384071 23344327 37975185 14909369 797018 16102437; 2 24863940 17850012; 
24.50599999999994 0 5.8099999999999685 1 16.529999999999987 2 2.166 0 14813714 27362221 22461427; 1 14785887 14167991 22242176 16236786 22523228 2384071 23344327 37975185 14909369 797018 16102437 14451294; 2 24863940 17850012; 
25.613999999999972 0 5.887999999999961 1 17.52599999999998 2 2.1999999999999997 0 27362221 14813714 22461427; 1 14167991 22242176 16236786 22523228 2384071 797018 23344327 37975185 16102437 14785887 14909369 14451294 15728729; 2 24863940 17850012; 
26.65199999999991 0 5.871999999999969 1 18.581999999999987 2 2.197999999999999 0 27362221 14813714 22461427; 1 14167991 22242176 16236786 22523228 12389772 797018 23344327 37975185 16102437 14785887 14909369 14451294 15728729 2384071; 2 24863940 17850012; 
27.887999999999927 0 5.941999999999964 1 19.728000000000005 2 2.218 0 27362221 14813714 22461427; 1 14167991 22242176 16236786 22523228 12389772 797018 23344327 37975185 16102437 14785887 14909369 14451294 15728729 2384071 16462880; 2 24863940 17850012; 
28.97599999999997 0 5.927999999999965 1 20.84999999999998 2 2.198 0 27362221 14813714 22461427; 1 14167991 22242176 16236786 22523228 12389772 797018 23344327 37975185 16102437 14785887 14909369 14451294 15728729 2384071 16462880 16494857; 2 24863940 17850012; 
31.56399999999999 0 6.363999999999963 1 22.925999999999977 2 2.273999999999999 0 7376382 14813714 22461427; 1 14167991 22242176 16236786 22523228 12389772 797018 23344327 37975185 16102437 14785887 14909369 14451294 15728729 2384071 16462880 16494857 16004411; 2 24863940 17850012; 
32.62000000000001 0 6.375999999999969 1 23.981999999999932 2 2.261999999999999 0 7376382 14813714 22461427; 1 14167991 22242176 16236786 22523228 12389772 797018 23344327 37975185 16102437 14785887 14909369 14451294 15728729 2384071 16462880 16494857 16004411 27120518; 2 24863940 17850012; 
33.14200000000001 0 6.277999999999964 1 24.601999999999947 2 2.2619999999999996 0 7376382 14813714 22461427; 1 14167991 22242176 16236786 22523228 12389772 797018 23344327 37975185 16102437 14785887 14909369 14451294 15728729 2384071 16462880 16494857 16004411 27120518 14390067; 2 24863940 17850012; 
34.55000000000003 0 8.389999999999972 1 23.893999999999945 2 2.265999999999999 0 7376382 14813714 18595063 14720172 22461427; 1 14167991 22242176 16236786 22523228 12389772 797018 23344327 37975185 16102437 14785887 14909369 14451294 15728729 2384071 16462880 16494857 16004411 27120518; 2 24863940 17850012; 
35.75200000000001 0 8.451999999999966 1 25.06599999999995 2 2.233999999999998 0 7376382 14813714 18595063 14720172 22461427; 1 14167991 22242176 16236786 22523228 12389772 797018 23344327 37975185 16102437 14785887 14909369 14451294 15728729 2384071 16462880 16494857 16004411 27120518 15184942; 2 24863940 17850012; 
36.632000000000026 0 8.395999999999976 1 25.011999999999908 2 3.2239999999999673 0 7376382 14813714 18595063 14720172 22461427; 1 14167991 22242176 16236786 22523228 12389772 797018 23344327 37975185 16102437 14785887 14909369 14451294 15728729 2384071 16462880 16494857 16004411 27120518 15184942; 2 24863940 17850012 26766494; 
37.37000000000004 0 8.121999999999966 1 26.00399999999991 2 3.2439999999999705 0 33437822 14813714 18595063 22461427 17208441; 1 14167991 22242176 16236786 22523228 12389772 797018 23344327 37975185 16102437 14785887 14909369 14451294 15728729 2384071 16462880 16494857 16004411 27120518 14390067 15184942; 2 24863940 17850012 26766494; 
38.30400000000002 0 10.133999999999968 1 24.949999999999942 2 3.219999999999967 0 33437822 14813714 18595063 15572221 22461427 17208441 39299693; 1 14167991 22242176 16236786 22523228 12389772 797018 23344327 37975185 16102437 14785887 14909369 14451294 15728729 2384071 16462880 16494857 16004411 27120518 15184942; 2 24863940 17850012 26766494; 
39.766000000000076 0 10.37199999999996 1 26.12599999999993 2 3.267999999999968 0 33437822 14813714 18595063 22461427 7376382 19109577 9922122; 1 14167991 22242176 16236786 22523228 12389772 797018 23344327 37975185 16102437 14785887 14909369 14451294 15728729 2384071 16462880 16494857 16004411 27120518 14390067 15184942; 2 24863940 17850012 26766494; 
41.116000000000014 0 10.503999999999968 1 27.333999999999943 2 3.2779999999999685 0 18888190 14813714 18595063 9922122 19109577 7376382 22461427; 1 14167991 22242176 16236786 22523228 12389772 797018 23344327 37975185 16102437 14785887 14909369 14451294 15728729 14390067 15184942 27120518 16494857 2384071 16004411 16462880 21093392; 2 24863940 17850012 26766494; 
42.218 0 10.535999999999964 1 28.391999999999946 2 3.2899999999999694 0 18888190 14813714 18595063 9922122 19109577 7376382 22461427; 1 14167991 22242176 16236786 22523228 12389772 797018 23344327 37975185 16102437 14785887 14909369 14451294 15728729 14390067 15184942 27120518 16494857 2384071 16004411 16462880 21093392 23135992; 2 24863940 17850012 26766494; 
42.49000000000001 0 10.463999999999963 1 28.703999999999954 2 3.3219999999999716 0 18888190 14813714 18595063 9922122 19109577 7376382 22461427; 1 14167991 22242176 16236786 22523228 12389772 797018 23344327 37975185 16102437 14785887 14909369 14451294 15728729 14390067 15184942 27120518 16494857 2384071 41731244 16462880 21093392 23135992 20821109; 2 24863940 17850012 26766494; 
43.44800000000001 0 10.479999999999965 1 29.677999999999965 2 3.289999999999968 0 18888190 14813714 18595063 9922122 19109577 7376382 22461427; 1 14167991 22242176 16236786 22523228 12389772 797018 23344327 37975185 16102437 14785887 14909369 14451294 15728729 14390067 15184942 27120518 16494857 2384071 41731244 16462880 21093392 23135992 20821109 19360333; 2 24863940 17850012 26766494; 
44.72999999999998 0 10.371999999999966 1 30.967999999999982 2 3.3899999999999704 0 33437822 14813714 18595063 9922122 19109577 7376382 22461427; 1 14167991 22242176 16236786 22523228 12389772 797018 23344327 27915919 16102437 14785887 14909369 14451294 15728729 14390067 15184942 27120518 16494857 2384071 41731244 16462880 21093392 23135992 19360333 20821109 17323772; 2 24863940 17850012 26766494; 
45.28000000000004 0 10.467999999999966 1 31.507999999999996 2 3.3039999999999687 0 18888190 14813714 18595063 9922122 19109577 7376382 22461427; 1 14167991 22242176 16236786 22523228 12389772 797018 23344327 37975185 20504742 14785887 14909369 14451294 15728729 14390067 15184942 27120518 16494857 2384071 41731244 16462880 21093392 23135992 19360333 20821109 17323772 16845153; 2 24863940 17850012 26766494; 
46.51400000000001 0 10.475999999999972 1 32.728000000000016 2 3.309999999999969 0 18888190 14813714 18595063 9922122 19109577 7376382 22461427; 1 14167991 22242176 16236786 22523228 12389772 797018 23344327 37975185 20504742 14785887 14909369 14451294 15728729 14390067 15184942 27120518 16494857 2384071 41731244 16462880 21093392 23135992 41773112 20821109 17323772 16845153 14328764; 2 24863940 17850012 26766494; 
46.893999999999984 0 11.063999999999952 1 32.514000000000024 2 3.3159999999999688 0 33437822 14813714 18595063 9922122 19109577 29986886 22461427 27362221; 1 14167991 22242176 16236786 22523228 12389772 797018 23344327 37975185 20504742 14785887 14909369 14451294 15728729 14390067 15184942 27120518 16494857 2384071 41731244 16462880 21093392 23135992 41773112 20821109 17323772 16845153 14328764; 2 24863940 17850012 26766494; 
48.459999999999916 0 11.247999999999957 1 33.90000000000003 2 3.3119999999999665 0 33437822 14813714 18595063 9922122 19109577 29986886 22461427 27362221; 1 14167991 22242176 16236786 22523228 12389772 797018 23344327 37975185 20504742 14785887 14909369 14451294 15728729 14390067 15184942 27120518 16494857 2384071 27486099 16462880 21093392 23135992 41773112 20821109 17323772 16845153 14328764 16447060; 2 24863940 17850012 26766494; 
50.40199999999987 0 11.585999999999947 1 35.464000000000034 2 3.3519999999999706 0 33437822 14813714 18595063 9922122 22461427 29863027 27362221 29986886; 1 14167991 22242176 16236786 22523228 12389772 797018 23344327 37975185 16102437 14785887 14909369 14451294 15728729 15184942 16845153 17323772 27486099 23135992 41773112 16462880 14390067 16447060 2384071 16494857 27120518 14328764 20821109 21093392 15307206; 2 24863940 17850012 26766494; 
