1.0620000000000007 0 0.004 1 1.0460000000000007 2 0.012 0 1 12389772; 2 
4.3959999999999715 0 0.4960000000000004 1 3.827999999999978 2 0.07200000000000002 0 1 2384071 15184942; 2 
5.723999999999973 0 0.5100000000000003 1 5.089999999999973 2 0.12400000000000008 0 1 2384071 15184942 14785887; 2 
6.87999999999996 0 0.6420000000000005 1 6.137999999999965 2 0.10000000000000006 0 1 14785887 2384071 15184942 14451294; 2 
10.199999999999976 0 3.3599999999999803 1 6.68799999999996 2 0.1520000000000001 0 22461427; 1 14785887 15184942 14451294 2384071; 2 
11.331999999999972 0 3.4079999999999813 1 7.783999999999965 2 0.1400000000000001 0 22461427; 1 2384071 15184942 14451294 14785887 25456152; 2 
12.38599999999997 0 3.3539999999999806 1 8.87799999999998 2 0.1540000000000001 0 22461427; 1 2384071 15184942 14451294 14785887 14167991 16845153; 2 
13.531999999999947 0 3.4779999999999776 1 9.919999999999959 2 0.1340000000000001 0 22461427; 1 2384071 15184942 14451294 14785887 12389772 14167991 16845153; 2 
14.715999999999964 0 3.5279999999999805 1 11.009999999999957 2 0.17800000000000013 0 22461427; 1 2384071 15184942 14451294 14785887 12389772 14167991 16845153 27486099; 2 
15.557999999999963 0 4.527999999999973 1 10.889999999999972 2 0.1400000000000001 0 18162730 22461427; 1 2384071 15184942 14451294 14785887 12389772 14167991 16845153 27486099; 2 
16.87599999999998 0 5.545999999999968 1 11.163999999999966 2 0.16600000000000012 0 18162730 22461427 18888190; 1 2384071 15184942 14451294 14785887 12389772 14167991 16845153 27486099; 2 
18.084000000000003 0 5.469999999999965 1 12.43799999999995 2 0.17600000000000013 0 14813714 22461427 18888190; 1 2384071 15184942 14451294 14785887 12389772 14167991 16845153 27486099 16102437; 2 
18.95599999999997 0 6.455999999999964 1 12.307999999999955 2 0.19200000000000014 0 22461427 18888190 14813714 19045839; 1 2384071 15184942 14451294 14785887 12389772 14167991 16102437 27486099 16845153; 2 
20.144000000000002 0 6.555999999999957 1 13.361999999999954 2 0.22600000000000017 0 22461427 18888190 14813714 19045839; 1 2384071 15184942 14451294 14785887 12389772 14167991 16102437 27486099 16845153 17201112; 2 
21.381999999999966 0 6.565999999999956 1 14.525999999999964 2 0.2900000000000002 0 18888190 14813714 22461427 19045839; 1 2384071 15184942 14451294 14785887 12389772 14167991 16102437 17201112 27486099 16845153 22523228; 2 
22.301999999999957 0 7.667999999999974 1 14.36199999999995 2 0.2720000000000002 0 18888190 14813714 22461427 19045839 36572402; 1 2384071 15184942 14451294 14785887 12389772 14167991 16102437 17201112 27486099 16845153 22523228; 2 
23.99199999999996 0 8.025999999999977 1 15.715999999999978 2 0.25000000000000017 0 7376382 14813714 22461427 19045839 36572402; 1 2384071 15184942 14451294 14785887 12389772 14167991 16102437 17201112 27486099 16845153 22523228 22242176; 2 
25.061999999999912 0 8.929999999999977 1 15.913999999999975 2 0.21800000000000017 0 7376382 14813714 22461427 19045839 36572402 9922122; 1 2384071 15184942 14451294 14785887 12389772 14167991 16102437 17201112 27486099 16845153 22523228 22242176; 2 
25.32799999999994 0 9.439999999999966 1 15.631999999999982 2 0.25600000000000017 0 18888190 14813714 22461427 19045839 36572402 9922122 18083070; 1 2384071 15184942 14451294 14785887 12389772 14167991 16102437 17201112 27486099 16845153 22523228 22242176; 2 
27.019999999999925 0 9.775999999999975 1 16.919999999999984 2 0.32400000000000023 0 18888190 14813714 22461427 19045839 18083070 36572402 9922122; 1 2384071 15184942 14451294 14785887 12389772 14167991 16102437 17201112 27486099 16845153 22523228 22242176 15105269; 2 
27.693999999999914 0 10.51999999999997 1 16.919999999999963 2 0.25400000000000017 0 33437822 14813714 22461427 19045839 18083070 36572402 9922122 18888190; 1 2384071 15184942 14451294 14785887 12389772 14167991 16102437 17201112 27486099 16845153 22523228 22242176 15105269; 2 
29.359999999999964 0 9.67999999999997 1 19.303999999999984 2 0.3760000000000003 0 33437822 14813714 22461427 18083070 36572402 9922122 18888190; 1 2384071 15184942 14451294 14785887 12389772 14167991 16102437 17201112 27486099 16845153 20579309 22523228 22242176 15105269 23344327; 2 
31.72199999999998 0 10.519999999999959 1 20.89 2 0.3120000000000002 0 7376382 14813714 22461427 18083070 14858006 9922122 11350892; 1 2384071 15184942 14451294 14785887 12389772 14167991 16102437 17201112 20214703 16845153 20579309 22523228 22242176 15105269 23344327 15076390; 2 
32.84000000000003 0 11.425999999999956 1 21.007999999999974 2 0.4060000000000003 0 7376382 14813714 22461427 19045839 18083070 14858006 9922122 11350892; 1 2384071 15184942 14451294 14785887 12389772 14167991 16102437 17201112 20214703 16845153 22523228 22242176 15105269 23344327 15076390 19489212; 2 
33.837999999999994 0 11.441999999999958 1 22.069999999999958 2 0.32600000000000023 0 7376382 14813714 22461427 18083070 14858006 9922122 11350892 14720172; 1 2384071 15184942 14451294 14785887 12389772 14167991 16102437 17201112 20214703 16845153 20579309 22523228 22242176 15105269 23344327 15076390 19489212; 2 
34.938000000000024 0 11.541999999999955 1 23.031999999999965 2 0.36400000000000027 0 7376382 14813714 22461427 18083070 36572402 9922122 11350892 14720172; 1 2384071 15184942 14451294 14785887 12389772 14167991 16102437 17201112 27486099 16845153 20579309 22523228 22242176 15105269 23344327 15076390 19489212 17548348; 2 
35.15200000000003 0 12.131999999999952 1 22.697999999999972 2 0.32200000000000023 0 33437822 11350892 14720172 36572402 9922122 22461427 18083070 14813714 18888190; 1 2384071 15184942 14451294 14785887 12389772 14167991 22523228 22242176 27486099 16845153 19489212 15105269 20579309 15076390 17201112 23344327 17548348 16102437; 2 
36.32800000000004 0 11.971999999999944 1 23.999999999999943 2 0.35600000000000026 0 33437822 11350892 14720172 36572402 9922122 22461427 18083070 14813714 18888190; 1 2384071 15184942 14451294 14785887 12389772 14167991 22523228 22242176 27486099 16845153 19489212 15105269 20579309 15076390 17201112 23344327 17548348 16102437 8624502; 2 
37.47000000000003 0 12.225999999999955 1 24.90599999999991 2 0.33800000000000024 0 33437822 11350892 14720172 14858006 9922122 22461427 18083070 14813714 18888190; 1 2384071 15184942 14451294 14785887 12389772 14167991 22523228 22242176 27486099 16845153 16780257 15105269 20579309 15076390 17201112 23344327 17548348 16102437 8624502 15100166; 2 
38.71800000000004 0 12.29199999999996 1 26.077999999999903 2 0.34800000000000025 0 33437822 11350892 14720172 14858006 9922122 22461427 18083070 14813714 18888190; 1 2384071 15184942 14451294 14785887 12389772 14167991 22523228 22242176 27486099 16845153 19489212 15105269 20579309 15076390 17201112 23344327 17548348 16102437 15100166 8624502 229523; 2 
39.798000000000016 0 11.299999999999956 1 27.197999999999926 2 1.300000000000001 0 33437822 11350892 14720172 14858006 9922122 22461427 18083070 18888190; 1 2384071 15184942 14451294 14785887 12389772 14167991 22523228 22242176 20214703 16845153 16780257 15105269 20579309 15076390 17201112 23344327 17486893 16102437 15100166 8624502 229523 14599976; 2 24241212; 
40.75600000000008 0 11.295999999999964 1 28.119999999999937 2 1.340000000000001 0 33437822 11350892 14720172 14858006 9922122 22461427 18083070 18888190; 1 2384071 15184942 14451294 14785887 12389772 14167991 22523228 22242176 20214703 16845153 16780257 15105269 20579309 15076390 17201112 23344327 17486893 16102437 15100166 8624502 229523 14599976 20657429; 2 24241212; 
42.12000000000004 0 11.345999999999965 1 29.415999999999947 2 1.358000000000001 0 33437822 11350892 14720172 14858006 9922122 22461427 18083070 18888190; 1 2384071 15184942 14451294 14785887 12389772 14167991 22523228 22242176 20214703 16845153 16780257 15105269 20579309 15076390 17201112 23344327 17486893 16102437 20657429 14599976 229523 15100166 8624502 16236786; 2 24241212; 
42.79200000000003 0 11.287999999999965 1 30.129999999999935 2 1.374000000000001 0 33437822 11350892 14720172 14858006 9922122 22461427 18083070 18888190; 1 2384071 15184942 14451294 14785887 12389772 14167991 22523228 22242176 20214703 16845153 19489212 15105269 20579309 15076390 17201112 23344327 25456152 16102437 20657429 14599976 229523 15100166 8624502 16236786 29488715; 2 24241212; 
43.976 0 10.38399999999997 1 32.21600000000003 2 1.376000000000001 0 33437822 11350892 14720172 9922122 22461427 18083070 18888190; 1 2384071 15184942 14451294 14785887 12389772 14167991 22523228 22242176 20214703 16845153 19489212 15105269 18817130 20579309 15076390 17201112 23344327 25456152 16102437 20657429 14599976 229523 15100166 8624502 16236786 29488715 21093392; 2 24241212; 
45.914000000000044 0 9.553999999999977 1 34.94000000000005 2 1.420000000000001 0 7376382 11350892 9922122 22461427 18083070 18888190; 1 2384071 15184942 14451294 14785887 12389772 14167991 22523228 22242176 20214703 16845153 14405372 15172774 15105269 18817130 20579309 15076390 17201112 23344327 25456152 16102437 20657429 14599976 229523 797018 8624502 16236786 29488715 21093392 21266715; 2 24241212; 
46.977999999999966 0 9.529999999999976 1 36.03200000000007 2 1.416000000000001 0 7376382 11350892 9922122 22461427 18083070 18888190; 1 2384071 15184942 14451294 14785887 12389772 14167991 22523228 22242176 20214703 16845153 14405372 15739897 15105269 18817130 20579309 15076390 17201112 23344327 25456152 8720562 16102437 20657429 14599976 229523 797018 8624502 16236786 29488715 21093392 21266715; 2 24241212; 
47.675999999999995 0 9.453999999999972 1 36.83000000000009 2 1.392000000000001 0 7376382 11350892 9922122 22461427 18083070 18888190; 1 2384071 15184942 14451294 14785887 12389772 14167991 22523228 22242176 20214703 16845153 14405372 15172774 15105269 18817130 20579309 15076390 17201112 23344327 25456152 8720562 16102437 20657429 14599976 229523 797018 8624502 16236786 29488715 21093392 21266715 10241802; 2 24241212; 
48.923999999999964 0 9.681999999999968 1 37.87600000000009 2 1.366000000000001 0 7376382 11350892 9922122 22461427 18083070 18888190; 1 2384071 15184942 14451294 14785887 12389772 14167991 22523228 22242176 20214703 16845153 14405372 15172774 15105269 18817130 20579309 15076390 17201112 23344327 25456152 8720562 16102437 20657429 14599976 229523 797018 8624502 16236786 29488715 21093392 21266715 10241802 5807222; 2 24241212; 
49.56999999999992 0 10.635999999999973 1 37.51200000000005 2 1.422000000000001 0 7376382 11350892 9922122 22461427 18083070 14858006 20322928; 1 15184942 25468909 14069593 22523228 17548348 2384071 22242176 15830701 229523 16845153 16780257 10241802 21093392 20579309 14167991 17201112 16236786 12389772 8720562 21266715 14599976 14785887 14451294 5807222 16102437 23344327 15105269 8624502 797018 29488715 20214703 27120518; 2 24241212; 
