1.0580000000000007 0 0.004 1 1.0480000000000007 2 0.006 0 1 12389772; 2 
2.561999999999996 0 0.12200000000000008 1 2.3999999999999972 2 0.04000000000000002 0 1 12389772 15105269; 2 
5.289999999999973 0 0.46000000000000035 1 4.73799999999998 2 0.09200000000000007 0 1 2384071 14167991 37975185; 2 
6.369999999999965 0 0.4300000000000003 1 5.8419999999999614 2 0.09800000000000006 0 1 14167991 2384071 37975185 22242176; 2 
9.553999999999965 0 3.095999999999983 1 6.3659999999999615 2 0.09200000000000005 0 22461427; 1 14167991 2384071 37975185 22242176; 2 
10.843999999999964 0 3.37799999999998 1 7.357999999999965 2 0.10800000000000008 0 22461427; 1 22242176 2384071 14167991 37975185 22523228; 2 
12.025999999999957 0 3.26199999999998 1 8.63799999999998 2 0.12600000000000008 0 22461427; 1 22242176 2384071 14167991 37975185 22523228 15184942; 2 
13.495999999999954 0 3.4099999999999784 1 9.935999999999966 2 0.1500000000000001 0 22461427; 1 14167991 2384071 22523228 37975185 22242176 15184942 14785887; 2 
14.717999999999964 0 3.405999999999979 1 11.119999999999955 2 0.19200000000000012 0 22461427; 1 14167991 2384071 22523228 37975185 22242176 15184942 14785887 15105269; 2 
16.061999999999973 0 3.507999999999978 1 12.345999999999956 2 0.20800000000000016 0 22461427; 1 14167991 2384071 22523228 37975185 22242176 15184942 14785887 15105269 14451294; 2 
17.06399999999998 0 3.5039999999999774 1 13.377999999999949 2 0.18200000000000013 0 22461427; 1 14167991 2384071 22523228 37975185 22242176 15184942 14785887 15105269 14451294 8043172; 2 
18.032000000000004 0 3.5159999999999783 1 14.317999999999968 2 0.19800000000000015 0 22461427; 1 14167991 2384071 22523228 37975185 22242176 15184942 14785887 15105269 14451294 8043172 16845153; 2 
19.655999999999988 0 3.7459999999999765 1 15.64399999999998 2 0.2660000000000002 0 22461427; 1 14167991 2384071 22523228 37975185 22242176 15184942 14785887 14451294 15105269 16845153 8043172 23344327; 2 
20.62 0 3.591999999999981 1 16.735999999999986 2 0.2920000000000002 0 22461427; 1 14167991 12389772 22523228 37975185 22242176 15184942 14785887 14451294 15105269 16845153 8043172 23344327 2384071; 2 
21.941999999999958 0 3.585999999999978 1 18.061999999999998 2 0.2940000000000002 0 22461427; 1 14785887 23344327 12389772 8043172 37975185 22242176 2384071 15184942 16845153 15105269 22523228 14451294 14167991 16102437; 2 
24.29199999999995 0 4.13999999999997 1 18.928 2 1.2240000000000009 0 22461427; 1 14785887 23344327 12389772 8043172 37975185 22242176 2384071 15184942 16845153 15105269 17173775 14451294 14167991 16102437; 2 17850012; 
25.497999999999948 0 5.253999999999972 1 18.996000000000002 2 1.2480000000000009 0 22461427 14334981; 1 14785887 23344327 12389772 8043172 37975185 22242176 2384071 15184942 16845153 15105269 17173775 14451294 14167991 16102437; 2 17850012; 
25.38799999999997 0 4.8219999999999725 1 20.29 2 0.2760000000000002 0 14813714 22461427; 1 15184942 12389772 8043172 37975185 22242176 2384071 16102437 16845153 15862005 17173775 14451294 14167991 14785887 15105269 23344327 17866516; 2 
26.157999999999912 0 5.749999999999963 1 20.149999999999974 2 0.2580000000000002 0 14813714 22461427 18888190; 1 15184942 12389772 8043172 37975185 22242176 2384071 16102437 16845153 15862005 22523228 14451294 14167991 14785887 15105269 23344327 17866516; 2 
27.303999999999924 0 5.81799999999996 1 21.16199999999996 2 0.32400000000000023 0 14813714 22461427 18888190; 1 15184942 12389772 8043172 37975185 22242176 2384071 16102437 16845153 15862005 22523228 14451294 14167991 14785887 15105269 23344327 17866516 21093392; 2 
29.279999999999927 0 6.219999999999968 1 21.83799999999998 2 1.2220000000000009 0 14334981 22461427 18888190; 1 15184942 12389772 8043172 37975185 22242176 2384071 16102437 16845153 15862005 22523228 14451294 14167991 14785887 15105269 23344327 17866516 21093392; 2 17850012; 
30.171999999999958 0 6.077999999999963 1 22.841999999999977 2 1.252000000000001 0 14334981 22461427 18888190; 1 15184942 12389772 8043172 37975185 22242176 2384071 16102437 16845153 15862005 22523228 14451294 14167991 14785887 15105269 23344327 17866516 21093392 14198539; 2 17850012; 
31.892000000000014 0 7.467999999999965 1 23.189999999999944 2 1.2340000000000009 0 14334981 22461427 7376382 12377702; 1 15184942 12389772 8043172 37975185 22242176 2384071 16102437 16845153 15862005 22523228 14451294 14167991 14785887 15105269 23344327 17866516 21093392 14198539; 2 17850012; 
33.042 0 7.731999999999969 1 24.043999999999937 2 1.266000000000001 0 14334981 22461427 7376382 12377702; 1 15184942 12389772 8043172 37975185 22242176 2384071 16102437 16845153 15862005 22523228 14451294 14167991 14785887 15105269 23344327 17866516 21093392 14198539 27486099; 2 17850012; 
33.26400000000001 0 7.1579999999999675 1 23.887999999999955 2 2.2179999999999986 0 14334981 22461427 12377702 15572221; 1 15184942 12389772 8043172 37975185 22242176 2384071 16102437 16845153 15862005 22523228 14451294 14167991 14785887 15105269 23344327 17866516 21093392 14198539 27486099; 2 9146202 17850012; 
34.19400000000002 0 7.221999999999954 1 24.72999999999992 2 2.2419999999999987 0 14334981 22461427 12377702 15572221; 1 15184942 12389772 8043172 37975185 22242176 2384071 16102437 16845153 15862005 22523228 14451294 14167991 14785887 15105269 23344327 17866516 14198539 27486099 21093392 25456152; 2 9146202 17850012; 
35.45800000000006 0 7.137999999999961 1 26.047999999999945 2 2.2719999999999985 0 14334981 22461427 6321112 15572221; 1 15184942 12389772 8043172 37975185 22242176 2384071 16102437 16845153 15862005 22523228 14451294 14167991 14785887 15105269 23344327 17866516 14198539 27486099 21093392 25456152 15093092; 2 9146202 17850012; 
36.84000000000003 0 7.099999999999962 1 27.427999999999916 2 2.3119999999999976 0 14334981 22461427 6321112 15572221; 1 15184942 12389772 8043172 37975185 22242176 2384071 16102437 16845153 15862005 22523228 14451294 14167991 14785887 15105269 23344327 797018 14198539 27486099 21093392 25456152 15093092 17201112; 2 9146202 17850012; 
37.48000000000006 0 7.1459999999999555 1 28.02799999999991 2 2.3059999999999996 0 14334981 22461427 6321112 15572221; 1 15184942 25202593 8043172 37975185 22242176 2384071 16102437 16845153 15862005 22523228 14451294 14167991 14785887 15105269 23344327 797018 14198539 27486099 21093392 25456152 17201112 15093092 15728729; 2 9146202 17850012; 
38.80000000000002 0 7.279999999999963 1 28.241999999999912 2 3.2779999999999645 0 14334981 22461427 6321112 15572221; 1 15184942 25202593 8043172 37975185 22242176 2384071 16102437 16845153 15862005 22523228 14451294 14167991 14785887 15105269 23344327 797018 14198539 27486099 21093392 25456152 17201112 15093092 15728729; 2 9146202 17850012 24863940; 
39.71200000000005 0 7.251999999999966 1 29.221999999999962 2 3.237999999999969 0 14334981 22461427 6321112 15572221; 1 15184942 25202593 8043172 37975185 22242176 2384071 16102437 16845153 15862005 22523228 14451294 14167991 14785887 15105269 23344327 797018 14198539 27486099 21093392 25456152 17866516 15093092 15728729 21494085; 2 9146202 17850012 24863940; 
40.40800000000001 0 6.961999999999968 1 29.249999999999925 2 4.195999999999994 0 14334981 22461427 6321112 15572221; 1 15184942 25202593 8043172 37975185 22242176 2384071 16102437 16845153 15862005 22523228 14451294 14167991 14785887 15105269 23344327 797018 14198539 27486099 21093392 25456152 17866516 15093092 15728729 21494085; 2 9146202 17850012 24863940 26766494; 
41.43200000000003 0 8.017999999999967 1 29.193999999999942 2 4.219999999999993 0 14334981 22461427 16214599 15572221 6321112; 1 15184942 25202593 8043172 37975185 22242176 2384071 16102437 16845153 15862005 22523228 14451294 14167991 14785887 15105269 23344327 797018 14198539 27486099 21093392 25456152 17866516 15093092 15728729 21494085; 2 9146202 17850012 24863940 26766494; 
42.790000000000035 0 8.197999999999976 1 30.373999999999963 2 4.217999999999992 0 14334981 22461427 16214599 15572221 6321112; 1 15184942 14098609 8043172 37975185 22242176 2384071 16102437 16845153 15862005 22523228 14451294 14167991 14785887 15105269 23344327 797018 14198539 27486099 21093392 25456152 17201112 15093092 15728729 21494085 32949746; 2 9146202 17850012 24863940 26766494; 
44.052000000000056 0 8.277999999999968 1 31.511999999999983 2 4.26199999999999 0 14334981 22461427 15572221 6321112 16214599; 1 15184942 14098609 8043172 37975185 22242176 2384071 16102437 16845153 15862005 22523228 14451294 14167991 14785887 15105269 23344327 797018 14198539 27486099 21494085 25456152 15728729 32949746 21093392 17201112 15093092 18817130; 2 24863940 9146202 26766494 17850012; 
44.92400000000001 0 9.209999999999965 1 31.484000000000016 2 4.229999999999993 0 14334981 22461427 15572221 6321112 16214599 14720172; 1 15184942 14098609 8043172 37975185 22242176 2384071 16102437 16845153 15862005 22523228 14451294 14167991 14785887 15105269 23344327 797018 14198539 27486099 21494085 25456152 15728729 32949746 21093392 17201112 15093092 18817130; 2 24863940 9146202 26766494 17850012; 
46.17399999999997 0 8.24599999999997 1 33.66000000000004 2 4.267999999999991 0 14334981 22461427 15572221 6321112 16214599; 1 15184942 14098609 8043172 37975185 22242176 2384071 16102437 16845153 15862005 22523228 14451294 14167991 14785887 15105269 23344327 797018 14198539 27486099 21494085 25456152 15728729 32949746 21093392 17866516 15093092 18817130 14390067 14909369; 2 24863940 9146202 26766494 17850012; 
47.131999999999984 0 8.323999999999968 1 34.58800000000008 2 4.219999999999995 0 22461427 15572221 6321112 16214599 12377702; 1 15765833 15184942 14098609 8043172 37975185 22242176 2384071 16102437 16845153 15862005 22523228 14451294 14167991 14785887 15105269 23344327 797018 14198539 27486099 21494085 25456152 15728729 32949746 21093392 17866516 15093092 18817130 14390067 14909369; 2 24863940 9146202 26766494 17850012; 
48.15199999999995 0 8.36599999999997 1 35.5280000000001 2 4.257999999999991 0 22461427 15572221 6321112 16214599 12377702; 1 15765833 15184942 25202593 8043172 37975185 22242176 2384071 16102437 16845153 15862005 22523228 14451294 14167991 14785887 15105269 23344327 797018 14198539 27486099 21494085 25456152 15728729 32949746 21093392 17866516 15093092 18817130 14390067 14909369 16494857; 2 24863940 9146202 26766494 17850012; 
48.93799999999994 0 8.279999999999966 1 36.42400000000004 2 4.233999999999993 0 22461427 15572221 6321112 16214599 12377702; 1 15765833 15184942 25202593 8043172 37975185 22242176 2384071 16102437 16845153 15862005 22523228 14451294 14167991 14785887 15105269 23344327 797018 14198539 27486099 21494085 25456152 15728729 32949746 21093392 17866516 15093092 18817130 14390067 14909369 16494857 15333555; 2 24863940 9146202 26766494 17850012; 
