1.2360000000000009 0 0.02800000000000001 1 1.1860000000000008 2 0.022000000000000006 0 1 14785887; 2 
2.553999999999996 0 0.06800000000000003 1 2.407999999999997 2 0.07800000000000006 0 1 14785887 17201112; 2 
3.6499999999999657 0 1.1060000000000008 1 2.4899999999999967 2 0.05400000000000002 0 16356717; 1 14785887 15184942; 2 
6.935999999999953 0 0.6140000000000004 1 6.191999999999958 2 0.1300000000000001 0 1 17201112 14785887 15184942 2384071; 2 
8.445999999999964 0 0.6440000000000005 1 7.631999999999967 2 0.17000000000000012 0 1 15184942 2384071 17201112 14785887 15105269; 2 
11.633999999999952 0 3.49599999999998 1 7.979999999999966 2 0.1580000000000001 0 22461427; 1 15184942 2384071 17201112 14785887 15105269; 2 
12.645999999999951 0 3.4179999999999797 1 9.025999999999971 2 0.20200000000000015 0 22461427; 1 15184942 2384071 17201112 14785887 15105269 797018; 2 
13.93599999999994 0 3.529999999999975 1 10.195999999999962 2 0.21000000000000016 0 22461427; 1 15184942 2384071 17201112 14785887 15105269 797018 22242176; 2 
15.071999999999958 0 3.53199999999998 1 11.311999999999955 2 0.22800000000000017 0 22461427; 1 15184942 2384071 17201112 14785887 15105269 797018 22242176 14451294; 2 
16.277999999999963 0 3.5299999999999776 1 12.523999999999957 2 0.22400000000000017 0 22461427; 1 15184942 2384071 17201112 14785887 15105269 797018 22242176 14451294 23344327; 2 
17.34000000000001 0 3.5859999999999763 1 13.517999999999965 2 0.23600000000000018 0 22461427; 1 15184942 12389772 17201112 14785887 15105269 797018 22242176 14451294 23344327 2384071; 2 
18.515999999999977 0 3.6679999999999793 1 14.599999999999943 2 0.2480000000000002 0 22461427; 1 15184942 12389772 17201112 14785887 15105269 797018 22242176 14451294 23344327 2384071 14167991; 2 
20.039999999999978 0 4.945999999999973 1 14.847999999999965 2 0.2460000000000002 0 22461427 7376382; 1 15184942 12389772 17201112 14785887 15105269 797018 14451294 22242176 23344327 2384071 14167991; 2 
21.387999999999998 0 5.043999999999973 1 16.067999999999984 2 0.2760000000000002 0 22461427 7376382; 1 15184942 12389772 17201112 14785887 15105269 797018 14451294 22242176 23344327 2384071 14167991 16102437; 2 
22.617999999999956 0 5.099999999999969 1 17.21599999999998 2 0.3020000000000002 0 22461427 7376382; 1 15184942 12389772 17201112 14785887 15105269 797018 16102437 2384071 23344327 22242176 14167991 14451294 22523228; 2 
23.599999999999987 0 6.039999999999966 1 17.29199999999998 2 0.2680000000000002 0 18162730 7376382 22461427; 1 15184942 12389772 17201112 14785887 15105269 797018 16102437 2384071 23344327 22242176 14167991 14451294 22523228; 2 
23.997999999999962 0 6.837999999999968 1 16.91599999999999 2 0.2440000000000002 0 18162730 18083070 22461427 18888190; 1 15184942 12389772 17201112 14785887 15105269 797018 16102437 2384071 23344327 22242176 14167991 14451294 22523228; 2 
25.291999999999934 0 6.805999999999964 1 18.19199999999999 2 0.2940000000000002 0 18888190 22461427 18083070 18162730; 1 15105269 14167991 797018 23344327 22523228 15184942 22242176 2384071 12389772 14785887 17201112 14451294 16102437 16462880; 2 
26.041999999999938 0 5.737999999999967 1 19.981999999999985 2 0.32200000000000023 0 22461427 18162730 27051306; 1 15105269 14167991 797018 23344327 22523228 15184942 22242176 2384071 12389772 14785887 17201112 22463905 14451294 16102437 20780856 16462880; 2 
27.3079999999999 0 6.833999999999961 1 20.13999999999998 2 0.33400000000000024 0 22461427 18162730 27051306 14813714; 1 15105269 14167991 797018 23344327 22523228 15184942 22242176 2384071 12389772 14785887 17201112 22463905 14451294 16102437 20780856 16462880; 2 
28.567999999999955 0 6.889999999999967 1 21.331999999999972 2 0.34600000000000025 0 22461427 18162730 27051306 14813714; 1 15105269 14167991 797018 23344327 22523228 15184942 22242176 2384071 12389772 14785887 17201112 22463905 14451294 16102437 20780856 16462880 21093392; 2 
29.47399999999994 0 6.91199999999996 1 21.18 2 1.382000000000001 0 22461427 18162730 27051306 39299693; 1 15105269 14167991 797018 23344327 22523228 15184942 22242176 2384071 12389772 14785887 17201112 22463905 14451294 16102437 20780856 16462880 21093392; 2 24241212; 
32.41799999999998 0 8.515999999999977 1 22.503999999999987 2 1.398000000000001 0 7376382 22461427 18162730 27051306 39299693; 1 15105269 14167991 797018 23344327 22523228 15184942 22242176 2384071 12389772 14785887 17201112 14451294 16102437 17173775 16462880 21093392 16004411; 2 24241212; 
32.714000000000006 0 10.009999999999964 1 22.380000000000013 2 0.32400000000000023 0 18888190 22461427 33437822 18162730 14813714 39299693 14720172; 1 15105269 14167991 797018 23344327 22523228 15184942 22242176 2384071 12389772 14785887 17201112 14451294 16102437 16462880 21093392 17486893 16004411; 2 
33.48600000000001 0 8.959999999999978 1 23.167999999999967 2 1.358000000000001 0 18888190 22461427 15844557 18162730 14720172 39299693; 1 15105269 14167991 797018 23344327 22523228 15184942 22242176 2384071 12389772 14785887 17201112 14451294 16102437 16462880 16004411 17486893 21093392 15333555; 2 24241212; 
34.752000000000024 0 10.023999999999969 1 24.31599999999993 2 0.4120000000000003 0 18888190 22461427 15844557 18162730 14720172 14813714 39299693; 1 15105269 14167991 797018 23344327 22523228 15184942 22242176 2384071 12389772 14785887 17201112 14451294 16102437 16462880 16004411 17486893 21093392 15333555 14097544; 2 
36.072000000000024 0 9.389999999999974 1 25.335999999999938 2 1.346000000000001 0 22461427 15844557 18162730 14720172 39299693 7376382; 1 15105269 14167991 797018 23344327 22523228 15184942 22242176 2384071 12389772 14785887 17201112 17173775 14451294 16102437 16462880 15333555 21093392 14097544 20780856 17486893; 2 24241212; 
37.16400000000004 0 10.483999999999963 1 25.237999999999925 2 1.442000000000001 0 9922122 15844557 18162730 14720172 39299693 7376382 22461427; 1 15105269 14167991 797018 23344327 22523228 15184942 22242176 2384071 12389772 14785887 17201112 17173775 14451294 16102437 16462880 15333555 21093392 14097544 20780856 17486893; 2 24241212; 
38.352000000000054 0 10.50399999999996 1 26.427999999999912 2 1.420000000000001 0 9922122 15844557 18162730 14720172 39299693 7376382 22461427; 1 15105269 14167991 797018 23344327 22523228 15184942 22242176 2384071 12389772 14785887 17201112 17173775 14451294 16102437 16462880 15333555 21093392 14097544 20780856 17486893 36071096; 2 24241212; 
39.176000000000045 0 10.427999999999978 1 27.321999999999942 2 1.426000000000001 0 9922122 15844557 18162730 14720172 7376382 22461427 14858006; 1 15105269 14167991 797018 23344327 22523228 15184942 22242176 2384071 12389772 14785887 17201112 17173775 14451294 16102437 16462880 15333555 21093392 14097544 16780257 20780856 17486893 36071096; 2 24241212; 
40.30800000000001 0 10.467999999999963 1 28.429999999999964 2 1.410000000000001 0 9922122 15844557 18162730 14720172 7376382 22461427 14858006; 1 15105269 14167991 797018 23344327 22523228 15184942 22242176 2384071 12389772 14785887 17201112 17173775 14451294 16102437 16462880 15333555 21093392 14097544 16780257 20780856 17486893 36071096 16845153; 2 24241212; 
41.380000000000024 0 10.587999999999964 1 29.34799999999995 2 1.444000000000001 0 9922122 15844557 18162730 14720172 7376382 22461427 14858006; 1 15105269 14167991 797018 23344327 22523228 15184942 22242176 2384071 12389772 14785887 17201112 17173775 14451294 16102437 16462880 15333555 21093392 14097544 16780257 20780856 17486893 36071096 16845153 14837803; 2 24241212; 
42.40200000000002 0 11.403999999999964 1 29.579999999999963 2 1.418000000000001 0 7376382 9922122 15844557 18162730 14720172 18888190 22461427 14858006; 1 15105269 14167991 797018 23344327 22523228 15184942 22242176 2384071 12389772 14785887 17201112 14451294 16102437 16462880 15333555 21093392 14097544 16780257 20780856 17486893 36071096 16845153 14837803 17173775; 2 24241212; 
43.41800000000003 0 12.313999999999954 1 29.65599999999996 2 1.448000000000001 0 18162730 14858006 22461427 7376382 9922122 39299693 15844557 18888190 14720172; 1 16462880 14097544 22523228 22242176 2384071 15333555 14837803 17201112 14451294 14167991 17173775 36071096 21093392 16845153 15105269 16102437 14785887 17486893 12389772 20780856 15184942 23344327 797018 16780257; 2 24241212; 
44.36600000000004 0 12.479999999999963 1 30.491999999999983 2 1.394000000000001 0 18162730 14858006 22461427 7376382 9922122 39299693 15844557 18888190 14720172; 1 16462880 14097544 22523228 22242176 2384071 15333555 14837803 17201112 14451294 14167991 17173775 36071096 21093392 16845153 15105269 16102437 14785887 17486893 12389772 20214703 15184942 23344327 797018 16780257 6821602; 2 24241212; 
45.538000000000004 0 12.471999999999946 1 31.586000000000002 2 1.480000000000001 0 18162730 14858006 22461427 9922122 39299693 15844557 15572221 14720172 7376382; 1 16462880 14097544 22523228 22242176 2384071 15333555 14837803 17201112 17173775 14451294 14167991 25468909 36071096 21093392 16845153 15105269 16102437 14785887 17486893 12389772 20214703 15184942 23344327 797018 16780257 6821602; 2 24241212; 
46.41800000000003 0 12.61399999999995 1 32.358000000000004 2 1.446000000000001 0 18162730 14858006 22461427 9922122 39299693 15844557 15572221 14720172 7376382; 1 16462880 14097544 22523228 22242176 2384071 15333555 14837803 17201112 17173775 14451294 14167991 25468909 36071096 21093392 16845153 15105269 16102437 14785887 17486893 12389772 20214703 15184942 23344327 797018 16780257 6821602 37975185; 2 24241212; 
47.15799999999994 0 13.307999999999947 1 32.468000000000025 2 1.382000000000001 0 18162730 14858006 22461427 18888190 9922122 39299693 15844557 15572221 14720172 7376382; 1 16462880 14097544 22523228 22242176 2384071 15333555 14837803 17201112 14451294 14167991 25468909 36071096 21093392 16845153 15105269 16102437 14785887 17486893 12389772 27486099 15184942 23344327 797018 16780257 6821602 37975185 20214703; 2 24241212; 
48.21400000000001 0 13.343999999999948 1 33.35200000000001 2 1.5180000000000011 0 18162730 14858006 22461427 18888190 9922122 39299693 15844557 15572221 14720172 7376382; 1 16462880 14097544 22523228 22242176 2384071 15333555 14837803 17201112 14451294 14167991 25468909 36071096 21093392 16845153 15105269 16102437 14785887 17486893 12389772 27486099 15184942 23344327 797018 16780257 6821602 20214703 37975185 17323772; 2 24241212; 
49.59799999999989 0 14.387999999999948 1 33.71600000000003 2 1.494000000000001 0 18162730 14858006 22461427 18888190 9922122 39299693 15844557 15572221 14720172 7376382 16954507; 1 16462880 14097544 22523228 22242176 2384071 15333555 14837803 17201112 14451294 14167991 25468909 36071096 21093392 16845153 15105269 16102437 14785887 17486893 12389772 27486099 15184942 23344327 797018 16780257 6821602 20214703 37975185 17323772; 2 24241212; 
