2.1539999999999973 0 0.3040000000000002 1 0.8120000000000006 2 1.0380000000000007 0 1 2 17850012; 
3.347999999999986 0 1.404000000000001 1 0.9000000000000007 2 1.0440000000000007 0 39299693; 1 2 17850012; 
6.519999999999963 0 4.007999999999979 1 1.426000000000001 2 1.0860000000000007 0 33437822 22461427; 1 2 17850012; 
7.747999999999965 0 4.147999999999973 1 2.539999999999989 2 1.0600000000000007 0 33437822 22461427; 1 22523228; 2 17850012; 
10.595999999999966 0 4.417999999999976 1 5.0879999999999725 2 1.0900000000000007 0 22461427 18162730; 1 22523228 2384071; 2 17850012; 
8.257999999999976 0 3.4919999999999654 1 3.715999999999979 2 1.0500000000000007 0 33437822 18162730 39299693; 1 16004411 22523228; 2 17850012; 
9.47799999999997 0 4.545999999999985 1 3.8299999999999774 2 1.1020000000000008 0 14813714 33437822 18162730 39299693; 1 22523228 8820652; 2 17850012; 
12.38799999999995 0 6.207999999999959 1 5.077999999999972 2 1.1020000000000008 0 14813714 33437822 18162730 22461427; 1 22523228 8820652 24691785; 2 17850012; 
13.41799999999996 0 6.245999999999962 1 6.049999999999963 2 1.1220000000000008 0 14813714 33437822 18162730 22461427; 1 22523228 24691785 8820652 12389772; 2 17850012; 
14.867999999999963 0 6.349999999999963 1 7.371999999999963 2 1.1460000000000008 0 14813714 33437822 18162730 22461427; 1 22523228 24691785 8820652 12389772 16412744; 2 17850012; 
15.70999999999998 0 6.21799999999996 1 8.361999999999973 2 1.1300000000000008 0 14813714 33437822 18162730 22461427; 1 22523228 24691785 8820652 12389772 19360333 16845153; 2 17850012; 
18.469999999999985 0 7.4999999999999645 1 9.801999999999977 2 1.1680000000000008 0 14813714 33437822 18162730 22461427 7828252; 1 22523228 2384071 8820652 12389772 19360333 16845153; 2 17850012; 
17.765999999999988 0 7.043999999999959 1 9.553999999999965 2 1.1680000000000008 0 14813714 33437822 18162730 14139780 18506582 7828252; 1 22523228 8820652 12389772 16845153 19360333 2384071; 2 17850012; 
18.63599999999999 0 7.1379999999999635 1 10.31999999999997 2 1.1780000000000008 0 14813714 33437822 18162730 14139780 18506582 7828252; 1 22523228 8820652 12389772 16845153 19360333 2384071 17323772; 2 17850012; 
19.941999999999986 0 7.077999999999964 1 11.611999999999965 2 1.252000000000001 0 14813714 33437822 18162730 14139780 18506582 7828252; 1 22523228 8820652 12389772 16845153 19360333 2384071 17323772 16412744; 2 17850012; 
21.325999999999997 0 7.301999999999973 1 12.783999999999958 2 1.2400000000000009 0 14813714 33437822 18162730 14139780 18506582 7828252; 1 22523228 8820652 12389772 16845153 19360333 2384071 16412744 17323772 14451294; 2 17850012; 
22.693999999999974 0 7.507999999999977 1 13.907999999999944 2 1.278000000000001 0 14813714 33437822 18162730 14139780 18506582 7828252; 1 22523228 8820652 12389772 16845153 19360333 2384071 16412744 17323772 14451294 25468909; 2 17850012; 
23.523999999999948 0 8.227999999999984 1 14.003999999999946 2 1.292000000000001 0 14813714 33437822 18162730 14139780 18506582 7828252 9922122; 1 22523228 8820652 12389772 16845153 19360333 16412744 17323772 14451294 25468909 2384071; 2 17850012; 
24.401999999999965 0 8.365999999999994 1 13.809999999999954 2 2.2259999999999995 0 14813714 33437822 18162730 14139780 18506582 7828252 9922122; 1 22523228 8820652 12389772 16845153 19360333 14451294 16412744 17323772 25468909 2384071; 2 17850012 24863940; 
26.13599999999994 0 8.49199999999998 1 16.32199999999999 2 1.322000000000001 0 14813714 33437822 18162730 14139780 18506582 7828252 9922122; 1 22523228 8820652 12389772 16845153 19360333 14451294 16412744 17323772 25468909 2384071 10125822 16102437; 2 17850012; 
27.26599999999991 0 8.465999999999987 1 17.481999999999978 2 1.318000000000001 0 14813714 33437822 18162730 9922122 14139780 18506582 7828252; 1 22523228 12389772 10125822 8820652 25468909 2384071 16102437 16845153 17323772 19360333 14451294 16412744 14328764; 2 17850012; 
28.479999999999954 0 8.541999999999984 1 18.55 2 1.388000000000001 0 14813714 33437822 18162730 9922122 14139780 18506582 7828252; 1 22523228 12389772 10125822 8820652 25468909 2384071 16102437 16845153 17323772 19360333 14451294 16412744 14328764 17201112; 2 17850012; 
29.38399999999994 0 9.519999999999971 1 18.485999999999972 2 1.378000000000001 0 14813714 33437822 18162730 9922122 14139780 18660521 18506582 7828252; 1 22523228 12389772 10125822 8820652 2384071 16102437 16845153 17323772 19360333 14451294 16412744 14328764 17201112 27120518; 2 17850012; 
30.699999999999974 0 9.561999999999971 1 19.83999999999998 2 1.298000000000001 0 14813714 33437822 18162730 9922122 14139780 18660521 18506582 7828252; 1 22523228 12389772 10125822 8820652 2384071 16102437 16845153 17323772 19360333 14451294 16412744 14328764 17201112 27120518 17862286; 2 17850012; 
32.05400000000001 0 9.66599999999997 1 20.987999999999985 2 1.400000000000001 0 14813714 33437822 18162730 9922122 14139780 18660521 18506582 7828252; 1 22523228 10125822 17862286 8820652 17201112 16102437 14328764 17323772 19360333 14451294 16412744 12389772 16845153 2384071 27120518 15105269; 2 17850012; 
33.05600000000002 0 9.687999999999976 1 22.03199999999998 2 1.336000000000001 0 14813714 33437822 18162730 9922122 14139780 18660521 18506582 7828252; 1 22523228 10125822 17862286 8820652 17201112 16102437 14328764 17323772 19360333 14451294 16412744 12389772 16845153 14599976 27120518 15105269 2384071; 2 17850012; 
34.12600000000003 0 9.72799999999998 1 23.06799999999994 2 1.330000000000001 0 14813714 33437822 18162730 9922122 14139780 18660521 18506582 7828252; 1 22523228 10125822 17862286 8820652 17201112 16102437 14328764 17323772 19360333 14451294 16412744 12389772 16845153 11792612 27120518 15105269 2384071 16494857; 2 17850012; 
35.662 0 9.821999999999967 1 24.42399999999996 2 1.416000000000001 0 14813714 33437822 18162730 9922122 18660521 18506582 7828252 27362221; 1 22523228 10125822 17862286 8820652 9507822 17201112 16102437 14328764 17323772 19360333 14451294 16412744 12389772 16845153 11792612 27120518 15105269 2384071 16494857; 2 17850012; 
36.494000000000035 0 9.933999999999974 1 25.19999999999992 2 1.360000000000001 0 14813714 33437822 18162730 7828252 9922122 18660521 18506582 27362221; 1 22523228 17862286 8820652 9507822 17201112 16102437 16494857 17323772 15105269 19360333 14451294 16412744 12389772 16845153 11792612 27120518 2384071 10125822 14328764 24691785; 2 17850012; 
37.408000000000044 0 9.699999999999974 1 26.33199999999994 2 1.376000000000001 0 14813714 33437822 18162730 7828252 9922122 18660521 18506582 27362221; 1 22523228 17862286 8820652 9507822 17201112 16102437 16494857 17323772 15105269 19360333 14451294 16412744 12389772 16845153 11792612 27120518 2384071 10125822 14328764 24691785 19764560; 2 17850012; 
38.53800000000001 0 9.819999999999975 1 27.28799999999991 2 1.430000000000001 0 14813714 33437822 18162730 7828252 9922122 18660521 18506582 20322928; 1 22523228 17862286 8820652 9507822 17201112 16102437 16494857 17323772 15105269 19360333 14451294 16412744 12389772 16845153 11792612 27120518 2384071 10125822 14328764 24691785 19764560 22463905; 2 17850012; 
39.444000000000024 0 9.841999999999974 1 28.205999999999918 2 1.396000000000001 0 14813714 33437822 18162730 7828252 9922122 18660521 18506582 20322928; 1 22523228 17862286 8820652 9507822 17201112 16102437 16494857 17323772 15105269 19360333 14451294 16412744 12389772 16845153 11792612 27120518 2384071 10125822 14328764 24691785 22463905 19764560 14467222; 2 17850012; 
40.748000000000026 0 9.933999999999967 1 29.451999999999956 2 1.362000000000001 0 14813714 33437822 18162730 7828252 9922122 18660521 18506582 20322928; 1 22523228 17862286 8820652 9507822 17201112 16102437 16494857 17323772 15105269 19360333 14451294 16412744 12389772 16845153 11792612 27120518 2384071 10125822 14328764 24691785 22463905 19764560 14467222 14785887; 2 17850012; 
41.71400000000006 0 10.845999999999936 1 29.44199999999994 2 1.426000000000001 0 14813714 33437822 18162730 7828252 9922122 18660521 18506582 20322928 15546710; 1 22523228 17862286 8820652 9507822 17201112 16102437 16494857 17323772 15105269 19360333 17498731 16412744 12389772 16845153 11792612 27120518 2384071 10125822 14328764 24691785 22463905 19764560 14467222 14785887; 2 17850012; 
43.221999999999994 0 10.921999999999958 1 30.833999999999943 2 1.466000000000001 0 14813714 33437822 18162730 7828252 9922122 18660521 18506582 20322928 15546710; 1 22523228 17862286 28942852 9507822 17201112 16102437 16494857 17323772 15105269 8820652 17498731 16412744 12389772 16845153 11792612 27120518 2384071 10125822 14328764 24691785 22463905 19764560 14467222 14785887 1315431; 2 17850012; 
44.85600000000006 0 12.117999999999943 1 31.23399999999997 2 1.5040000000000011 0 14813714 11350892 33437822 18162730 7828252 39299693 18660521 18506582 20322928 15546710; 1 17862286 28942852 9507822 17201112 16102437 16494857 17323772 15105269 8820652 17498731 16412744 12389772 16845153 11792612 27120518 2384071 10125822 14328764 24691785 22463905 19764560 14467222 14785887 1315431 21093392; 2 17850012; 
45.630000000000024 0 11.995999999999942 1 32.12400000000002 2 1.5100000000000011 0 14813714 11350892 33437822 18162730 7828252 9922122 18660521 18506582 20322928 15546710; 1 17862286 28942852 9507822 17201112 16102437 16494857 17323772 15105269 8820652 17498731 16412744 12389772 16845153 11792612 27120518 2384071 10125822 14328764 24561360 22463905 19764560 42408628 14785887 1315431 21093392 22317106; 2 17850012; 
46.62400000000001 0 12.105999999999945 1 33.053999999999995 2 1.464000000000001 0 14813714 11350892 33437822 18162730 15755677 9922122 18660521 18506582 20322928 15546710; 1 17862286 28942852 9507822 17201112 16102437 16494857 17323772 15105269 8820652 17498731 16412744 12389772 16845153 11792612 27120518 2384071 10125822 14328764 24561360 22463905 19764560 42408628 14785887 1315431 21093392 22317106 18988350; 2 17850012; 
48.10799999999995 0 12.30199999999995 1 34.30600000000005 2 1.500000000000001 0 15755677 15610769 9922122 18660521 33437822 18506582 11350892 20322928 15546710 18162730; 1 17498731 17201112 16845153 24561360 28942852 9507822 16102437 16494857 1315431 15105269 14785887 18988350 22317106 42408628 11792612 22463905 2384071 10125822 14328764 17862286 27120518 12389772 21093392 19764560 16412744 8820652 17323772 23344327; 2 17850012; 
49.01799999999987 0 12.183999999999948 1 35.35600000000005 2 1.478000000000001 0 15755677 15610769 9922122 18660521 33437822 18506582 11350892 20322928 15546710 18162730; 1 17498731 17201112 16845153 24561360 28942852 9507822 16102437 16494857 1315431 15105269 14785887 18988350 22317106 14467222 11792612 22463905 2384071 10125822 14328764 17862286 27120518 12389772 21093392 19764560 16412744 8820652 17323772 23344327 29762189; 2 17850012; 
