2.5559999999999885 0 0.2920000000000002 1 0.9820000000000008 2 1.282000000000001 0 1 2 17850012; 
4.261999999999977 0 1.454000000000001 1 2.739999999999987 2 0.06800000000000002 0 14813714; 1 2384071; 2 
8.691999999999965 0 3.413999999999979 1 3.9039999999999755 2 1.374000000000001 0 22461427; 1 2384071; 2 17850012; 
10.051999999999959 0 3.53399999999998 1 5.143999999999976 2 1.374000000000001 0 22461427; 1 2384071 22523228; 2 17850012; 
10.831999999999972 0 4.517999999999971 1 4.983999999999973 2 1.330000000000001 0 22461427 14813714; 1 22523228 2384071; 2 17850012; 
9.899999999999967 0 4.067999999999977 1 4.541999999999973 2 1.290000000000001 0 22461427 14813714; 1 22523228 12389772 15912438; 2 17850012; 
13.093999999999957 0 4.545999999999978 1 7.157999999999965 2 1.390000000000001 0 22461427 14813714; 1 22523228 12389772 2384071 14785887; 2 17850012; 
14.063999999999947 0 4.371999999999975 1 7.323999999999965 2 2.3679999999999977 0 22461427 14813714; 1 22523228 12389772 2384071 14785887; 2 17850012 16420606; 
15.007999999999972 0 4.491999999999973 1 7.157999999999965 2 3.357999999999968 0 22461427 14813714; 1 22523228 12389772 2384071 14785887; 2 17850012 16420606 24863940; 
16.06399999999997 0 4.425999999999975 1 7.267999999999968 2 4.369999999999988 0 14813714 22461427; 1 22523228 2384071 12389772 14785887; 2 16420606 17850012 24863940 16788703; 
17.39799999999997 0 4.605999999999976 1 8.39999999999997 2 4.391999999999989 0 14813714 22461427; 1 22523228 2384071 12389772 14785887 17201112; 2 16420606 17850012 24863940 16788703; 
14.253999999999955 0 3.4699999999999656 1 6.495999999999955 2 4.287999999999989 0 14813714 18162730 9922122; 1 22523228 14167991 12389772 14785887 17201112; 2 16420606 17850012 24863940 16788703; 
15.301999999999984 0 3.4559999999999667 1 7.513999999999969 2 4.331999999999987 0 14813714 18162730 9922122; 1 22523228 14167991 12389772 14785887 17201112 21494085; 2 16420606 17850012 24863940 16788703; 
20.359999999999978 0 4.5359999999999765 1 11.461999999999952 2 4.361999999999986 0 14813714 22461427; 1 22523228 14167991 12389772 14785887 2384071 17201112 21494085 8043172; 2 16420606 17850012 24863940 16788703; 
17.48200000000001 0 3.5099999999999683 1 9.639999999999974 2 4.331999999999989 0 14813714 18162730 9922122; 1 22523228 14167991 12389772 14785887 17201112 21494085 8043172 797018; 2 16420606 17850012 24863940 16788703; 
22.47399999999994 0 5.5399999999999725 1 12.487999999999948 2 4.445999999999984 0 14813714 22461427 33437822; 1 22523228 14167991 12389772 14785887 2384071 17201112 21494085 8043172 797018; 2 16420606 17850012 24863940 16788703; 
24.067999999999955 0 5.859999999999966 1 13.819999999999956 2 4.387999999999987 0 7376382 22461427 14813714; 1 2384071 14167991 8043172 797018 22523228 21494085 14785887 17201112 12389772 37975185; 2 17850012 24863940 16420606 16788703; 
24.899999999999938 0 6.853999999999961 1 13.677999999999956 2 4.367999999999985 0 7376382 18162730 14813714 22461427; 1 2384071 14167991 8043172 797018 22523228 21494085 14785887 17201112 12389772 37975185; 2 17850012 24863940 16420606 16788703; 
26.103999999999935 0 6.887999999999962 1 14.825999999999965 2 4.3899999999999855 0 7376382 18162730 14813714 22461427; 1 2384071 14167991 8043172 797018 22523228 21494085 14785887 17201112 12389772 37975185 41773112; 2 17850012 24863940 16420606 16788703; 
27.70399999999994 0 7.013999999999958 1 16.193999999999992 2 4.495999999999982 0 7376382 18162730 14813714 22461427; 1 2384071 14167991 8043172 797018 22523228 21494085 14785887 17201112 12389772 37975185 41773112 16102437; 2 17850012 24863940 16420606 16788703; 
28.875999999999955 0 7.123999999999966 1 17.24399999999998 2 4.507999999999984 0 7376382 18162730 14813714 22461427; 1 2384071 15298719 8043172 797018 22523228 21494085 14785887 17201112 12389772 37975185 41773112 16102437 15105269; 2 17850012 24863940 16420606 16788703; 
30.355999999999966 0 7.273999999999965 1 18.613999999999994 2 4.467999999999985 0 7376382 19346657 14813714 22461427; 1 2384071 15298719 8043172 797018 22523228 21494085 14785887 17201112 12389772 37975185 41773112 16102437 15105269 16494857; 2 17850012 24863940 16420606 16788703; 
31.39999999999999 0 7.287999999999963 1 19.595999999999968 2 4.515999999999986 0 7376382 19346657 14813714 22461427; 1 2384071 15298719 8043172 797018 22523228 21494085 14785887 17201112 12389772 37975185 41773112 16102437 16494857 15105269 23344327; 2 17850012 24863940 16420606 16788703; 
32.73000000000001 0 7.173999999999967 1 21.061999999999976 2 4.493999999999983 0 7376382 19346657 14813714 22461427; 1 2384071 15298719 16236786 797018 22523228 21494085 14785887 17201112 12389772 37975185 41773112 16102437 16494857 15105269 23344327 16845153; 2 17850012 24863940 16420606 16788703; 
33.642 0 7.3419999999999614 1 21.803999999999995 2 4.495999999999984 0 7376382 19346657 14813714 22461427; 1 2384071 15298719 16236786 797018 22523228 21494085 14785887 17201112 12389772 37975185 41773112 16102437 15105269 23344327 16494857 16845153 16813674; 2 17850012 24863940 16420606 16788703; 
35.53400000000004 0 7.441999999999968 1 23.571999999999967 2 4.519999999999984 0 7376382 19346657 14813714 22461427; 1 2384071 15298719 16236786 797018 22523228 21494085 14785887 17201112 12389772 37975185 41773112 16102437 15105269 23344327 16494857 16845153 16813674 16004411; 2 17850012 24863940 16420606 16788703; 
36.542000000000016 0 8.287999999999963 1 23.791999999999934 2 4.461999999999985 0 7376382 9922122 19346657 14813714 22461427; 1 14167991 16236786 797018 22523228 21494085 14785887 17201112 12389772 37975185 41773112 16102437 15105269 23344327 16494857 16845153 16813674 16004411 2384071; 2 17850012 24863940 16420606 16788703; 
37.45400000000004 0 8.463999999999965 1 24.54799999999997 2 4.441999999999983 0 7376382 9922122 19346657 14813714 22461427; 1 14167991 16236786 797018 22523228 21494085 14785887 17201112 12389772 37975185 41773112 2384071 23344327 16813674 16494857 16004411 15105269 16845153 16102437 43199935; 2 17850012 24863940 16420606 16788703; 
38.646000000000036 0 9.415999999999968 1 24.74199999999992 2 4.487999999999985 0 7376382 14139780 16439625 14813714 23219721 22461427; 1 14167991 16236786 797018 22523228 21494085 14785887 17201112 12389772 37975185 41773112 2384071 23344327 16813674 16494857 16004411 15105269 16845153 16102437 43199935; 2 17850012 24863940 16420606 16788703; 
39.95400000000009 0 10.651999999999973 1 24.813999999999922 2 4.487999999999985 0 7376382 14139780 34396078 14813714 23219721 29863027 22461427; 1 14167991 16236786 797018 22523228 21494085 14785887 17201112 12389772 37975185 41773112 2384071 23344327 16813674 16494857 16004411 15105269 16845153 16102437 43199935; 2 17850012 24863940 16420606 16788703; 
41.15800000000005 0 10.639999999999949 1 25.935999999999932 2 4.581999999999982 0 7376382 14139780 34396078 14813714 23219721 22461427 29863027; 1 14167991 16236786 797018 22523228 21494085 14785887 17201112 12389772 37975185 41773112 2384071 23344327 16813674 16494857 16004411 15105269 16845153 16102437 43199935 14909369; 2 17850012 24863940 16420606 16788703; 
42.46200000000005 0 10.773999999999955 1 26.21599999999991 2 5.471999999999943 0 7376382 14139780 34396078 14813714 23219721 22461427 29863027; 1 14167991 16236786 797018 22523228 21494085 14785887 17201112 12389772 37975185 41773112 2384071 23344327 16813674 16494857 16004411 15105269 16845153 16102437 43199935 14909369; 2 17850012 24863940 16420606 16788703 18102660; 
43.72800000000002 0 11.797999999999961 1 25.46399999999997 2 6.4659999999999505 0 7376382 14139780 34396078 14813714 32627702 23219721 22461427 29863027; 1 14167991 16236786 797018 22523228 21494085 14785887 17201112 37975185 2384071 23344327 16813674 16494857 16004411 15105269 16845153 16102437 43199935 14909369 6480302; 2 17850012 24863940 11120172 16420606 16788703 18102660; 
44.91999999999998 0 11.833999999999941 1 26.577999999999918 2 6.507999999999955 0 7376382 14139780 34396078 14813714 32627702 23219721 22461427 29863027; 1 14167991 16236786 797018 22523228 21494085 14785887 17201112 37975185 2384071 23344327 16813674 16494857 16004411 15105269 16845153 16102437 43199935 14909369 14328764 28726058; 2 17850012 24863940 11120172 16420606 16788703 18102660; 
45.61799999999999 0 10.683999999999966 1 28.407999999999916 2 6.525999999999955 0 14813714 9922122 7376382 29863027 23219721 22461427 34396078; 1 14328764 16845153 28726058 797018 2384071 23344327 41773112 16004411 14785887 17201112 16813674 43199935 14909369 16494857 21494085 15105269 16102437 22523228 16236786 14167991 37975185 17451621; 2 18102660 24863940 16420606 16788703 11120172 17850012; 
47.0 0 11.91999999999995 1 28.499999999999957 2 6.57999999999996 0 32627702 14813714 9922122 7376382 29863027 23219721 22461427 34396078; 1 6480302 16845153 28726058 797018 2384071 23344327 16004411 14785887 17201112 16813674 43199935 14909369 16494857 21494085 15105269 16102437 22523228 16236786 14167991 37975185 15307206 15490016; 2 18102660 24863940 16420606 16788703 11120172 17850012; 
47.529999999999994 0 10.605999999999977 1 30.395999999999958 2 6.5279999999999525 0 14813714 9922122 7376382 29863027 23219721 22461427 34396078; 1 14328764 16845153 28726058 797018 2384071 23344327 41773112 16004411 14785887 17201112 16813674 43199935 14909369 16494857 21494085 15105269 16102437 22523228 8043172 14167991 37975185 15307206 15490016 16412744; 2 18102660 24863940 16420606 16788703 11120172 17850012; 
49.05599999999995 0 10.009999999999968 1 32.495999999999995 2 6.5499999999999545 0 14813714 9922122 7376382 29863027 23219721 22461427; 1 14328764 16845153 28726058 797018 2384071 23344327 41773112 16004411 14785887 17201112 16813674 43199935 14909369 16494857 21494085 15105269 16102437 22523228 18954398 8043172 14167991 37975185 15307206 16412744 15490016 15487691; 2 18102660 24863940 16420606 16788703 11120172 17850012; 
50.0299999999999 0 9.867999999999972 1 33.626000000000026 2 6.535999999999952 0 14813714 9922122 7376382 29863027 23219721 22461427; 1 14328764 16845153 28726058 797018 2384071 23344327 41773112 16004411 14785887 17201112 16813674 43199935 14909369 16494857 21494085 15105269 16102437 22523228 18954398 8043172 14167991 37975185 15307206 16412744 15490016 15487691 14451294; 2 18102660 24863940 16420606 16788703 11120172 17850012; 
51.44599999999986 0 10.123999999999965 1 34.75200000000006 2 6.569999999999956 0 14813714 9922122 7376382 29863027 23219721 22461427; 1 6480302 16845153 28726058 797018 2384071 23344327 41773112 16004411 14785887 17201112 16813674 43199935 14909369 16494857 21494085 15105269 16102437 22523228 18954398 8043172 14167991 37975185 15307206 15490016 15487691 16412744 14451294 21093392; 2 18102660 24863940 16420606 16788703 11120172 17850012; 
