1.0320000000000007 0 1.0140000000000007 1 0.006 2 0.012 0 14813714; 1 2 
4.133999999999976 0 1.486000000000001 1 2.5899999999999896 2 0.05800000000000003 0 14813714; 1 2384071; 2 
7.597999999999966 0 3.32199999999998 1 4.173999999999974 2 0.10200000000000008 0 22461427; 1 2384071 19360333; 2 
8.453999999999967 0 3.183999999999982 1 3.9439999999999746 2 1.326000000000001 0 22461427; 1 18120477 8820652; 2 17850012; 
9.963999999999977 0 3.477999999999977 1 5.105999999999973 2 1.380000000000001 0 22461427; 1 8820652 18120477 16412744; 2 17850012; 
10.869999999999955 0 3.3359999999999825 1 6.1259999999999675 2 1.408000000000001 0 22461427; 1 8820652 18120477 19360333 22523228; 2 17850012; 
11.74999999999996 0 4.291999999999975 1 6.1239999999999615 2 1.334000000000001 0 22461427 18888190; 1 8820652 19360333 22523228 7067442; 2 17850012; 
13.051999999999955 0 4.321999999999974 1 7.3419999999999614 2 1.388000000000001 0 22461427 18888190; 1 8820652 19360333 22523228 14872695 14451294; 2 17850012; 
14.311999999999962 0 4.415999999999972 1 8.53599999999996 2 1.360000000000001 0 22461427 18888190; 1 8820652 19360333 14872695 14451294 22523228 16845153; 2 17850012; 
15.463999999999961 0 4.39799999999998 1 9.66199999999998 2 1.404000000000001 0 22461427 18888190; 1 8820652 19360333 14872695 14451294 22523228 16845153 17201112; 2 17850012; 
16.34799999999997 0 2.2199999999999966 1 12.61399999999996 2 1.5140000000000011 0 27060950; 1 8820652 27120518 19360333 14451294 22523228 17201112 12389772 16845153 2384071; 2 17850012; 
17.75199999999997 0 3.2159999999999838 1 13.101999999999935 2 1.434000000000001 0 27060950 33437822; 1 8820652 16447060 19360333 14451294 22523228 17201112 12389772 16845153 2384071; 2 17850012; 
19.091999999999963 0 3.263999999999984 1 14.335999999999963 2 1.492000000000001 0 27060950 33437822; 1 8820652 16447060 19360333 14451294 22523228 17201112 12389772 16845153 2384071 16412744; 2 17850012; 
22.81199999999997 0 6.11999999999996 1 15.17799999999995 2 1.5140000000000011 0 20297525 22461427 33437822; 1 8820652 16447060 19360333 14451294 22523228 17201112 12389772 16845153 16412744 2384071; 2 17850012; 
23.437999999999942 0 5.997999999999967 1 15.84999999999997 2 1.5900000000000012 0 22461427 33437822 27060950; 1 2384071 16845153 12389772 17201112 22523228 19360333 8820652 16447060 14451294 16412744 17323772; 2 17850012; 
22.917999999999974 0 6.6239999999999615 1 14.82199999999997 2 1.472000000000001 0 22461427 33437822 27060950 14139780; 1 14872695 16845153 12389772 17201112 22523228 19360333 8820652 16447060 14451294 16412744 17323772; 2 17850012; 
25.619999999999933 0 7.979999999999964 1 16.09799999999997 2 1.5420000000000011 0 22461427 33437822 27060950 14139780 7828252; 1 2384071 16845153 12389772 17201112 22523228 19360333 8820652 16447060 14451294 16412744 17323772; 2 17850012; 
26.813999999999936 0 8.099999999999962 1 17.107999999999972 2 1.6060000000000012 0 22461427 33437822 27060950 7828252 14139780; 1 2384071 16845153 12389772 17201112 22523228 19360333 8820652 16447060 14451294 16412744 17323772 14696934; 2 17850012; 
27.25999999999992 0 7.887999999999968 1 16.425999999999984 2 2.9459999999999877 0 22461427 33437822 27060950 7828252 14139780; 1 2384071 16845153 12389772 17201112 22523228 19360333 8820652 16447060 14451294 16412744 17323772 14696934; 2 19686924 24863940; 
27.943999999999903 0 7.691999999999961 1 17.24599999999998 2 3.00599999999999 0 22461427 33437822 27060950 7828252 14139780; 1 2384071 16845153 12389772 17201112 22523228 19360333 8820652 16447060 14451294 16412744 17323772 14696934 25468909; 2 19686924 24863940; 
27.201999999999945 0 7.2619999999999685 1 16.983999999999988 2 2.9559999999999906 0 39299693 33437822 20297525 7828252 14139780 18506582; 1 2384071 16845153 12389772 17201112 22523228 19360333 8820652 16447060 14451294 16412744 17323772 25468909 14696934; 2 19686924 24863940; 
28.38999999999992 0 7.235999999999964 1 17.171999999999983 2 3.981999999999971 0 39299693 33437822 20297525 7828252 14139780 18506582; 1 2384071 16845153 12389772 17201112 22523228 19360333 8820652 16447060 14451294 16412744 17323772 25468909 14696934; 2 19686924 24863940 16788703; 
29.993999999999982 0 6.359999999999952 1 19.60799999999997 2 4.025999999999975 0 39299693 20297525 7828252 14139780 18506582; 1 2384071 16845153 12389772 17201112 10125822 19360333 8820652 16447060 14451294 17498731 15076390 17323772 25468909 14696934 16102437; 2 19686924 24863940 16788703; 
28.827999999999935 0 6.937999999999953 1 18.02599999999997 2 3.8639999999999737 0 39299693 33437822 20297525 7828252 14139780 18506582; 1 6821602 16845153 12389772 17201112 22523228 19360333 8820652 16447060 14451294 17498731 17323772 25468909 14696934 16102437 27120518; 2 19686924 24863940 16788703; 
31.433999999999983 0 7.285999999999963 1 20.21399999999998 2 3.933999999999969 0 9922122 39299693 33437822 20297525 7828252 18506582; 1 16845153 12389772 17201112 22523228 19360333 8820652 16447060 14451294 17498731 17323772 25468909 14696934 15285795 16102437 27120518 2384071; 2 19686924 24863940 16788703; 
32.95000000000001 0 7.541999999999977 1 21.48599999999998 2 3.921999999999973 0 9922122 39299693 33437822 20297525 7828252 18506582; 1 16845153 12389772 17201112 22523228 19360333 8820652 16447060 14451294 17498731 17323772 25468909 14696934 15285795 16102437 2384071 27120518 15105269; 2 19686924 24863940 16788703; 
34.118000000000045 0 7.265999999999963 1 21.833999999999982 2 5.017999999999968 0 9922122 39299693 33437822 20297525 7828252 18506582; 1 16845153 12389772 17201112 22523228 19360333 8820652 16447060 14451294 17498731 17323772 25468909 14696934 15285795 16102437 2384071 27120518 15105269; 2 19686924 24863940 16788703 18102660; 
35.39000000000004 0 7.467999999999968 1 22.88599999999997 2 5.035999999999968 0 9922122 39299693 33437822 20297525 7828252 18506582; 1 16845153 12389772 17201112 22523228 19360333 8820652 16447060 14451294 17498731 17323772 25468909 14696934 15285795 16102437 2384071 27120518 15105269 797018; 2 19686924 24863940 16788703 18102660; 
36.758 0 7.463999999999966 1 23.23599999999997 2 6.057999999999947 0 9922122 39299693 33437822 20297525 7828252 14103852; 1 16845153 12389772 17201112 10125822 19360333 8820652 16447060 14451294 17498731 17323772 15105269 16102437 27120518 25468909 2384071 15285795 14696934 797018; 2 19686924 16788703 24863940 18102660 13654112; 
38.07600000000002 0 7.543999999999966 1 24.379999999999956 2 6.151999999999955 0 9922122 39299693 33437822 20297525 7828252 14103852; 1 16845153 12389772 17201112 22523228 19360333 8820652 16447060 14451294 16412744 17323772 15105269 16102437 27120518 25468909 2384071 15285795 14696934 797018 10125822; 2 19686924 16788703 24863940 18102660 13654112; 
38.81400000000003 0 8.385999999999989 1 24.38599999999995 2 6.041999999999954 0 9922122 39299693 33437822 20297525 7828252 14103852 19808025; 1 16845153 12389772 17201112 22523228 19360333 8820652 16447060 14451294 17498731 17323772 15105269 16102437 27120518 25468909 2384071 15285795 14696934 797018 10125822; 2 19686924 16788703 24863940 18102660 13654112; 
40.14000000000001 0 8.637999999999977 1 25.401999999999934 2 6.099999999999952 0 9922122 39299693 33437822 20297525 7828252 14103852 19808025; 1 16845153 12389772 17201112 22523228 19360333 8820652 16447060 14451294 17498731 17323772 15105269 16102437 27120518 25468909 2384071 15285795 14696934 797018 10125822 21093392; 2 19686924 16788703 24863940 18102660 13654112; 
41.018 0 9.555999999999969 1 25.375999999999916 2 6.085999999999948 0 9922122 39299693 33437822 20297525 16045504 7828252 19808025 16090188; 1 16845153 12389772 17201112 22523228 19360333 8820652 16447060 14451294 17498731 17323772 15105269 16102437 27120518 25468909 2384071 14349955 797018 14696934 21093392 16494857; 2 19686924 24863940 18102660 13654112 16788703; 
42.204000000000015 0 9.567999999999964 1 26.475999999999924 2 6.159999999999954 0 9922122 39299693 33437822 20297525 16045504 7828252 19808025 14103852; 1 16845153 12389772 17201112 22523228 19360333 8820652 16447060 14451294 17498731 17323772 15105269 16102437 27120518 25468909 2384071 14349955 797018 14696934 21093392 16494857 35324281; 2 19686924 24863940 18102660 13654112 16788703; 
44.13200000000005 0 9.935999999999968 1 28.00999999999991 2 6.185999999999956 0 9922122 39299693 33437822 20297525 11350892 7828252 19808025 18506582; 1 16845153 12389772 17201112 22523228 19360333 8820652 16447060 14451294 17498731 17323772 15105269 16102437 27120518 25468909 2384071 14349955 797018 14696934 21093392 16494857 35324281 1315431; 2 19686924 24863940 18102660 13654112 16788703; 
44.72400000000003 0 9.973999999999972 1 28.769999999999918 2 5.979999999999948 0 9922122 39299693 33437822 20297525 11350892 7828252 19808025 18506582; 1 16845153 12389772 17201112 22523228 19360333 8820652 16447060 14451294 17498731 17323772 15105269 16102437 27120518 25468909 2384071 14349955 797018 14696934 21093392 16494857 1315431 35324281 42079072; 2 19686924 24863940 18102660 13654112 16788703; 
44.552 0 8.56599999999999 1 29.847999999999942 2 6.137999999999947 0 39299693 20297525 11350892 7828252 19808025 14103852 15572221; 1 9647442 16845153 12389772 17201112 22523228 19360333 8820652 16447060 14451294 17498731 35502816 17323772 15105269 16102437 27120518 25468909 6821602 10125822 797018 14696934 21093392 16494857 1315431 35324281 42079072; 2 19686924 24863940 18102660 13654112 16788703; 
45.50400000000002 0 8.581999999999981 1 30.832000000000026 2 6.0899999999999475 0 39299693 20297525 11350892 7828252 19808025 14103852 15572221; 1 9647442 16845153 12389772 17201112 22523228 19360333 8820652 16447060 14451294 17498731 35502816 17323772 15105269 16102437 27120518 25468909 6821602 10125822 797018 14696934 21093392 16494857 35324281 1315431 42079072 14328764; 2 19686924 24863940 18102660 13654112 16788703; 
46.53599999999996 0 8.501999999999986 1 31.993999999999993 2 6.039999999999949 0 39299693 20297525 7828252 19808025 14103852 15572221 17497582; 1 9647442 16845153 12389772 17201112 22523228 19360333 8820652 16447060 14451294 17498731 36150796 17323772 36444947 15105269 16102437 27120518 25468909 6821602 10125822 797018 14696934 21093392 16494857 35324281 1315431 42079072 14328764; 2 19686924 24863940 18102660 13654112 16788703; 
47.63999999999998 0 8.465999999999987 1 33.00400000000001 2 6.169999999999959 0 39299693 20297525 7828252 19808025 14103852 17497582 15572221; 1 9647442 16845153 12389772 17201112 22523228 19360333 8820652 16447060 14451294 17498731 36150796 17323772 36444947 15105269 16102437 27120518 25468909 6821602 10125822 18552677 797018 14696934 21093392 16494857 1315431 14328764 42079072 35324281; 2 19686924 24863940 18102660 13654112 16420606; 
