1.0800000000000007 0 0.014 1 1.0580000000000007 2 0.008 0 1 12389772; 2 
2.1160000000000014 0 1.0460000000000007 1 1.0460000000000007 2 0.024 0 18162730; 1 12389772; 2 
3.449999999999965 0 1.0680000000000007 1 2.3359999999999994 2 0.04600000000000001 0 18162730; 1 12389772 14785887; 2 
6.699999999999966 0 2.7079999999999878 1 3.9099999999999726 2 0.08200000000000005 0 22461427; 1 12389772 14785887 14167991; 2 
7.833999999999965 0 2.8039999999999847 1 4.917999999999974 2 0.11200000000000007 0 22461427; 1 12389772 14785887 14167991 22523228; 2 
12.005999999999977 0 3.5179999999999803 1 7.075999999999962 2 1.412000000000001 0 22461427; 1 12389772 14785887 2384071 22523228; 2 17850012; 
13.089999999999968 0 3.483999999999976 1 8.239999999999968 2 1.366000000000001 0 22461427; 1 12389772 14785887 2384071 22523228 797018; 2 17850012; 
14.527999999999958 0 3.5959999999999805 1 9.517999999999969 2 1.414000000000001 0 22461427; 1 12389772 22523228 14785887 797018 2384071 16102437; 2 17850012; 
15.917999999999964 0 3.6379999999999804 1 10.773999999999948 2 1.5060000000000011 0 22461427; 1 12389772 22523228 14785887 797018 2384071 16102437 17201112; 2 17850012; 
16.985999999999972 0 3.7319999999999784 1 10.78399999999996 2 2.4699999999999953 0 22461427; 1 12389772 22523228 14785887 797018 2384071 16102437 17201112; 2 17850012 24863940; 
18.29399999999998 0 3.8159999999999807 1 11.967999999999952 2 2.509999999999995 0 22461427; 1 12389772 22523228 14785887 797018 2384071 16102437 17201112 23344327; 2 17850012 24863940; 
19.237999999999968 0 4.7879999999999745 1 11.93799999999995 2 2.5119999999999942 0 22461427 14813714; 1 12389772 22523228 14785887 797018 2384071 16102437 17201112 23344327; 2 17850012 24863940; 
20.197999999999986 0 4.73399999999997 1 12.023999999999948 2 3.4399999999999706 0 22461427 14813714; 1 12389772 22523228 14785887 797018 2384071 16102437 17201112 23344327; 2 17850012 24863940 16788703; 
21.21399999999997 0 4.6179999999999755 1 13.155999999999953 2 3.4399999999999684 0 22461427 14813714; 1 9447312 22523228 14785887 797018 2384071 16102437 17201112 23344327 22242176; 2 17850012 24863940 16788703; 
22.55799999999997 0 4.843999999999977 1 14.189999999999953 2 3.523999999999969 0 22461427 14813714; 1 9447312 22523228 14785887 797018 2384071 16102437 17201112 23344327 22242176 15862005; 2 17850012 16788703 24863940; 
23.381999999999945 0 4.7819999999999725 1 15.109999999999967 2 3.4899999999999687 0 22461427 14813714; 1 9447312 22523228 14785887 797018 2384071 16102437 17201112 23344327 22242176 15862005 14909369; 2 17850012 16788703 24863940; 
24.351999999999947 0 4.677999999999972 1 15.219999999999972 2 4.4539999999999855 0 22461427 14813714; 1 9447312 22523228 14785887 797018 2384071 16102437 17201112 23344327 22242176 15862005 14909369; 2 17850012 16788703 24863940 16420606; 
25.82399999999991 0 4.74999999999997 1 16.549999999999972 2 4.523999999999984 0 22461427 14813714; 1 9447312 22523228 14785887 797018 2384071 16102437 17201112 23344327 22242176 15862005 14909369 21093392; 2 17850012 16788703 24863940 16420606; 
27.335999999999938 0 5.0959999999999726 1 17.717999999999982 2 4.521999999999981 0 22461427 14813714; 1 9447312 22523228 14785887 797018 2384071 16102437 17201112 23344327 22242176 15862005 14909369 21093392 15105269; 2 17850012 16788703 24863940 16420606; 
27.86999999999992 0 5.779999999999966 1 17.571999999999992 2 4.517999999999982 0 14813714 22461427 18888190; 1 16102437 797018 14785887 37975185 15862005 9447312 2384071 14909369 23344327 17201112 22242176 15105269 22523228; 2 24863940 16788703 16420606 17850012; 
28.951999999999934 0 5.813999999999972 1 18.615999999999982 2 4.5219999999999825 0 14813714 22461427 18888190; 1 16102437 797018 14785887 37975185 15862005 9447312 2384071 14909369 23344327 17201112 22242176 15105269 22523228 29118055; 2 24863940 16788703 16420606 17850012; 
29.993999999999957 0 5.785999999999967 1 19.67199999999999 2 4.535999999999984 0 14813714 22461427 18888190; 1 16102437 797018 14785887 37975185 15862005 9447312 2384071 14909369 23344327 17201112 22242176 15105269 22523228 29118055 21494085; 2 24863940 16788703 16420606 17850012; 
30.989999999999952 0 6.893999999999959 1 19.631999999999977 2 4.463999999999988 0 14813714 22461427 18888190 9922122; 1 16102437 797018 14785887 37975185 15862005 12389772 2384071 14909369 23344327 17201112 22242176 15105269 22523228 29118055 21494085; 2 24863940 16788703 16420606 17850012; 
32.172 0 6.901999999999962 1 20.73999999999998 2 4.529999999999984 0 14813714 22461427 18888190 9922122; 1 16102437 797018 14785887 37975185 15862005 29973725 2384071 14909369 23344327 17201112 22242176 15105269 22523228 21494085 29118055 16236786; 2 24863940 16788703 16420606 17850012; 
33.79600000000006 0 8.293999999999958 1 21.009999999999987 2 4.491999999999984 0 82243 14813714 16304657 7376382 22461427; 1 16102437 797018 14785887 37975185 15862005 12389772 14909369 23344327 17201112 22242176 15105269 22523228 21494085 29118055 16236786 2384071; 2 24863940 16788703 16420606 17850012; 
35.64000000000002 0 8.379999999999974 1 22.771999999999984 2 4.487999999999985 0 82243 14813714 7376382 9922122 22461427; 1 16102437 797018 14785887 37975185 15862005 12389772 14909369 23344327 16004411 17201112 22242176 15105269 22523228 21494085 29118055 16236786 2384071; 2 24863940 16788703 16420606 17850012; 
37.17200000000007 0 7.543999999999967 1 25.097999999999907 2 4.52999999999998 0 14813714 7376382 17676511 22461427; 1 16102437 797018 14785887 21093392 15862005 12389772 14167991 14909369 23344327 16004411 17201112 22242176 15105269 22523228 21494085 29118055 16236786 2384071 43199935; 2 24863940 16788703 16420606 17850012; 
37.93400000000006 0 8.41599999999997 1 24.91599999999993 2 4.60199999999998 0 14813714 7376382 17676511 22461427 19045839; 1 16102437 797018 14785887 21093392 15862005 12389772 14167991 14909369 23344327 16004411 17201112 22242176 15105269 22523228 21494085 29118055 16236786 43199935 2384071; 2 24863940 16788703 16420606 17850012; 
39.06600000000004 0 9.58999999999998 1 24.939999999999923 2 4.535999999999982 0 82243 14813714 7376382 17676511 22461427 19045839; 1 16102437 797018 14785887 21093392 15862005 12389772 14909369 23344327 16004411 17201112 22242176 15105269 22523228 21494085 29118055 16236786 43199935 2384071 16931885; 2 24863940 16788703 16420606 17850012; 
39.96200000000003 0 9.38599999999997 1 26.057999999999915 2 4.517999999999978 0 82243 14813714 7376382 17676511 22461427 19045839; 1 16102437 797018 14785887 37975185 15862005 12389772 14909369 23344327 16004411 17201112 22242176 15105269 22523228 21494085 29118055 16236786 43199935 2384071 16931885 21093392; 2 24863940 16788703 16420606 17850012; 
40.358 0 9.269999999999982 1 26.499999999999908 2 4.587999999999979 0 14813714 16304657 7376382 17676511 22461427 19045839; 1 16102437 797018 14785887 37975185 15862005 12389772 14167991 14909369 23344327 17201112 22242176 15105269 22523228 21494085 29118055 16236786 43199935 2384071 16931885 21093392 9590002; 2 24863940 16788703 16420606 17850012; 
41.64800000000001 0 9.425999999999966 1 27.62199999999995 2 4.599999999999979 0 19045839 22461427 18162730 17676511 7376382 14813714; 1 797018 17201112 14785887 37975185 29118055 43199935 9590002 12389772 16931885 14909369 2384071 16236786 15105269 22523228 16102437 22242176 23344327 14167991 21093392 15862005 21494085 14451294; 2 17850012 16420606 16788703 24863940; 
42.500000000000064 0 9.557999999999964 1 28.391999999999907 2 4.549999999999984 0 19045839 22461427 18162730 17676511 7376382 14813714; 1 797018 17201112 14785887 37975185 29118055 43199935 9590002 12389772 16931885 14909369 2384071 16236786 15105269 22523228 16102437 22242176 23344327 14167991 21093392 15862005 21494085 14451294 41773112; 2 17850012 16420606 16788703 24863940; 
43.38200000000005 0 9.381999999999978 1 29.485999999999947 2 4.513999999999981 0 19045839 22461427 18162730 17676511 7376382 14813714; 1 797018 17201112 14785887 37975185 29118055 43199935 9590002 12389772 16931885 14909369 2384071 16236786 15105269 22523228 16102437 22242176 23344327 14167991 21093392 15862005 21494085 14451294 41773112 16813674; 2 17850012 16420606 16788703 11120172; 
44.771999999999956 0 9.59199999999996 1 30.62799999999998 2 4.5519999999999845 0 19045839 22461427 18162730 17676511 7376382 14813714; 1 797018 17201112 14785887 37975185 29118055 43199935 9590002 12389772 16931885 14909369 2384071 16236786 15105269 22523228 16102437 22242176 23344327 14167991 21093392 15862005 21494085 14451294 16813674 41773112 12327342; 2 17850012 16420606 16788703 11120172; 
46.31799999999999 0 9.577999999999973 1 32.234 2 4.5059999999999825 0 19045839 22461427 16304657 17676511 7376382 14813714; 1 797018 17201112 14785887 37975185 29118055 43199935 16004411 12389772 16931885 14909369 2384071 16236786 15105269 22523228 16102437 22242176 23344327 14167991 21093392 15862005 21494085 14451294 16813674 41773112 12327342 37135242; 2 17850012 16420606 16788703 11120172; 
47.47399999999995 0 9.555999999999973 1 32.388000000000034 2 5.529999999999946 0 19045839 22461427 16304657 17676511 7376382 14813714; 1 797018 17201112 14785887 37975185 29118055 43199935 16004411 12389772 16931885 14909369 2384071 16236786 15105269 22523228 16102437 22242176 23344327 14167991 21093392 15862005 21494085 14451294 16813674 41773112 12327342 37135242; 2 17850012 16420606 16788703 11120172 18102660; 
48.51199999999996 0 9.387999999999977 1 33.602000000000025 2 5.521999999999942 0 19045839 22461427 16304657 17676511 7376382 14813714; 1 797018 17201112 14785887 37975185 29118055 43199935 16004411 12389772 16931885 14909369 2384071 16236786 15105269 22523228 16102437 22242176 23344327 14167991 21093392 15862005 21494085 14451294 16813674 41773112 12327342 37135242 15307206; 2 17850012 16420606 16788703 11120172 18102660; 
49.609999999999914 0 9.463999999999958 1 34.59800000000004 2 5.5479999999999405 0 19045839 22461427 16304657 17676511 7376382 14813714; 1 797018 17201112 14785887 37975185 29118055 43199935 16004411 12389772 16931885 14909369 2384071 16236786 15105269 22523228 16102437 22242176 23344327 14167991 21093392 15862005 21494085 14451294 16813674 41773112 12327342 37135242 15307206 16845153; 2 17850012 16420606 16788703 11120172 18102660; 
50.58999999999986 0 9.585999999999974 1 35.494000000000035 2 5.5099999999999385 0 19045839 22461427 16304657 16537567 7376382 14813714; 1 797018 17201112 14785887 37975185 29118055 43199935 16004411 12389772 16931885 14909369 2384071 16236786 15105269 22523228 16102437 22242176 23344327 14167991 21093392 15862005 21494085 14451294 16813674 41773112 12327342 37135242 16845153 15307206 14338426; 2 17850012 16420606 16788703 11120172 18102660; 
