1.346000000000001 0 0.11000000000000007 1 1.2340000000000009 2 0.002 0 1 14451294; 2 
2.611999999999994 0 0.1400000000000001 1 2.447999999999997 2 0.024000000000000007 0 1 14451294 14785887; 2 
3.715999999999968 0 1.1780000000000008 1 2.5099999999999962 2 0.02800000000000001 0 15572221; 1 14451294 14785887; 2 
5.083999999999973 0 1.2480000000000009 1 3.7759999999999687 2 0.06000000000000004 0 15572221; 1 14451294 14785887 15184942; 2 
6.219999999999952 0 1.284000000000001 1 4.857999999999976 2 0.07800000000000006 0 15572221; 1 14451294 14785887 15184942 17201112; 2 
11.565999999999963 0 3.543999999999979 1 7.861999999999978 2 0.16000000000000011 0 22461427; 1 14451294 14785887 15184942 17201112 2384071; 2 
12.415999999999968 0 4.475999999999977 1 7.799999999999964 2 0.1400000000000001 0 22461427 27362221; 1 14451294 14785887 15184942 17201112 2384071; 2 
13.549999999999947 0 5.353999999999969 1 8.041999999999966 2 0.1540000000000001 0 33437822 15572221 22461427; 1 17201112 15184942 14785887 2384071 14451294; 2 
14.359999999999973 0 5.329999999999968 1 8.877999999999977 2 0.15200000000000008 0 33437822 15572221 22461427; 1 17201112 15184942 14785887 2384071 14451294 14167991; 2 
15.561999999999971 0 5.5019999999999705 1 9.879999999999958 2 0.18000000000000013 0 33437822 15572221 22461427; 1 17201112 15184942 14785887 2384071 14451294 14167991 797018; 2 
16.69999999999999 0 5.439999999999967 1 11.075999999999963 2 0.18400000000000014 0 33437822 15572221 22461427; 1 17201112 15184942 14785887 2384071 14451294 797018 14167991 22523228; 2 
17.765999999999966 0 5.559999999999968 1 12.011999999999952 2 0.19400000000000014 0 33437822 15572221 22461427; 1 17201112 15184942 14785887 12389772 14451294 797018 14167991 22523228 2384071; 2 
18.97399999999999 0 5.5039999999999685 1 13.247999999999946 2 0.22200000000000017 0 33437822 15572221 22461427; 1 17201112 15184942 14785887 12389772 14451294 797018 14167991 22523228 2384071 16845153; 2 
20.323999999999987 0 5.515999999999965 1 14.585999999999952 2 0.22200000000000017 0 33437822 15572221 22461427; 1 17201112 15184942 14785887 12389772 14451294 16845153 2384071 22523228 797018 14167991 16102437; 2 
22.047999999999988 0 5.993999999999966 1 15.811999999999973 2 0.2420000000000002 0 7376382 22461427 24208679; 1 20024547 17201112 15184942 14785887 12389772 14451294 16845153 2384071 22523228 797018 14167991 16102437; 2 
22.967999999999968 0 6.88999999999996 1 15.80199999999998 2 0.2760000000000002 0 7376382 5074681 24208679 22461427; 1 20024547 17201112 15184942 14785887 12389772 14451294 16845153 2384071 22523228 797018 14167991 16102437; 2 
24.065999999999946 0 7.967999999999958 1 15.853999999999983 2 0.2440000000000002 0 7376382 5074681 24208679 15053955 22461427; 1 20024547 17201112 15184942 14785887 12389772 14451294 16845153 2384071 22523228 797018 14167991 16102437; 2 
25.08999999999994 0 8.991999999999969 1 15.777999999999972 2 0.32000000000000023 0 7376382 5074681 22461427 15053955 24208679 19045839; 1 20024547 17201112 15184942 14785887 12389772 14451294 16845153 2384071 22523228 797018 14167991 16102437; 2 
25.755999999999947 0 9.625999999999967 1 15.855999999999973 2 0.2740000000000002 0 33437822 15572221 5074681 22461427 15053955 24208679 19045839; 1 17201112 15184942 14785887 12389772 14451294 16845153 2384071 22523228 797018 14167991 16102437 22242176; 2 
27.231999999999932 0 9.741999999999962 1 17.155999999999995 2 0.33400000000000024 0 15053955 33437822 5074681 19045839 24208679 22461427 15572221; 1 14785887 17201112 2384071 16845153 12389772 14451294 16102437 22523228 14167991 15184942 797018 22242176 8820652; 2 
28.397999999999936 0 10.635999999999965 1 17.44999999999998 2 0.3120000000000002 0 15053955 33437822 5074681 19045839 24208679 22461427 15572221 22599782; 1 14785887 17201112 2384071 16845153 12389772 14451294 16102437 22523228 14167991 15184942 797018 22242176 8820652; 2 
30.02599999999995 0 10.153999999999977 1 19.48999999999998 2 0.3820000000000003 0 15053955 7376382 14813714 14139780 24208679 22461427 36485675; 1 14785887 17201112 2384071 16845153 12389772 14451294 16102437 22523228 14167991 15184942 797018 22242176 20024547 8820652 10125822; 2 
30.979999999999933 0 9.949999999999974 1 20.703999999999986 2 0.32600000000000023 0 15053955 7376382 14813714 14139780 24208679 22461427 36485675; 1 14785887 17201112 2384071 16845153 12389772 14451294 16102437 22523228 14167991 15184942 797018 22242176 20024547 8820652 10125822 14599976; 2 
31.52599999999998 0 11.697999999999961 1 19.496 2 0.33200000000000024 0 15053955 24918830 14813714 14139780 18888190 22461427 15572221 22599782 17497582; 1 14785887 17201112 2384071 16845153 12389772 14451294 16102437 22523228 14167991 15184942 797018 22242176 8820652 10125822 14599976; 2 
32.50199999999998 0 11.719999999999962 1 20.506000000000007 2 0.2760000000000002 0 15053955 24918830 14139780 18888190 22461427 15572221 17582384 17497582 14813714; 1 14785887 17201112 2384071 16845153 12389772 14451294 16102437 8720562 22523228 14167991 15184942 797018 22242176 8820652 14599976 10125822; 2 
34.510000000000026 0 12.90199999999995 1 21.249999999999982 2 0.35800000000000026 0 15053955 24918830 5074681 19045839 18888190 22461427 15572221 36485675 11350892 14813714; 1 14785887 17201112 2384071 16845153 12389772 14451294 16102437 22523228 14167991 15184942 797018 22242176 8820652 14599976 15055852 16004411; 2 
35.602000000000004 0 12.935999999999947 1 22.29399999999997 2 0.3720000000000003 0 15053955 24918830 5074681 19045839 18888190 22461427 15572221 36485675 11350892 14813714; 1 14785887 17201112 2384071 16845153 12389772 14451294 16102437 22523228 14167991 15184942 797018 22242176 8820652 14599976 15055852 16004411 21266715; 2 
35.50600000000003 0 12.785999999999932 1 21.377999999999997 2 1.342000000000001 0 15053955 24918830 5074681 19045839 18888190 22461427 15572221 36485675 11350892 14813714; 1 14785887 17201112 16845153 12389772 14451294 16102437 22523228 14167991 15184942 797018 22242176 8820652 14599976 15055852 16004411 21266715 15105269; 2 30702406; 
36.64200000000005 0 11.841999999999947 1 23.44399999999994 2 1.356000000000001 0 14813714 24918830 14139780 36485675 18888190 11350892 22461427 15572221 15053955; 1 15184942 17201112 16845153 12389772 14451294 21266715 16004411 22523228 14785887 35249934 15105269 22242176 797018 14167991 14590651 14599976 16102437 8820652 16462880; 2 30702406; 
37.52199999999996 0 11.745999999999949 1 24.39599999999996 2 1.380000000000001 0 14813714 24918830 14139780 36485675 18888190 11350892 22461427 15572221 1032291; 1 15184942 17201112 16845153 12389772 14451294 21266715 16004411 22523228 14785887 35249934 15105269 22242176 797018 14167991 14590651 14599976 16102437 8820652 16462880 27120518; 2 30702406; 
39.50400000000004 0 12.05399999999996 1 26.053999999999917 2 1.396000000000001 0 14813714 24918830 14139780 36485675 15309336 11350892 22461427 15572221 1032291; 1 15184942 17201112 16845153 12389772 14451294 21266715 16004411 22523228 14785887 35249934 15105269 22242176 797018 14167991 14590651 14599976 16102437 8820652 16462880 23885448 17173775; 2 30702406; 
40.71400000000003 0 12.227999999999955 1 27.08399999999993 2 1.402000000000001 0 14813714 24918830 14139780 36485675 15309336 11350892 22461427 15572221 1032291; 1 15184942 17201112 16845153 12389772 14451294 21266715 16004411 22951944 14785887 35249934 15105269 22242176 797018 14167991 14590651 14599976 16102437 8820652 16462880 23885448 17173775 17323772; 2 30702406; 
41.896000000000015 0 13.117999999999949 1 27.35199999999991 2 1.426000000000001 0 14813714 24918830 19045839 36485675 39469612 11350892 22461427 15572221 15053955 18083070; 1 15184942 17201112 16845153 12389772 14451294 21266715 16004411 22951944 14785887 15055852 15105269 22242176 797018 14167991 16780257 14599976 16102437 8820652 16462880 17323772 17173775 23885448; 2 30702406; 
44.582 0 13.463999999999956 1 30.65599999999999 2 0.46200000000000035 0 14813714 24918830 19045839 36485675 39469612 11350892 22461427 15572221 15053955 18083070; 1 15184942 17201112 2384071 16845153 12389772 14451294 21266715 16004411 22951944 14785887 15055852 15105269 22242176 797018 14167991 16780257 14599976 16102437 8820652 16462880 17323772 17173775 23885448 15266031; 2 
45.268 0 14.485999999999962 1 30.353999999999964 2 0.4280000000000003 0 14813714 24918830 19045839 36485675 39469612 11350892 16537567 15572221 14139780 18083070 22461427; 1 15184942 17201112 2384071 16845153 12389772 14451294 21266715 16004411 22951944 14785887 14390067 15105269 22242176 797018 14167991 14590651 14599976 16102437 8820652 16462880 17323772 17173775 23885448 15266031; 2 
47.309999999999974 0 14.573999999999963 1 32.192000000000014 2 0.5440000000000004 0 14813714 24918830 19045839 36485675 39469612 11350892 16537567 15572221 14139780 18083070 22461427; 1 15184942 17201112 2384071 16845153 12389772 14451294 21266715 16004411 22951944 14785887 14390067 15105269 22242176 797018 14167991 14590651 14599976 16102437 8820652 16462880 17323772 17173775 23885448 15266031 1315431; 2 
48.01200000000001 0 14.685999999999972 1 32.76800000000002 2 0.5580000000000004 0 14813714 24918830 19045839 36485675 39469612 11350892 16537567 15572221 14139780 18083070 22461427; 1 15184942 17201112 2384071 16845153 12389772 14451294 21266715 16004411 22523228 14785887 35249934 15105269 22242176 797018 14167991 14590651 14599976 16102437 8820652 16462880 17323772 17173775 23885448 15266031 1315431 17540746; 2 
49.69199999999994 0 14.843999999999957 1 34.27 2 0.5780000000000004 0 14813714 24918830 19045839 36485675 39469612 11350892 16537567 7376382 14139780 18083070 22461427; 1 15184942 17201112 2384071 16845153 12389772 14451294 21266715 16004411 22523228 14785887 35249934 15105269 22242176 797018 14167991 14590651 14599976 16102437 8820652 16462880 17323772 17173775 23885448 15266031 1315431 17540746 23509707; 2 
51.021999999999885 0 16.14999999999998 1 34.34400000000005 2 0.5280000000000004 0 14813714 24918830 19045839 36485675 39469612 11350892 16537567 7376382 14139780 18083070 22461427 14368074; 1 15184942 17201112 2384071 16845153 12389772 14451294 21266715 16004411 22523228 14785887 35249934 15105269 22242176 797018 14167991 14590651 14599976 16102437 8820652 16462880 17323772 17173775 23885448 15266031 1315431 17540746 23509707; 2 
51.135999999999925 0 16.451999999999995 1 34.180000000000035 2 0.5040000000000003 0 14813714 33437822 19045839 36485675 7070252 11350892 16537567 15572221 14139780 18083070 22461427 14368074 20322928; 1 15184942 17201112 2384071 16845153 12389772 14451294 21266715 16004411 22523228 14785887 35249934 15105269 22242176 797018 14167991 14590651 14599976 16102437 8820652 16462880 17323772 17173775 23885448 1315431 15266031 17540746 23509707; 2 
