2.191999999999998 0 0.25200000000000017 1 0.9020000000000007 2 1.0380000000000007 0 1 2 17850012; 
3.285999999999983 0 1.308000000000001 1 0.9240000000000007 2 1.0540000000000007 0 9922122; 1 2 17850012; 
5.011999999999976 0 1.486000000000001 1 2.4399999999999906 2 1.0860000000000007 0 9922122; 1 8820652; 2 17850012; 
8.56999999999997 0 4.243999999999975 1 3.2219999999999773 2 1.1040000000000008 0 33437822 22461427; 1 8820652; 2 17850012; 
11.363999999999969 0 3.7399999999999762 1 6.491999999999971 2 1.1320000000000008 0 22461427; 1 2384071 8820652 22523228; 2 17850012; 
12.671999999999953 0 3.7519999999999745 1 7.689999999999966 2 1.2300000000000009 0 22461427; 1 2384071 8820652 22523228 16412744; 2 17850012; 
11.897999999999964 0 4.439999999999971 1 6.289999999999966 2 1.1680000000000008 0 22461427 33437822; 1 22523228 16412744 8820652 24691785; 2 17850012; 
12.58599999999995 0 5.22599999999997 1 6.203999999999964 2 1.1560000000000008 0 22461427 33437822 18162730; 1 22523228 16412744 8820652 24691785; 2 17850012; 
13.603999999999953 0 5.16799999999997 1 7.317999999999973 2 1.1180000000000008 0 22461427 33437822 18162730; 1 22523228 19360333 8820652 24691785 16845153; 2 17850012; 
14.657999999999964 0 5.2359999999999705 1 8.313999999999973 2 1.1080000000000008 0 22461427 33437822 18162730; 1 22523228 19360333 8820652 24691785 16845153 12389772; 2 17850012; 
17.579999999999973 0 6.643999999999965 1 9.767999999999965 2 1.1680000000000008 0 22461427 33437822 18162730 7828252; 1 22523228 19360333 8820652 2384071 16845153 12389772; 2 17850012; 
18.793999999999993 0 6.739999999999966 1 10.835999999999958 2 1.2180000000000009 0 7828252 33437822 22461427 18162730; 1 22523228 16845153 2384071 8820652 19360333 12389772 16412744; 2 17850012; 
17.93799999999998 0 6.1839999999999495 1 10.559999999999961 2 1.1940000000000008 0 7828252 33437822 21719730 18162730 18506582; 1 22523228 16845153 2384071 8820652 19360333 12389772 16412744; 2 17850012; 
19.01800000000001 0 7.22599999999996 1 10.587999999999965 2 1.2040000000000008 0 7828252 33437822 21719730 18162730 18506582 14139780; 1 22523228 16845153 2384071 8820652 19360333 12389772 16412744; 2 17850012; 
20.185999999999996 0 7.249999999999974 1 11.69999999999996 2 1.2360000000000009 0 7828252 33437822 21719730 18162730 18506582 14139780; 1 22523228 16845153 2384071 8820652 19360333 12389772 16412744 17323772; 2 17850012; 
21.39399999999999 0 7.3319999999999705 1 12.829999999999954 2 1.2320000000000009 0 7828252 33437822 21719730 18162730 18506582 14139780; 1 22523228 16845153 2384071 8820652 19360333 12389772 16412744 17323772 14451294; 2 17850012; 
22.57999999999999 0 7.393999999999974 1 13.91999999999995 2 1.266000000000001 0 7828252 33437822 21719730 18162730 39299693 18506582; 1 22523228 16845153 2384071 8820652 19360333 12389772 16412744 14451294 17323772 25468909; 2 17850012; 
23.70399999999995 0 7.407999999999978 1 15.045999999999957 2 1.2500000000000009 0 7828252 33437822 21719730 18162730 39299693 18506582; 1 22523228 16845153 2384071 8820652 19360333 12389772 16412744 14451294 17323772 25468909 14328764; 2 17850012; 
25.085999999999967 0 7.485999999999971 1 16.261999999999983 2 1.338000000000001 0 7828252 33437822 21719730 18162730 39299693 18506582; 1 22523228 16845153 2384071 8820652 19360333 12389772 16412744 14451294 17323772 25468909 14328764 17201112; 2 17850012; 
26.583999999999925 0 8.837999999999981 1 16.409999999999993 2 1.336000000000001 0 7828252 33437822 9922122 21719730 18162730 16090188 29863027; 1 22523228 16845153 8820652 19360333 12389772 16412744 17201112 14328764 14451294 17323772 25468909 2384071; 2 17850012; 
27.839999999999925 0 8.989999999999972 1 17.53999999999998 2 1.310000000000001 0 7828252 33437822 9922122 21719730 18162730 16090188 29863027; 1 22523228 16845153 8820652 19360333 12389772 16412744 17201112 14328764 14451294 17323772 25468909 2384071 16102437; 2 17850012; 
28.73599999999993 0 7.763999999999963 1 19.605999999999977 2 1.366000000000001 0 7828252 9922122 21719730 18162730 16090188 29863027; 1 22523228 16845153 22463905 8820652 19360333 12389772 16412744 17201112 14328764 14451294 17323772 25468909 2384071 16102437 10125822; 2 17850012; 
29.799999999999965 0 7.791999999999974 1 20.661999999999992 2 1.346000000000001 0 7828252 9922122 21719730 18162730 16090188 29863027; 1 22523228 16845153 22463905 8820652 19360333 12389772 16412744 17201112 14328764 14451294 17323772 25468909 2384071 16102437 10125822 24691785; 2 17850012; 
31.53199999999999 0 9.005999999999979 1 21.151999999999976 2 1.374000000000001 0 7828252 18888190 11350892 21719730 18162730 16090188 29863027; 1 22523228 16845153 8820652 19360333 12389772 16412744 16102437 17323772 14451294 2384071 25468909 10125822 17201112 24691785 14328764 14599976; 2 17850012; 
32.11799999999998 0 10.025999999999978 1 20.711999999999986 2 1.380000000000001 0 7828252 33437822 11350892 21719730 18162730 16090188 29863027 18660521; 1 22523228 16845153 8820652 19360333 12389772 16412744 16102437 17323772 14451294 2384071 10125822 17201112 24691785 14328764 14599976 22463905; 2 17850012; 
33.46400000000002 0 10.061999999999971 1 21.985999999999965 2 1.416000000000001 0 7828252 33437822 11350892 21719730 18162730 16090188 29863027 18660521; 1 22523228 16845153 8820652 19360333 12389772 16412744 16102437 17323772 14451294 2384071 10125822 17201112 24691785 14328764 14599976 22463905 16494857; 2 17850012; 
35.010000000000005 0 10.083999999999973 1 23.495999999999945 2 1.430000000000001 0 7828252 33437822 11350892 21719730 18162730 16090188 29863027 18660521; 1 22523228 16845153 8820652 19360333 12389772 16412744 16102437 17323772 14451294 2384071 10125822 17201112 24691785 14328764 14599976 22463905 16494857 15105269; 2 17850012; 
35.82800000000003 0 11.217999999999952 1 23.207999999999966 2 1.402000000000001 0 7828252 33437822 11350892 21719730 18162730 16090188 29863027 18660521 18888190; 1 22523228 16845153 8820652 19360333 12389772 16412744 16102437 17323772 14451294 2384071 10125822 17201112 24691785 14328764 14599976 27120518 16494857 15105269; 2 17850012; 
36.97000000000007 0 11.185999999999966 1 24.35399999999993 2 1.430000000000001 0 7828252 33437822 11350892 21719730 18162730 16090188 29863027 18660521 18888190; 1 22523228 16845153 8820652 19360333 12389772 16412744 16102437 17323772 14451294 2384071 10125822 17201112 24561360 14328764 14599976 27120518 16494857 15105269 14467222; 2 17850012; 
37.91800000000001 0 12.15999999999995 1 24.353999999999935 2 1.404000000000001 0 7828252 33437822 11350892 21719730 18162730 16090188 39299693 18660521 18888190 29863027; 1 22523228 16845153 8820652 19360333 12389772 16412744 16102437 17323772 14451294 2384071 10125822 17201112 24561360 14328764 14599976 27120518 16494857 15105269 14467222; 2 17850012; 
39.17400000000002 0 12.197999999999947 1 25.571999999999928 2 1.404000000000001 0 7828252 33437822 11350892 21719730 18162730 16090188 39299693 18660521 29863027 15572221; 1 22523228 16845153 8820652 19360333 12389772 16412744 16102437 17323772 14451294 2384071 10125822 17201112 24561360 14328764 14599976 27120518 16494857 15105269 22463905 14467222; 2 17850012; 
40.193999999999996 0 12.341999999999937 1 26.415999999999958 2 1.436000000000001 0 7828252 33437822 11350892 21719730 18162730 16090188 39299693 18660521 29863027 15572221; 1 22523228 16845153 8820652 19360333 12389772 16412744 16102437 17323772 14451294 2384071 10125822 17201112 24561360 14328764 14599976 27120518 16494857 15105269 22463905 14467222 16462880; 2 17850012; 
41.3920000000001 0 12.251999999999937 1 27.693999999999928 2 1.446000000000001 0 7828252 33437822 11350892 21719730 18162730 16090188 39299693 18660521 29863027 15572221; 1 22523228 16845153 8820652 19360333 12389772 16412744 16102437 17323772 14451294 2384071 10125822 17201112 24561360 14328764 14599976 27120518 16494857 15105269 22463905 14467222 16462880 35324281; 2 17850012; 
42.46800000000001 0 12.173999999999948 1 28.74999999999991 2 1.5440000000000011 0 7828252 33437822 11350892 21719730 18162730 16090188 39299693 15757811 15572221 29863027; 1 22523228 16845153 8820652 19360333 12389772 16412744 16102437 17323772 14451294 2384071 10125822 17201112 24561360 14328764 14599976 27120518 16494857 14467222 15105269 16462880 14098609 22463905 24691785; 2 17850012; 
43.58400000000004 0 13.423999999999937 1 28.671999999999937 2 1.488000000000001 0 7828252 33437822 11350892 21719730 18162730 16090188 39299693 15757811 15572221 29863027 42810808; 1 22523228 16845153 8820652 19360333 12389772 16412744 16102437 17323772 14451294 2384071 10125822 17201112 24561360 14328764 14599976 27120518 16494857 14467222 15105269 16462880 14098609 22463905 24691785; 2 17850012; 
44.644 0 13.443999999999955 1 29.68999999999994 2 1.5100000000000011 0 21719730 33437822 11350892 39299693 42810808 18162730 7828252 15572221 15757811 29863027 16090188; 1 17323772 24561360 2384071 8820652 19360333 12389772 22523228 16102437 14467222 15105269 16845153 27120518 10125822 17201112 14098609 14328764 11792612 16494857 16462880 24691785 14451294 22463905 16412744 22317106; 2 17850012; 
45.144 0 14.245999999999954 1 29.39199999999993 2 1.5060000000000011 0 21719730 33437822 9922122 14139780 42810808 18162730 7828252 15572221 15757811 29863027 16090188 17497582; 1 17323772 24561360 2384071 8820652 19360333 12389772 22523228 16102437 14467222 15105269 16845153 27120518 10125822 17201112 14098609 14328764 11792612 16494857 16462880 24691785 14451294 22463905 16412744 22317106; 2 17850012; 
46.174 0 14.155999999999942 1 30.551999999999953 2 1.466000000000001 0 21719730 33437822 9922122 14139780 42810808 18162730 7828252 15572221 15757811 29863027 16090188 17497582; 1 17323772 24561360 2384071 8820652 19360333 12389772 22523228 16102437 14467222 15105269 16845153 27120518 10125822 17201112 14098609 14328764 11792612 16494857 16462880 24691785 14451294 22463905 16412744 22317106 14872695; 2 17850012; 
47.208000000000006 0 14.101999999999936 1 31.65199999999999 2 1.454000000000001 0 21719730 33437822 9922122 14139780 42810808 18162730 7828252 15572221 18660521 29863027 16090188 17497582; 1 17323772 24561360 2384071 8820652 19360333 12389772 22523228 16102437 14467222 15105269 16845153 27120518 10125822 17201112 14098609 14328764 11792612 16494857 16462880 24691785 14451294 22463905 16412744 22317106 14872695 17862286; 2 17850012; 
48.38599999999997 0 14.197999999999965 1 32.716 2 1.472000000000001 0 21719730 33437822 9922122 14139780 42810808 18162730 7828252 15572221 18660521 29863027 16090188 17497582; 1 17323772 24561360 2384071 8820652 19360333 12389772 22523228 16102437 14467222 15105269 16845153 27120518 10125822 17201112 14098609 14328764 11792612 16494857 16462880 24691785 14451294 22463905 16412744 22317106 14872695 17862286 23344327; 2 17850012; 
