1.0640000000000007 0 0.008 1 1.0400000000000007 2 0.016 0 1 12389772; 2 
2.230000000000001 0 0.06600000000000002 1 2.1440000000000015 2 0.020000000000000004 0 1 12389772 22523228; 2 
4.7219999999999756 0 0.3960000000000003 1 3.0519999999999863 2 1.274000000000001 0 1 12389772 22523228; 2 17850012; 
9.75799999999998 0 3.473999999999979 1 4.915999999999973 2 1.368000000000001 0 22461427; 1 2384071 37975185; 2 17850012; 
10.98599999999997 0 3.5499999999999776 1 6.045999999999967 2 1.390000000000001 0 22461427; 1 2384071 22523228 37975185; 2 17850012; 
11.831999999999965 0 4.547999999999972 1 5.937999999999969 2 1.346000000000001 0 22461427 19748714; 1 2384071 22523228 37975185; 2 17850012; 
12.967999999999961 0 4.639999999999971 1 6.989999999999962 2 1.338000000000001 0 22461427 19748714; 1 12389772 22523228 37975185 2384071; 2 17850012; 
13.86799999999996 0 4.5199999999999765 1 6.989999999999963 2 2.357999999999997 0 19748714 22461427; 1 12389772 37975185 22523228 2384071; 2 17850012 16420606; 
14.979999999999965 0 4.523999999999977 1 7.087999999999971 2 3.3679999999999706 0 19748714 22461427; 1 12389772 37975185 22523228 2384071; 2 17850012 16420606 24863940; 
16.541999999999966 0 4.615999999999974 1 8.59599999999997 2 3.32999999999997 0 19748714 22461427; 1 12389772 37975185 22523228 2384071 16447060; 2 17850012 24863940 16788703; 
17.329999999999988 0 4.509999999999978 1 9.48999999999997 2 3.329999999999969 0 19748714 22461427; 1 12389772 37975185 22523228 14167991 16447060 2384071; 2 17850012 16788703 24863940; 
18.083999999999985 0 4.5919999999999686 1 9.163999999999968 2 4.327999999999989 0 19748714 22461427; 1 12389772 37975185 22523228 14167991 2384071 27486099; 2 17850012 16420606 16788703 24863940; 
19.225999999999992 0 4.525999999999972 1 10.31799999999996 2 4.3819999999999855 0 19748714 22461427; 1 12389772 37975185 22523228 14167991 2384071 27486099 23344327; 2 17850012 17492541 16788703 24863940; 
20.61999999999997 0 4.713999999999973 1 11.493999999999968 2 4.411999999999989 0 19748714 22461427; 1 12389772 37975185 22523228 14167991 2384071 27486099 23344327 14785887; 2 17850012 17492541 16788703 24863940; 
21.841999999999967 0 4.589999999999978 1 12.819999999999947 2 4.431999999999986 0 19748714 22461427; 1 12389772 37975185 22523228 14167991 2384071 27486099 23344327 14785887 17201112; 2 17850012 17492541 16788703 24863940; 
22.533999999999963 0 5.4879999999999685 1 12.65599999999995 2 4.389999999999987 0 14813714 18162730 22461427; 1 12389772 37975185 22523228 14167991 2384071 27486099 23344327 14785887 17201112; 2 17850012 17492541 16788703 24863940; 
23.692 0 5.647999999999972 1 13.62199999999995 2 4.421999999999986 0 14813714 18162730 22461427; 1 12389772 37975185 22523228 14167991 2384071 27486099 23344327 14785887 17201112 22463905; 2 17850012 17492541 16788703 24863940; 
24.889999999999976 0 5.713999999999968 1 14.727999999999957 2 4.447999999999983 0 14813714 18162730 22461427; 1 12389772 37975185 22523228 14167991 2384071 27486099 23344327 14785887 17201112 22463905 14909369; 2 17850012 17492541 16788703 24863940; 
26.023999999999926 0 5.77999999999997 1 15.859999999999985 2 4.383999999999986 0 14813714 18162730 22461427; 1 12389772 37975185 22523228 14167991 2384071 27486099 23344327 14785887 17201112 22463905 14909369 22242176; 2 17850012 17492541 16788703 24863940; 
27.039999999999914 0 5.647999999999971 1 16.905999999999985 2 4.4859999999999856 0 14813714 18162730 22461427; 1 12389772 37975185 22523228 14167991 2384071 27486099 23344327 14785887 17201112 22463905 14909369 22242176 8043172; 2 17850012 17492541 16788703 24863940; 
28.109999999999935 0 5.6739999999999675 1 17.99599999999997 2 4.439999999999985 0 14813714 18162730 22461427; 1 12389772 37975185 22523228 14167991 2384071 27486099 23344327 14785887 22463905 8043172 17201112 14909369 22242176 19360333; 2 17850012 17492541 16788703 24863940; 
29.523999999999965 0 5.843999999999966 1 19.124000000000002 2 4.555999999999985 0 14813714 18162730 22461427; 1 12389772 37975185 22523228 14167991 2384071 27486099 23344327 14785887 22463905 8043172 17201112 14909369 22242176 19360333 16494857; 2 17850012 17492541 16788703 24863940; 
30.80999999999997 0 5.851999999999969 1 20.453999999999997 2 4.503999999999982 0 14813714 18162730 22461427; 1 12389772 37975185 22523228 14167991 2384071 27486099 23344327 14785887 22463905 8043172 17201112 14909369 22242176 19360333 16494857 16102437; 2 17850012 17492541 16788703 24863940; 
31.64400000000001 0 5.817999999999968 1 21.341999999999974 2 4.483999999999985 0 14813714 18162730 22461427; 1 12389772 37975185 22523228 14167991 2384071 27486099 23344327 14785887 22463905 8043172 17201112 14909369 22242176 19360333 16102437 16494857 15862005; 2 17850012 17492541 16788703 24863940; 
32.612 0 5.639999999999976 1 22.435999999999954 2 4.535999999999984 0 14813714 18162730 22461427; 1 12389772 37975185 22523228 14167991 2384071 27486099 23344327 14785887 22463905 8043172 17201112 14909369 22242176 19360333 16102437 16494857 15862005 797018; 2 17850012 17492541 16788703 24863940; 
33.67000000000001 0 6.867999999999963 1 22.293999999999986 2 4.507999999999986 0 14813714 18162730 33437822 22461427; 1 12389772 37975185 22523228 14167991 2384071 27486099 23344327 14785887 8043172 17201112 14909369 22242176 19360333 15862005 797018 16102437 16494857 22463905; 2 17850012 17492541 16788703 24863940; 
34.890000000000065 0 7.905999999999965 1 22.489999999999977 2 4.493999999999982 0 14813714 18162730 33437822 22461427 15572221; 1 12389772 37975185 22523228 14167991 2384071 27486099 23344327 14785887 8043172 17201112 14909369 22242176 19360333 15862005 797018 16102437 16494857 27120518; 2 17850012 17492541 16788703 24863940; 
36.064000000000085 0 6.777999999999963 1 24.739999999999917 2 4.545999999999981 0 18162730 33437822 22461427 15572221; 1 12389772 37975185 22523228 14167991 2384071 17105161 20214703 23344327 14785887 8043172 17201112 14909369 22242176 19360333 15862005 797018 16102437 16494857 27120518 43199935; 2 23015762 17850012 16420606 16788703; 
36.660000000000046 0 8.813999999999975 1 23.343999999999987 2 4.501999999999983 0 22461427 15572221 18162730 33437822 14813714 24983519; 1 14167991 15862005 22523228 8043172 16494857 2384071 16102437 14785887 17201112 797018 12389772 23344327 37975185 19360333 20214703 43199935 27120518 22242176 14909369; 2 16788703 24863940 17850012 16420606; 
38.02000000000002 0 8.857999999999972 1 24.643999999999945 2 4.517999999999984 0 22461427 15572221 18162730 33437822 14813714 24983519; 1 14167991 15862005 22523228 8043172 16494857 2384071 16102437 14785887 17201112 797018 12389772 23344327 37975185 19360333 20214703 43199935 27120518 22242176 14909369 21494085; 2 16788703 24863940 17850012 16420606; 
39.12600000000002 0 8.977999999999971 1 25.617999999999913 2 4.529999999999984 0 22461427 15572221 18162730 33437822 14813714 24983519; 1 14167991 15862005 22523228 8043172 16494857 2384071 16102437 14785887 17201112 797018 12389772 23344327 37975185 19360333 20214703 43199935 24922522 22242176 14909369 21494085 16845153; 2 16788703 24863940 17850012 16420606; 
40.32800000000007 0 8.885999999999976 1 26.00799999999992 2 5.433999999999938 0 22461427 15572221 18162730 33437822 14813714 24983519; 1 14167991 15862005 22523228 8043172 16494857 2384071 16102437 14785887 17201112 797018 12389772 23344327 37975185 19360333 20214703 43199935 24922522 22242176 14909369 21494085 16845153; 2 16788703 24863940 17850012 16420606 18102660; 
41.75600000000003 0 10.011999999999972 1 26.229999999999915 2 5.513999999999949 0 82243 22461427 15572221 18162730 33437822 14813714 24983519; 1 14167991 15862005 22523228 8043172 16494857 2384071 16102437 14785887 17201112 797018 12389772 23344327 37975185 20214703 43199935 24922522 22242176 14909369 21494085 16845153 22951944; 2 16788703 24863940 17850012 16420606 18102660; 
42.61800000000001 0 10.989999999999963 1 26.13999999999994 2 5.487999999999946 0 82243 22461427 15572221 18162730 33437822 14813714 24983519 14139780; 1 14167991 15862005 22523228 8043172 16494857 2384071 16102437 14785887 17201112 797018 12389772 23344327 37975185 20214703 43199935 24922522 22242176 14909369 21494085 16845153 22951944; 2 16788703 24863940 17850012 16420606 18102660; 
43.68200000000002 0 11.045999999999955 1 27.151999999999937 2 5.483999999999947 0 82243 22461427 15572221 18162730 33437822 14813714 24983519 14139780; 1 14167991 15862005 22523228 8043172 16494857 2384071 16102437 14785887 17201112 797018 12389772 23344327 37975185 20214703 43199935 24922522 22242176 14909369 16845153 22951944 21494085 14451294; 2 16788703 24863940 17850012 16420606 18102660; 
45.06200000000002 0 11.119999999999958 1 28.403999999999943 2 5.537999999999947 0 82243 22461427 15572221 18162730 33437822 14813714 24983519 14139780; 1 14167991 15862005 22523228 8043172 16494857 2384071 16102437 14785887 17201112 797018 12389772 23344327 37975185 20214703 43199935 24922522 22242176 14909369 16845153 22951944 21494085 14451294 21266715; 2 16788703 24863940 17850012 16420606 13253992; 
46.48799999999998 0 11.157999999999964 1 29.789999999999925 2 5.539999999999946 0 82243 22461427 15572221 18162730 33437822 14813714 24983519 14139780; 1 14167991 15862005 22523228 8043172 16494857 2384071 16102437 14785887 17201112 797018 12389772 23344327 37975185 20214703 43199935 24922522 22242176 14909369 16845153 22951944 21494085 14451294 21266715 15105269; 2 16788703 24863940 17850012 16420606 13253992; 
47.71999999999994 0 11.271999999999961 1 30.919999999999952 2 5.527999999999942 0 82243 22461427 15572221 18162730 15309336 14813714 24983519 14139780; 1 14167991 15862005 22523228 8043172 16494857 2384071 16102437 14785887 17201112 797018 12389772 23344327 37975185 20214703 43199935 27120518 22242176 14909369 16845153 22951944 21494085 14451294 21266715 15105269 17173775; 2 16788703 24863940 17850012 16420606 13253992; 
48.869999999999955 0 11.38399999999997 1 31.909999999999997 2 5.57599999999994 0 82243 22461427 15572221 18162730 15309336 14813714 24983519 14139780; 1 14167991 15862005 22523228 8043172 16494857 2384071 16102437 14785887 17201112 797018 12389772 23344327 37975185 20214703 43199935 27120518 22242176 14909369 17173775 16845153 22951944 15105269 21494085 21266715 14451294 29118055; 2 16788703 24863940 17850012 16420606 13253992; 
49.821999999999925 0 11.323999999999964 1 32.92000000000001 2 5.577999999999943 0 82243 22461427 15572221 18162730 15309336 14813714 24983519 14139780; 1 14167991 15862005 22523228 8043172 16494857 2384071 16102437 14785887 17201112 797018 12389772 23344327 37975185 20214703 43199935 27120518 22242176 14909369 17173775 16845153 22951944 15105269 21494085 21266715 14451294 29118055 16813674; 2 16788703 24863940 17850012 16420606 13253992; 
