1.1520000000000008 0 0.016 1 1.1360000000000008 2 0.0 0 1 17365848; 2 
2.158 0 1.0240000000000007 1 1.1320000000000008 2 0.002 0 17594136; 1 17365848; 2 
3.221999999999969 0 2.090000000000001 1 1.1320000000000008 2 0.0 0 17594136 778150; 1 17365848; 2 
4.383999999999986 0 2.1000000000000005 1 2.2539999999999987 2 0.030000000000000013 0 17594136 778150; 1 17365848 19445903; 2 
5.393999999999941 0 3.15199999999997 1 2.226 2 0.016 0 17594136 778150 23807441; 1 17365848 19445903; 2 
6.399999999999946 0 3.103999999999967 1 3.283999999999966 2 0.012 0 17594136 778150 23807441; 1 17365848 19445903 17100782; 2 
7.430000000000012 0 3.1159999999999672 1 4.293999999999988 2 0.020000000000000004 0 17594136 778150 23807441; 1 19445903 17100782 17365848 2264811; 2 
8.465999999999983 0 3.0979999999999643 1 5.339999999999943 2 0.02800000000000001 0 17594136 778150 23807441; 1 19445903 17100782 17365848 2264811 25975653; 2 
9.56799999999996 0 3.1399999999999673 1 6.395999999999946 2 0.032000000000000015 0 17594136 778150 23807441; 1 19445903 17100782 17365848 2264811 25975653 9089882; 2 
10.673999999999939 0 3.1899999999999675 1 7.444000000000015 2 0.04000000000000002 0 17594136 778150 23807441; 1 19445903 17100782 17365848 2264811 25975653 9089882 5435942; 2 
11.755999999999974 0 3.16999999999997 1 8.54199999999998 2 0.04400000000000002 0 17594136 778150 23807441; 1 19445903 17100782 17365848 2264811 25975653 9089882 5435942 16406458; 2 
12.799999999999898 0 3.1859999999999657 1 9.567999999999962 2 0.04600000000000003 0 17594136 778150 23807441; 1 19445903 17100782 17365848 2264811 25975653 9089882 5435942 16406458 18031789; 2 
13.921999999999953 0 4.247999999999992 1 9.64799999999996 2 0.02600000000000001 0 17594136 778150 23807441 18559873; 1 19445903 17100782 17365848 2264811 25975653 9089882 5435942 16406458 18031789; 2 
14.911999999999981 0 4.289999999999993 1 10.581999999999933 2 0.04000000000000002 0 17594136 778150 23807441 18559873; 1 19445903 17100782 17365848 2264811 25975653 9089882 5435942 16406458 18031789 15427732; 2 
16.113999999999958 0 5.421999999999939 1 10.653999999999932 2 0.03800000000000002 0 23807441 17594136 778150 18559873 21548052; 1 19445903 16406458 9089882 25975653 17365848 5435942 17100782 18031789 15427732 2264811; 2 
17.05400000000001 0 6.351999999999946 1 10.657999999999932 2 0.044000000000000025 0 23807441 17594136 778150 18559873 21548052 19649695; 1 19445903 16406458 9089882 25975653 17365848 5435942 17100782 18031789 15427732 2264811; 2 
18.02800000000002 0 6.321999999999948 1 11.645999999999992 2 0.06000000000000004 0 23807441 17594136 778150 18559873 21548052 19649695; 1 19445903 16406458 9089882 25975653 17365848 5435942 17100782 18031789 15427732 2264811 2789161; 2 
19.11 0 6.385999999999941 1 12.673999999999896 2 0.05000000000000003 0 23807441 17594136 778150 18559873 21548052 19649695; 1 19445903 16406458 9089882 25975653 17365848 5435942 17100782 18031789 15427732 2264811 2789161 16946002; 2 
20.04999999999999 0 6.373999999999951 1 13.63999999999996 2 0.03600000000000002 0 23807441 17594136 778150 18559873 21548052 19649695; 1 19445903 16406458 9089882 25975653 17365848 5435942 17100782 18031789 15427732 2264811 2789161 16946002 17204571; 2 
21.24399999999997 0 6.41599999999995 1 14.775999999999977 2 0.052000000000000025 0 21548052 18559873 17594136 778150 23807441 19649695; 1 9089882 25975653 16946002 17365848 5435942 16406458 17100782 18031789 15427732 2789161 19445903 2264811 17204571 19779229; 2 
22.11400000000005 0 6.381999999999943 1 15.677999999999944 2 0.05400000000000002 0 21548052 18559873 17594136 778150 23807441 19649695; 1 9089882 25975653 16946002 17365848 5435942 16406458 17100782 18031789 15427732 2789161 19445903 2264811 17204571 19779229 15755973; 2 
23.27999999999995 0 6.3739999999999455 1 16.804000000000038 2 0.10200000000000008 0 21548052 18559873 17594136 778150 23807441 19649695; 1 9089882 25975653 16946002 17365848 5435942 16406458 17100782 18031789 15427732 2789161 19445903 2264811 17204571 19779229 15755973 24766695; 2 
24.28799999999985 0 6.373999999999946 1 17.840000000000007 2 0.07400000000000005 0 21548052 18559873 17594136 778150 23807441 19649695; 1 9089882 25975653 16946002 17365848 5435942 16406458 17100782 18031789 15427732 2789161 19445903 2264811 17204571 19779229 15755973 24766695 24640763; 2 
25.329999999999934 0 6.3879999999999475 1 17.87000000000001 2 1.0720000000000007 0 21548052 18559873 17594136 778150 23807441 19649695; 1 9089882 25975653 16946002 17365848 5435942 16406458 17100782 18031789 15427732 2789161 19445903 2264811 17204571 19779229 15755973 24766695 24640763; 2 19110217; 
26.323999999999977 0 7.408000000000016 1 17.834 2 1.0820000000000007 0 21548052 18559873 17594136 778150 23807441 19649695 6523992; 1 9089882 25975653 16946002 17365848 5435942 16406458 17100782 18031789 15427732 2789161 19445903 2264811 17204571 19779229 15755973 24766695 24640763; 2 19110217; 
27.37599999999988 0 7.424000000000011 1 17.858000000000025 2 2.094000000000001 0 21548052 18559873 17594136 778150 23807441 19649695 6523992; 1 9089882 25975653 16946002 17365848 5435942 16406458 17100782 18031789 15427732 2789161 19445903 2264811 17204571 19779229 15755973 24640763 24766695; 2 19110217 9924742; 
28.37999999999991 0 7.418000000000016 1 18.903999999999986 2 2.0580000000000016 0 21548052 18559873 17594136 778150 23807441 19649695 6523992; 1 9089882 25975653 16946002 17365848 5435942 16406458 17100782 18031789 15427732 2789161 19445903 2264811 17204571 19779229 15755973 24640763 24766695 29308780; 2 19110217 9924742; 
29.24199999999998 0 7.374000000000012 1 19.80799999999997 2 2.0600000000000014 0 21548052 18559873 17594136 778150 23807441 19649695 6523992; 1 9089882 25975653 16946002 17365848 5435942 16406458 17100782 18031789 15427732 2789161 19445903 2264811 17204571 19779229 15755973 24640763 24766695 29308780 14087968; 2 19110217 9924742; 
30.305999999999905 0 7.380000000000014 1 20.841999999999945 2 2.084000000000001 0 21548052 18559873 17594136 778150 23807441 19649695 6523992; 1 9089882 25975653 16946002 17365848 5435942 16406458 17100782 18031789 15427732 2789161 19445903 2264811 17204571 19779229 15755973 24640763 24766695 29308780 14087968 30624436; 2 19110217 9924742; 
31.447999999999976 0 8.433999999999987 1 20.911999999999953 2 2.1020000000000016 0 21548052 18559873 17594136 778150 23807441 19649695 6523992 18014005; 1 9089882 25975653 16946002 17365848 5435942 16406458 17100782 18031789 15427732 2789161 19445903 2264811 17204571 19779229 15755973 24640763 24766695 29308780 14087968 30624436; 2 19110217 9924742; 
32.524000000000036 0 8.427999999999983 1 21.996000000000052 2 2.100000000000001 0 21548052 18559873 17594136 778150 23807441 19649695 6523992 18014005; 1 9089882 25975653 16946002 17365848 5435942 16406458 17100782 18031789 15427732 2789161 19445903 2264811 17204571 19779229 15755973 24640763 24766695 29308780 14087968 30624436 6737102; 2 19110217 9924742; 
33.474000000000046 0 9.461999999999971 1 21.932000000000066 2 2.080000000000001 0 21548052 18559873 17594136 778150 23807441 19649695 6523992 18014005 24918830; 1 9089882 25975653 16946002 17365848 5435942 16406458 17100782 18031789 15427732 2789161 19445903 2264811 17204571 19779229 15755973 24640763 24766695 29308780 14087968 30624436 6737102; 2 19110217 9924742; 
34.45000000000008 0 9.49799999999997 1 22.871999999999954 2 2.0800000000000014 0 21548052 18559873 17594136 778150 23807441 19649695 6523992 18014005 24918830; 1 9089882 25975653 16946002 17365848 5435942 16406458 17100782 18031789 15427732 2789161 19445903 2264811 17204571 19779229 15755973 24640763 24766695 29308780 14087968 30624436 6737102 20771592; 2 19110217 9924742; 
35.55400000000006 0 9.495999999999967 1 23.989999999999867 2 2.0680000000000014 0 21548052 18559873 17594136 778150 23807441 19649695 6523992 18014005 24918830; 1 9089882 25975653 16946002 17365848 5435942 16406458 17100782 18031789 15427732 2789161 19445903 2264811 17204571 19779229 15755973 24640763 24766695 29308780 14087968 30624436 6737102 20771592 20183009; 2 19110217 9924742; 
36.414000000000044 0 9.45199999999996 1 24.891999999999932 2 2.070000000000001 0 21548052 18559873 17594136 778150 23807441 19649695 6523992 18014005 24918830; 1 9089882 25975653 16946002 17365848 5435942 16406458 17100782 18031789 15427732 2789161 19445903 2264811 17204571 19779229 15755973 24640763 24766695 29308780 14087968 30624436 6737102 20771592 20183009 6331202; 2 19110217 9924742; 
37.62800000000006 0 9.52999999999997 1 26.004 2 2.0940000000000007 0 21548052 18559873 17594136 778150 23807441 19649695 6523992 18014005 24918830; 1 9089882 25975653 16946002 17365848 5435942 16406458 17100782 18031789 15427732 2789161 19445903 2264811 17204571 19779229 15755973 24640763 24766695 14087968 6331202 30624436 20771592 20183009 6737102 29308780 34647944; 2 19110217 9924742; 
38.6140000000001 0 9.485999999999962 1 27.049999999999848 2 2.078000000000001 0 21548052 18559873 17594136 778150 23807441 19649695 6523992 18014005 24918830; 1 9089882 25975653 16946002 17365848 5435942 16406458 17100782 18031789 15427732 2789161 19445903 2264811 17204571 19779229 15755973 24640763 24766695 14087968 6331202 30624436 20771592 20183009 6737102 29308780 34647944 25582095; 2 19110217 9924742; 
39.54799999999998 0 9.501999999999963 1 27.963999999999885 2 2.082000000000001 0 21548052 18559873 17594136 778150 23807441 19649695 6523992 18014005 24918830; 1 9089882 25975653 16946002 17365848 5435942 16406458 17100782 18031789 15427732 2789161 19445903 2264811 17204571 19779229 15755973 24640763 24766695 14087968 6331202 30624436 20771592 20183009 6737102 29308780 34647944 25582095 39589400; 2 19110217 9924742; 
40.63599999999991 0 9.519999999999964 1 29.015999999999977 2 2.1000000000000014 0 21548052 18559873 17594136 778150 23807441 19649695 6523992 18014005 24918830; 1 9089882 25975653 16946002 17365848 5435942 16406458 17100782 18031789 15427732 2789161 19445903 2264811 17204571 19779229 15755973 24640763 24766695 14087968 6331202 30624436 20771592 20183009 6737102 29308780 34647944 25582095 39589400 768761; 2 19110217 9924742; 
41.72000000000004 0 9.48199999999996 1 30.143999999999902 2 2.0940000000000016 0 21548052 18559873 17594136 778150 23807441 19649695 6523992 18014005 24918830; 1 9089882 25975653 16946002 17365848 5435942 16406458 17100782 18031789 15427732 2789161 19445903 2264811 17204571 19779229 15755973 24640763 24766695 14087968 6331202 30624436 20771592 20183009 6737102 29308780 34647944 39589400 25582095 768761 37529061; 2 19110217 9924742; 
