2.4879999999999893 0 0.32600000000000023 1 0.9140000000000007 2 1.2480000000000009 0 1 2 17850012; 
3.56199999999998 0 1.318000000000001 1 0.9480000000000007 2 1.296000000000001 0 18162730; 1 2 17850012; 
4.561999999999979 0 0.33000000000000024 1 1.9980000000000016 2 2.233999999999999 0 1 22523228; 2 17850012 16420606; 
5.495999999999967 0 0.2840000000000002 1 1.9680000000000015 2 3.2439999999999687 0 1 22523228; 2 17850012 16420606 24863940; 
6.605999999999958 0 0.33600000000000024 1 2.0280000000000005 2 4.241999999999993 0 1 22523228; 2 17850012 16420606 24863940 16788703; 
7.547999999999974 0 1.298000000000001 1 1.9880000000000015 2 4.2619999999999925 0 18162730; 1 22523228; 2 24863940 16420606 17850012 16788703; 
13.253999999999955 0 3.6079999999999806 1 6.25799999999997 2 3.3879999999999693 0 22461427; 1 22523228 16412744 2384071; 2 16420606 17850012 16788703; 
14.621999999999955 0 3.6419999999999786 1 7.467999999999961 2 3.5119999999999694 0 22461427; 1 22523228 16412744 2384071 17201112; 2 16420606 17850012 16788703; 
15.549999999999963 0 3.649999999999976 1 7.46199999999996 2 4.437999999999985 0 22461427; 1 22523228 2384071 17201112 16412744; 2 24863940 16420606 17850012 16788703; 
16.585999999999977 0 3.5299999999999776 1 8.599999999999968 2 4.455999999999983 0 22461427; 1 22523228 2384071 17201112 16412744 23344327; 2 24863940 16420606 17850012 16788703; 
15.679999999999968 0 3.0679999999999854 1 8.19199999999997 2 4.419999999999987 0 28340503 14813714; 1 22523228 17201112 16412744 23344327 2384071; 2 24863940 16420606 17850012 16788703; 
16.66199999999997 0 3.091999999999985 1 9.135999999999973 2 4.433999999999987 0 28340503 14813714; 1 22523228 17201112 16412744 23344327 2384071 17971670; 2 24863940 16420606 17850012 16788703; 
17.735999999999986 0 3.0799999999999854 1 10.21399999999998 2 4.441999999999985 0 28340503 14813714; 1 22523228 17201112 16412744 23344327 2384071 17971670 797018; 2 24863940 16420606 17850012 16788703; 
19.201999999999977 0 3.0599999999999867 1 10.65399999999996 2 5.487999999999941 0 28340503 14813714; 1 22523228 17201112 16412744 23344327 2384071 17971670 797018; 2 24863940 16420606 17850012 16788703 18102660; 
20.171999999999972 0 4.089999999999973 1 10.639999999999965 2 5.4419999999999416 0 14813714 28340503 16146535; 1 22523228 23344327 16412744 17201112 17971670 2384071 797018; 2 24863940 16420606 16788703 17850012 18102660; 
20.939999999999962 0 4.05799999999997 1 11.425999999999968 2 5.455999999999945 0 14813714 28340503 16146535; 1 22523228 23344327 16412744 17201112 17971670 2384071 797018 14909369; 2 24863940 16420606 16788703 17850012 18102660; 
22.66399999999995 0 4.181999999999974 1 12.959999999999951 2 5.5219999999999425 0 14813714 28340503 16146535; 1 22523228 23344327 16412744 17201112 17971670 2384071 797018 14909369 16102437; 2 24863940 16420606 16788703 17850012 18102660; 
26.657999999999912 0 7.3699999999999655 1 14.73799999999996 2 4.54999999999998 0 1106311 22461427 16146535 7376382; 1 22523228 14270650 23344327 16412744 17201112 17971670 2384071 797018 16102437 14909369; 2 24863940 16788703 17850012 18102660; 
27.72799999999993 0 7.315999999999968 1 14.84399999999996 2 5.567999999999942 0 1106311 22461427 16146535 7376382; 1 22523228 23344327 16412744 17201112 17971670 2384071 797018 16102437 14909369 14270650; 2 24863940 16420606 16788703 17850012 18102660; 
28.93599999999992 0 7.3479999999999634 1 16.02599999999997 2 5.561999999999939 0 1106311 22461427 16146535 7376382; 1 22523228 23344327 16412744 17201112 17971670 2384071 797018 16102437 14909369 14270650 14785887; 2 24863940 16420606 16788703 17850012 18102660; 
29.809999999999953 0 7.287999999999966 1 17.02199999999997 2 5.499999999999942 0 1106311 22461427 16146535 7376382; 1 22523228 23344327 16412744 17201112 17971670 2384071 797018 16102437 14909369 14270650 14785887 15862005; 2 24863940 16420606 16788703 17850012 18102660; 
31.001999999999978 0 8.327999999999973 1 17.173999999999985 2 5.499999999999945 0 1106311 22461427 16146535 7376382 82243; 1 22523228 23344327 16412744 17201112 17971670 2384071 797018 16102437 14909369 14270650 14785887 15862005; 2 24863940 16420606 16788703 17850012 18102660; 
32.246 0 8.41999999999997 1 18.285999999999984 2 5.539999999999943 0 1106311 22461427 16146535 7376382 82243; 1 22523228 23344327 16412744 17201112 17971670 2384071 797018 16102437 15862005 14785887 14270650 14909369 21093392; 2 24863940 16420606 16788703 17850012 18102660; 
33.14600000000002 0 7.417999999999964 1 19.121999999999996 2 6.605999999999948 0 1106311 22461427 16146535 7376382; 1 22523228 23344327 17201112 17971670 2384071 797018 16102437 15862005 19360333 14785887 14270650 14909369 21093392 15105269; 2 24863940 16420606 18336787 16788703 17850012 13253992; 
33.63400000000003 0 7.175999999999967 1 18.929999999999996 2 7.528000000000008 0 22461427 1106311 16146535 27362221; 1 16102437 797018 14270650 19360333 17201112 17971670 15862005 2384071 22523228 14785887 15105269 21093392 14909369 23344327; 2 16420606 9146202 17850012 13253992 24863940 16788703 18336787; 
35.35800000000008 0 7.291999999999968 1 20.479999999999997 2 7.586000000000007 0 22461427 1106311 16146535 27362221; 1 16102437 797018 14270650 19360333 17201112 17971670 15862005 2384071 22523228 14785887 15105269 21093392 14909369 23344327 17173775; 2 16420606 9146202 17850012 13253992 24863940 16788703 18336787; 
36.25200000000003 0 7.159999999999963 1 21.52599999999997 2 7.566000000000012 0 22461427 1106311 16146535 27362221; 1 16102437 797018 14270650 19360333 17201112 17971670 15862005 2384071 22523228 14785887 15105269 21093392 14909369 23344327 17173775 16194172; 2 16420606 9146202 17850012 13253992 24863940 16788703 18336787; 
37.69400000000001 0 7.317999999999957 1 22.751999999999956 2 7.624000000000009 0 22461427 1106311 20661527 27362221; 1 16102437 797018 14270650 19360333 17201112 17971670 15862005 2384071 22523228 14785887 15105269 21093392 14909369 23344327 17173775 16194172 21266715; 2 16420606 9146202 17850012 13253992 24863940 16788703 18336787; 
38.878 0 7.40199999999996 1 23.787999999999915 2 7.6880000000000095 0 22461427 1106311 20661527 27362221; 1 16102437 797018 14270650 19360333 17201112 17971670 15862005 2384071 22523228 14785887 15105269 21093392 14909369 23344327 17173775 16194172 21266715 37975185; 2 16420606 9146202 17850012 13253992 24863940 16788703 18336787; 
39.870000000000076 0 7.4599999999999635 1 24.83199999999993 2 7.578000000000013 0 22461427 1106311 20661527 27362221; 1 16102437 797018 14270650 19360333 17201112 17971670 15862005 2384071 22523228 14785887 15105269 21093392 14909369 23344327 16194172 21266715 37975185 17173775 21494085; 2 16420606 9146202 17850012 13253992 24863940 16788703 18336787; 
40.80800000000005 0 7.5339999999999705 1 25.63799999999993 2 7.63600000000001 0 22461427 1106311 20661527 27362221; 1 16102437 797018 14270650 19360333 17201112 17971670 15862005 2384071 22523228 14785887 15105269 21093392 14909369 23344327 16194172 21266715 37975185 17173775 21494085 22242176; 2 16420606 9146202 17850012 13253992 24863940 16788703 18336787; 
42.17400000000001 0 7.5639999999999645 1 26.935999999999932 2 7.6740000000000075 0 22461427 1106311 20661527 27362221; 1 16102437 797018 14270650 19360333 17201112 17971670 15862005 2384071 22523228 14785887 15105269 21093392 14909369 23344327 16194172 21266715 37975185 17173775 21494085 22242176 29118055; 2 16420606 9146202 17850012 13253992 24863940 16788703 18336787; 
42.76400000000005 0 7.31599999999996 1 26.78199999999993 2 8.665999999999977 0 22461427 1106311 20661527 27362221; 1 16102437 797018 14270650 19360333 17201112 17971670 15862005 2384071 22523228 14785887 15105269 21093392 14909369 23344327 16194172 21266715 37975185 17173775 21494085 22242176 29118055; 2 16420606 9146202 17850012 13253992 24863940 16788703 18336787 17558182; 
44.09599999999997 0 7.5699999999999585 1 27.931999999999952 2 8.593999999999973 0 22461427 1106311 20661527 27362221; 1 16102437 797018 14270650 19360333 17201112 17971670 15862005 2384071 22523228 14785887 15105269 21093392 14909369 23344327 16194172 21266715 37975185 17173775 21494085 29118055 22242176 11541862; 2 16420606 9146202 17850012 13253992 24863940 16788703 18336787 17558182; 
44.918000000000056 0 7.493999999999967 1 28.853999999999967 2 8.569999999999983 0 22461427 1106311 20661527 27362221; 1 16102437 797018 14270650 19360333 17201112 17971670 15862005 12389772 22523228 14785887 15105269 21093392 14909369 23344327 16194172 21266715 37975185 17173775 21494085 29118055 22242176 11541862 2384071; 2 16420606 9146202 17850012 13253992 24863940 16788703 18336787 17558182; 
46.431999999999995 0 8.653999999999973 1 29.171999999999976 2 8.605999999999984 0 18975155 22461427 1106311 20661527 27362221; 1 16102437 797018 14270650 17201112 17971670 15862005 12389772 22523228 14785887 15105269 21093392 14909369 23344327 16194172 21266715 37975185 17173775 21494085 29118055 22242176 11541862 2384071 16412744; 2 16420606 9146202 17850012 13253992 24863940 16788703 18336787 17558182; 
47.27399999999998 0 9.633999999999961 1 28.97399999999993 2 8.665999999999977 0 18975155 22461427 1106311 20661527 27362221 19045839; 1 16102437 797018 14270650 17201112 17971670 15862005 12389772 22523228 14785887 15105269 21093392 14909369 23344327 16194172 21266715 37975185 17173775 21494085 29118055 22242176 11541862 16412744 2384071; 2 16420606 9146202 17850012 13253992 24863940 16788703 18336787 17558182; 
48.25199999999993 0 9.597999999999972 1 30.05399999999995 2 8.599999999999984 0 18975155 22461427 1106311 20661527 27362221 19045839; 1 16102437 797018 14270650 17201112 17971670 15862005 12389772 22523228 14785887 15105269 21093392 14909369 23344327 16194172 21266715 37975185 17173775 21494085 29118055 22242176 11541862 16412744 2384071 16494857; 2 16420606 9146202 17850012 13253992 24863940 16788703 18336787 17558182; 
49.93799999999995 0 9.897999999999978 1 31.335999999999988 2 8.703999999999978 0 18975155 22461427 1106311 20661527 7376382 19045839; 1 16102437 797018 14270650 17201112 17971670 15862005 12389772 22523228 14785887 15105269 21093392 14909369 23344327 16194172 21266715 37975185 17173775 21494085 29118055 22242176 11541862 16494857 16412744 2384071 40225273; 2 16420606 9146202 17850012 13253992 24863940 16788703 18336787 17558182; 
50.28199999999995 0 11.46599999999997 1 30.167999999999946 2 8.647999999999978 0 18975155 22461427 1106311 20661527 33437822 19045839 14720172 27362221; 1 16102437 797018 14270650 17201112 17971670 15862005 12389772 22523228 14785887 15105269 21093392 14909369 23344327 16194172 21266715 37975185 17173775 21494085 29118055 22242176 11541862 16494857 16412744 2384071; 2 16420606 9146202 17850012 13253992 24863940 16788703 18336787 17558182; 
