1.1660000000000008 0 0.032 1 1.1140000000000008 2 0.020000000000000004 0 1 22523228; 2 
2.3599999999999985 0 0.054000000000000006 1 2.2939999999999987 2 0.012 0 1 22523228 22242176; 2 
3.5179999999999625 0 1.1400000000000008 1 2.334 2 0.044000000000000025 0 18162730; 1 22523228 22242176; 2 
6.675999999999955 0 2.7899999999999876 1 3.8299999999999708 2 0.056000000000000036 0 22461427; 1 22242176 22523228 12389772; 2 
8.751999999999969 0 3.0339999999999825 1 4.639999999999976 2 1.0780000000000007 0 22461427; 1 22242176 22523228 12389772; 2 17850012; 
9.851999999999975 0 4.151999999999974 1 4.627999999999975 2 1.0720000000000007 0 22461427 14813714; 1 12389772 22523228 22242176; 2 17850012; 
10.827999999999951 0 4.151999999999974 1 5.59999999999996 2 1.0760000000000007 0 22461427 14813714; 1 12389772 22523228 22242176 15862005; 2 17850012; 
11.779999999999971 0 4.031999999999976 1 6.677999999999954 2 1.0700000000000007 0 22461427 14813714; 1 12389772 22523228 22242176 15862005 8043172; 2 17850012; 
12.793999999999956 0 3.9859999999999762 1 7.719999999999975 2 1.0880000000000007 0 22461427 14813714; 1 12389772 22523228 22242176 15862005 8043172 16813674; 2 17850012; 
15.18399999999995 0 4.589999999999971 1 9.493999999999966 2 1.1000000000000008 0 22461427 14813714; 1 12389772 22523228 17173775 16102437 14451294 16813674 32949746; 2 17850012; 
15.859999999999978 0 4.499999999999976 1 10.269999999999964 2 1.0900000000000007 0 14813714 22461427; 1 32949746 22523228 17173775 14451294 16813674 15862005 12389772 18988350; 2 17850012; 
18.784 0 4.775999999999971 1 12.849999999999941 2 1.1580000000000008 0 14813714 22461427; 1 32949746 22523228 17173775 8043172 16813674 16102437 2384071 18988350 19360333; 2 17850012; 
19.689999999999973 0 4.835999999999971 1 13.699999999999951 2 1.1540000000000008 0 14813714 22461427; 1 32949746 22523228 17173775 8043172 16813674 16102437 2384071 18988350 19360333 37975185; 2 17850012; 
20.65599999999997 0 4.917999999999972 1 14.579999999999956 2 1.1580000000000008 0 14813714 22461427; 1 32949746 22523228 17173775 8043172 16813674 15862005 2384071 18988350 19360333 37975185 14451294; 2 17850012; 
22.265999999999963 0 5.033999999999976 1 16.059999999999985 2 1.1720000000000008 0 14813714 22461427; 1 32949746 22523228 17173775 8043172 16813674 16102437 12389772 18988350 19360333 37975185 14451294 2384071; 2 17850012; 
22.93999999999997 0 4.777999999999974 1 17.02999999999999 2 1.1320000000000008 0 14813714 22461427; 1 32949746 22523228 17173775 8043172 16813674 15862005 12389772 18988350 2384071 14451294 19360333 37975185 14785887; 2 17850012; 
21.975999999999978 0 5.373999999999973 1 15.503999999999984 2 1.0980000000000008 0 14813714 23219721 22461427; 1 32949746 17173775 8043172 16813674 15862005 34258868 18988350 14204673 14451294 19360333 37975185 14785887 15728729; 2 17850012; 
23.221999999999944 0 5.501999999999963 1 16.617999999999977 2 1.1020000000000008 0 14813714 14685548 22461427; 1 32949746 17173775 8043172 16813674 15862005 34258868 18988350 14204673 14451294 19360333 37975185 14785887 15728729 14909369; 2 17850012; 
24.28999999999994 0 5.495999999999968 1 17.67 2 1.1240000000000008 0 14813714 23219721 22461427; 1 32949746 17173775 8043172 16813674 15862005 34258868 18988350 14204673 14451294 19360333 37975185 14785887 15728729 14909369 20719354; 2 17850012; 
25.25799999999992 0 5.469999999999973 1 18.66 2 1.1280000000000008 0 14813714 24983519 22461427; 1 32949746 22523228 17173775 8043172 16813674 15862005 34258868 18988350 14204673 14451294 19360333 37975185 14785887 15728729 14909369 20719354; 2 17850012; 
26.2639999999999 0 5.431999999999969 1 18.669999999999987 2 2.1620000000000013 0 14813714 24983519 22461427; 1 32949746 22523228 17173775 8043172 16813674 15862005 34258868 18988350 14204673 14451294 19360333 37975185 14785887 15728729 14909369 20719354; 2 17850012 24863940; 
27.68399999999993 0 5.463999999999967 1 20.07799999999999 2 2.142000000000001 0 14813714 24983519 22461427; 1 32949746 22523228 17173775 8043172 16813674 15862005 12389772 18988350 14301386 14909369 14785887 14167991 15728729 37975185 19360333 14451294 16494857; 2 17850012 24863940; 
28.59599999999997 0 5.495999999999969 1 20.96599999999998 2 2.1340000000000003 0 14813714 24983519 22461427; 1 32949746 22523228 17173775 8043172 16813674 15862005 12389772 18988350 14301386 14909369 14785887 14167991 15728729 37975185 19360333 14451294 16494857 21494085; 2 17850012 24863940; 
30.478000000000005 0 6.787999999999959 1 21.523999999999994 2 2.166 0 14813714 24983519 19099851 22461427; 1 32949746 22523228 17173775 16236786 16813674 12389772 18988350 14301386 14909369 14785887 14167991 15728729 37975185 19360333 14451294 16494857 21494085 16102437; 2 17850012 17291344; 
32.07400000000002 0 6.765999999999968 1 23.131999999999987 2 2.176 0 14813714 24983519 19099851 22461427; 1 32949746 22523228 17173775 16236786 16813674 12389772 18988350 14301386 14909369 14785887 14167991 15728729 37975185 19360333 14451294 16494857 21494085 16102437 23885448; 2 17850012 17291344; 
32.588000000000015 0 5.833999999999964 1 24.56399999999993 2 2.19 0 14813714 24983519 22461427; 1 32949746 22523228 17173775 8043172 16813674 15862005 12389772 18988350 20719354 14909369 14785887 14167991 15728729 37975185 41773112 14451294 16494857 21494085 16102437 23885448 23344327; 2 17850012 24863940; 
34.684000000000005 0 7.183999999999962 1 25.26799999999989 2 2.2319999999999998 0 14813714 24983519 1253451 22461427; 1 32949746 22523228 17173775 8043172 15862005 12389772 18988350 20719354 14909369 14785887 14167991 15728729 37975185 41773112 14451294 16494857 21494085 16102437 23885448 23344327 30864390; 2 17850012 24863940; 
34.862000000000066 0 7.721999999999973 1 24.927999999999905 2 2.212 0 14813714 24983519 1253451 22461427 18888190; 1 32949746 22523228 22242176 8043172 15862005 12389772 18988350 20719354 14909369 14785887 14167991 15728729 37975185 41773112 14451294 16494857 21494085 16102437 23885448 23344327 30864390; 2 17850012 24863940; 
35.96000000000003 0 7.861999999999966 1 25.905999999999903 2 2.1919999999999993 0 14813714 24983519 1253451 22461427 18888190; 1 32949746 22523228 22242176 8043172 15862005 12389772 18988350 20719354 14909369 14785887 14167991 15728729 37975185 41773112 14451294 16494857 23344327 23885448 21494085 30864390 16102437 37135242; 2 17850012 24863940; 
37.082000000000065 0 7.75999999999997 1 27.11599999999995 2 2.2059999999999995 0 14813714 24983519 1253451 22461427 18888190; 1 32949746 22523228 22242176 8043172 15862005 12389772 18988350 20719354 14909369 14785887 14167991 15728729 37975185 41773112 14451294 16494857 23344327 23885448 21494085 30864390 16102437 37135242 15105269; 2 17850012 24863940; 
38.48400000000001 0 6.89799999999997 1 29.399999999999956 2 2.1859999999999995 0 14813714 24983519 22461427 18888190; 1 32949746 22523228 22242176 16236786 16936384 15862005 12389772 18988350 20719354 14909369 14785887 14167991 15728729 37975185 41773112 14451294 16494857 23344327 23885448 21494085 30864390 16102437 37135242 15105269 15184942; 2 17850012 24863940; 
41.754000000000005 0 6.52599999999996 1 32.91200000000007 2 2.315999999999998 0 14813714 24983519 22461427; 1 32949746 22523228 22242176 16236786 16936384 15862005 12389772 18988350 20719354 14909369 14785887 14167991 15728729 37975185 41773112 14451294 16494857 23344327 2384071 23885448 21494085 30864390 16102437 37135242 15184942 15105269 17173775; 2 17850012 24863940; 
42.664000000000044 0 7.485999999999977 1 32.906000000000034 2 2.2719999999999994 0 14813714 24983519 22461427 33437822; 1 32949746 22523228 22242176 16236786 16936384 15862005 12389772 18988350 20719354 14909369 14785887 14167991 15728729 37975185 41773112 14451294 16494857 23344327 23885448 21494085 30864390 16102437 37135242 15184942 15105269 17173775 2384071; 2 17850012 24863940; 
43.65000000000005 0 8.45399999999997 1 32.87999999999998 2 2.315999999999999 0 14813714 24983519 22461427 33437822 18843449; 1 32949746 22523228 22242176 16236786 16936384 15862005 12389772 18988350 20719354 14909369 14785887 14167991 15728729 37975185 41773112 14451294 16494857 23344327 23885448 21494085 30864390 16102437 37135242 15105269 2384071 15184942 17173775; 2 17850012 24863940; 
44.82800000000005 0 8.599999999999971 1 33.91400000000002 2 2.3139999999999974 0 14813714 24983519 22461427 33437822 18843449; 1 32949746 22523228 22242176 16236786 16936384 15862005 12389772 18988350 20719354 14909369 14785887 14167991 15728729 37975185 41773112 14451294 16494857 23344327 23885448 21494085 30864390 16102437 37135242 15105269 2384071 15184942 17173775 17305642; 2 17850012 24863940; 
45.92399999999998 0 9.489999999999972 1 33.168000000000035 2 3.2659999999999663 0 14813714 24983519 22461427 33437822 18843449 14368074; 1 32949746 22523228 22242176 16236786 16936384 15862005 12389772 18988350 20719354 14909369 14785887 14167991 15728729 37975185 41773112 14451294 16494857 23344327 23885448 21494085 30864390 16102437 37135242 15105269 2384071 15184942 17305642; 2 17850012 24863940 9146202; 
47.22399999999995 0 10.683999999999957 1 34.218000000000046 2 2.3219999999999983 0 14368074 14813714 18843449 22461427 24983519 33437822 15572221; 1 18988350 17173775 22523228 16102437 23344327 15728729 30864390 16936384 37135242 2384071 12389772 14909369 15105269 21494085 20719354 23885448 14451294 15862005 16494857 41773112 37975185 16236786 22242176 17305642 14167991 14785887 15184942 32949746; 2 24863940 17850012; 
47.81199999999994 0 12.479999999999958 1 32.03599999999997 2 3.2959999999999683 0 14368074 14813714 18843449 15354381 22461427 24983519 33437822 17645505 15572221; 1 18988350 17173775 22523228 16102437 21437676 15728729 30864390 16936384 37135242 2384071 12389772 14909369 15105269 21494085 20719354 23885448 14451294 16494857 41773112 37975185 16236786 22951944 14167991 14785887 15184942 32949746; 2 24863940 17850012 30197513; 
50.639999999999866 0 11.283999999999956 1 36.02600000000006 2 3.3299999999999708 0 14368074 14813714 18843449 15354381 22461427 24983519 7376382; 1 18988350 17173775 22523228 16102437 21437676 15728729 30864390 16936384 37135242 2384071 12389772 14909369 15105269 21494085 20719354 23885448 14451294 16494857 41773112 37975185 21093392 16236786 35967493 22951944 14167991 14785887 15184942 32949746 15076390; 2 24863940 17850012 30197513; 
51.899999999999885 0 12.139999999999969 1 36.42400000000003 2 3.3359999999999688 0 1253451 14368074 14813714 18843449 15354381 22461427 24983519 7376382; 1 18988350 17173775 22523228 16102437 21437676 15728729 30864390 37135242 2384071 12389772 14909369 15105269 21494085 20719354 23885448 14451294 16494857 41773112 37975185 21093392 16236786 22242176 22951944 14167991 14785887 15184942 32949746 15076390 14270650; 2 24863940 17850012 30197513; 
