1.320000000000001 0 0.03600000000000002 1 1.282000000000001 2 0.002 0 1 16431844; 2 
2.3019999999999983 0 1.0580000000000007 1 1.2440000000000009 2 0.0 0 8268242; 1 16431844; 2 
3.405999999999967 0 2.0440000000000014 1 1.362000000000001 2 0.0 0 8268242 20478132; 1 16431844; 2 
4.407999999999986 0 2.068000000000001 1 2.337999999999998 2 0.002 0 8268242 20478132; 1 16431844 15570842; 2 
5.493999999999941 0 2.098000000000001 1 3.3919999999999657 2 0.004 0 20478132 8268242; 1 16431844 15570842 16594644; 2 
6.441999999999947 0 3.089999999999965 1 3.3519999999999683 2 0.0 0 20478132 8268242 14315063; 1 16431844 15570842 16594644; 2 
7.470000000000014 0 3.099999999999966 1 4.367999999999987 2 0.002 0 20478132 8268242 14315063; 1 16431844 15570842 16594644 13118432; 2 
8.467999999999984 0 3.0979999999999666 1 5.361999999999943 2 0.008 0 20478132 8268242 14315063; 1 16431844 15570842 16594644 13118432 15007774; 2 
9.487999999999964 0 3.103999999999967 1 6.377999999999944 2 0.006 0 20478132 8268242 14315063; 1 16431844 15570842 16594644 13118432 15007774 20782744; 2 
10.605999999999934 0 3.1459999999999675 1 7.456000000000018 2 0.004 0 20478132 8268242 14315063; 1 20782744 13118432 16594644 16431844 15570842 15007774 34287054; 2 
11.645999999999992 0 3.1479999999999673 1 8.491999999999983 2 0.006 0 20478132 8268242 14315063; 1 20782744 13118432 16594644 16431844 15570842 15007774 34287054 34258868; 2 
12.613999999999887 0 3.159999999999967 1 9.437999999999962 2 0.016 0 20478132 8268242 14315063; 1 20782744 13118432 16594644 16431844 15570842 15007774 34287054 34258868 13051142; 2 
13.747999999999958 0 3.1699999999999666 1 10.555999999999935 2 0.022000000000000006 0 20478132 8268242 14315063; 1 20782744 13118432 16594644 16431844 15570842 15007774 34287054 34258868 13051142 22425685; 2 
14.724 0 3.1599999999999673 1 11.552 2 0.012 0 20478132 8268242 14315063; 1 20782744 13118432 16594644 16431844 15570842 15007774 34287054 13051142 34258868 22425685 19094564; 2 
15.727999999999946 0 3.1379999999999666 1 12.579999999999892 2 0.01 0 20478132 8268242 14315063; 1 20782744 13118432 16594644 16431844 15570842 15007774 34287054 13051142 34258868 22425685 19094564 14350969; 2 
16.720000000000034 0 3.1679999999999673 1 13.547999999999956 2 0.004 0 20478132 8268242 14315063; 1 20782744 13118432 16594644 16431844 15570842 15007774 34287054 13051142 34258868 22425685 19094564 14350969 24278053; 2 
17.776000000000018 0 3.1499999999999666 1 14.609999999999992 2 0.016 0 20478132 8268242 14315063; 1 20782744 13118432 16594644 16431844 15570842 15007774 34287054 13051142 34258868 22425685 19094564 14350969 24278053 21231872; 2 
18.887999999999984 0 4.187999999999994 1 14.679999999999994 2 0.020000000000000004 0 20478132 8268242 14315063 24902648; 1 20782744 13118432 16594644 16431844 15570842 15007774 34287054 13051142 34258868 22425685 19094564 24278053 14350969 21231872; 2 
19.883999999999965 0 4.1779999999999955 1 15.693999999999948 2 0.012 0 20478132 8268242 14315063 24902648; 1 20782744 13118432 16594644 16431844 15570842 15007774 34287054 13051142 34258868 22425685 19094564 24278053 14350969 21231872 31286288; 2 
20.833999999999925 0 4.187999999999994 1 16.63800000000003 2 0.008 0 20478132 8268242 14315063 24902648; 1 20782744 13118432 16594644 16431844 15570842 15007774 34287054 13051142 34258868 22425685 19094564 24278053 14350969 21231872 31286288 14120099; 2 
21.91000000000008 0 4.185999999999995 1 17.71200000000002 2 0.012 0 20478132 8268242 14315063 24902648; 1 20782744 13118432 16594644 16431844 15570842 15007774 34287054 13051142 34258868 22425685 19094564 14350969 21231872 14120099 24278053 31286288 26344156; 2 
22.961999999999975 0 4.1879999999999935 1 18.755999999999993 2 0.018000000000000002 0 20478132 8268242 14315063 24902648; 1 20782744 13118432 16594644 16431844 15570842 15007774 34287054 13051142 34258868 22425685 19094564 14350969 21231872 14120099 24278053 31286288 26344156 22059105; 2 
23.975999999999857 0 4.185999999999994 1 19.767999999999972 2 0.022000000000000002 0 20478132 8268242 14315063 24902648; 1 20782744 13118432 16594644 16431844 15570842 15007774 34287054 13051142 34258868 22425685 19094564 14350969 21231872 14120099 24278053 31286288 26344156 22059105 37568391; 2 
25.029999999999927 0 4.179999999999995 1 19.829999999999963 2 1.0200000000000007 0 20478132 8268242 14315063 24902648; 1 20782744 13118432 16594644 16431844 15570842 15007774 34287054 13051142 34258868 22425685 19094564 14350969 21231872 14120099 24278053 31286288 26344156 37568391 22059105; 2 14959367; 
26.00800000000001 0 5.195999999999942 1 19.791999999999984 2 1.0200000000000007 0 20478132 8268242 14315063 24902648 19109577; 1 20782744 13118432 16594644 16431844 15570842 15007774 34287054 13051142 34258868 22425685 19094564 14350969 21231872 14120099 24278053 31286288 26344156 37568391 22059105; 2 14959367; 
27.139999999999834 0 5.257999999999935 1 20.865999999999914 2 1.0160000000000007 0 20478132 8268242 14315063 24902648 19109577; 1 20782744 13118432 16594644 16431844 15570842 15007774 34287054 13051142 34258868 22425685 19094564 14350969 21231872 14120099 24278053 31286288 26344156 37568391 22059105 15809173; 2 14959367; 
28.16999999999991 0 5.263999999999942 1 21.882000000000076 2 1.0240000000000007 0 20478132 8268242 14315063 24902648 19109577; 1 20782744 13118432 16594644 16431844 15570842 15007774 34287054 13051142 34258868 22425685 19094564 14350969 21231872 14120099 24278053 31286288 26344156 37568391 22059105 15809173 7129612; 2 14959367; 
29.281999999999965 0 5.217999999999939 1 23.04199999999993 2 1.0220000000000007 0 20478132 8268242 14315063 24902648 19109577; 1 20782744 13118432 16594644 16431844 15570842 15007774 34287054 13051142 34258868 22425685 19094564 14350969 21231872 14120099 24278053 31286288 26344156 37568391 22059105 15809173 7129612 22242176; 2 14959367; 
30.45799999999994 0 6.309999999999942 1 23.107999999999933 2 1.0400000000000007 0 19109577 24902648 20478132 14315063 8268242 26473619; 1 15809173 14120099 13118432 22425685 21231872 16431844 15007774 31286288 19094564 20782744 26344156 37568391 22059105 22242176 34258868 15570842 13051142 7129612 14350969 24278053 16594644 34287054; 2 14959367; 
31.53399999999997 0 6.317999999999942 1 24.185999999999883 2 1.0300000000000007 0 19109577 24902648 20478132 14315063 8268242 26473619; 1 15809173 14120099 13118432 22425685 21231872 16431844 15007774 31286288 19094564 20782744 26344156 37568391 22059105 22242176 34258868 15570842 13051142 7129612 14350969 24278053 16594644 34287054 11039482; 2 14959367; 
32.554000000000066 0 6.3059999999999405 1 25.21199999999992 2 1.0360000000000007 0 19109577 24902648 20478132 14315063 8268242 26473619; 1 15809173 14120099 13118432 22425685 21231872 16431844 15007774 31286288 19094564 20782744 26344156 37568391 22059105 22242176 34258868 15570842 13051142 7129612 14350969 24278053 16594644 34287054 11039482 14830184; 2 14959367; 
33.67800000000002 0 6.309999999999941 1 26.323999999999966 2 1.0440000000000007 0 19109577 24902648 20478132 14315063 8268242 26473619; 1 15809173 14120099 13118432 22425685 21231872 16431844 15007774 31286288 19094564 20782744 26344156 37568391 22059105 22242176 34258868 15570842 13051142 7129612 14350969 24278053 16594644 34287054 11039482 14830184 12964542; 2 14959367; 
34.64800000000002 0 6.359999999999943 1 27.25799999999988 2 1.0300000000000007 0 19109577 24902648 20478132 14315063 8268242 26473619; 1 15809173 14120099 13118432 22425685 21231872 16431844 15007774 31286288 19094564 20782744 26344156 37568391 22059105 22242176 34258868 15570842 13051142 7129612 14350969 24278053 16594644 34287054 11039482 14830184 12964542 14278838; 2 14959367; 
35.73400000000008 0 6.385999999999951 1 28.315999999999924 2 1.0320000000000007 0 19109577 24902648 20478132 14315063 8268242 26473619; 1 15809173 14120099 13118432 22425685 21231872 16431844 15007774 31286288 19094564 20782744 26344156 37568391 22059105 22242176 34258868 15570842 13051142 7129612 14350969 24278053 16594644 34287054 11039482 14830184 14278838 12964542 23317513; 2 14959367; 
36.73000000000007 0 6.289999999999939 1 29.397999999999968 2 1.0420000000000007 0 19109577 24902648 20478132 14315063 8268242 26473619; 1 15809173 14120099 13118432 22425685 21231872 16431844 15007774 31286288 19094564 20782744 26344156 37568391 22059105 22242176 34258868 15570842 13051142 7129612 14350969 24278053 16594644 34287054 11039482 14830184 14278838 12964542 23317513 19779229; 2 14959367; 
37.81400000000002 0 6.361999999999948 1 30.407999999999934 2 1.0440000000000007 0 19109577 24902648 20478132 14315063 8268242 26473619; 1 15809173 14120099 13118432 22425685 21231872 16431844 15007774 31286288 19094564 20782744 26344156 37568391 22059105 22242176 34258868 15570842 13051142 7129612 14350969 24278053 16594644 34287054 11039482 14830184 14278838 12964542 23317513 19779229 24141043; 2 14959367; 
38.790000000000035 0 6.323999999999941 1 31.42999999999998 2 1.0360000000000007 0 19109577 24902648 20478132 14315063 8268242 26473619; 1 15809173 14120099 13118432 22425685 21231872 16431844 15007774 31286288 19094564 20782744 26344156 37568391 22059105 22242176 34258868 15570842 13051142 7129612 14350969 24278053 16594644 34287054 14830184 14278838 23317513 11039482 19779229 24141043 12964542 20086401; 2 14959367; 
39.964000000000006 0 6.3979999999999535 1 32.51200000000006 2 1.0540000000000007 0 19109577 24902648 20478132 14315063 8268242 26473619; 1 15809173 14120099 13118432 22425685 21231872 16431844 15007774 31286288 19094564 20782744 26344156 37568391 22059105 22242176 34258868 15570842 13051142 7129612 14350969 24278053 16594644 34287054 14830184 14278838 23317513 11039482 19779229 24141043 12964542 20086401 16399227; 2 14959367; 
40.95999999999998 0 6.377999999999942 1 33.53600000000002 2 1.0460000000000007 0 19109577 24902648 20478132 14315063 8268242 26473619; 1 15809173 14120099 13118432 22425685 21231872 16431844 15007774 31286288 19094564 20782744 26344156 37568391 22059105 22242176 34258868 15570842 13051142 7129612 14350969 24278053 16594644 34287054 14830184 14278838 23317513 11039482 19779229 24141043 12964542 20086401 16399227 41205821; 2 14959367; 
41.94800000000002 0 7.416000000000016 1 33.47400000000004 2 1.0580000000000007 0 19109577 24902648 20478132 14315063 8268242 26473619 14771089; 1 15809173 14120099 13118432 22425685 21231872 16431844 15007774 31286288 19094564 20782744 26344156 37568391 22059105 22242176 34258868 15570842 13051142 7129612 14350969 24278053 16594644 34287054 14830184 14278838 23317513 11039482 19779229 24141043 12964542 20086401 41205821 16399227; 2 14959367; 
