4.045999999999968 0 0.3880000000000003 1 3.657999999999972 0 1 5234; 
6.569999999999971 0 0.6220000000000004 1 5.947999999999972 0 1 5234 4980; 
10.04199999999998 0 0.9520000000000007 1 9.089999999999968 0 1 5234 4980 1315; 
13.505999999999965 0 1.358000000000001 1 12.147999999999957 0 1 5234 4980 1315 3634; 
15.76399999999998 0 1.5140000000000011 1 14.249999999999957 0 1 5234 4980 1315 3634 593; 
18.823999999999973 0 1.8220000000000014 1 17.001999999999963 0 1 5234 4980 1315 3634 593 4985; 
21.24999999999997 0 2.066 1 19.183999999999983 0 1 4980 5234 1315 4985 3634 593 1009; 
24.695999999999977 0 2.235999999999996 1 22.459999999999972 0 1 4980 5234 1315 4985 3634 593 1009 1335; 
27.284000000000002 0 2.4159999999999924 1 24.867999999999967 0 1 4980 5234 1315 4985 3634 593 1009 1335 5351; 
28.92599999999997 0 3.7139999999999778 1 25.211999999999936 0 5135; 1 4980 5234 1315 4985 3634 593 1009 1335 5351; 
31.703999999999947 0 3.9059999999999744 1 27.79799999999993 0 5135; 1 4980 5234 1315 4985 3634 593 1009 1335 5351 3259; 
33.58199999999997 0 4.021999999999974 1 29.55999999999997 0 5135; 1 4980 5234 1315 4985 3634 593 1009 1335 5351 3259 677; 
36.121999999999986 0 4.2719999999999745 1 31.849999999999945 0 5135; 1 4980 5234 1315 4985 3634 593 1009 1335 5351 3259 677 3782; 
38.027999999999984 0 4.381999999999971 1 33.64599999999997 0 5135; 1 4980 5234 1315 4985 3634 593 1009 1335 5351 3259 677 3782 97; 
40.615999999999964 0 4.79599999999997 1 35.82 0 5135; 1 4980 5234 1315 4985 3634 593 1009 1335 5351 3259 677 3782 97 4812; 
40.77400000000001 0 4.6919999999999735 1 36.08200000000002 0 5135; 1 4980 5234 1315 4985 3634 593 205 1324 5351 3259 677 3782 97 3051 3449; 
43.019999999999996 0 5.70799999999997 1 37.31199999999999 0 5135 3623; 1 4980 5234 1315 4985 3634 593 205 1324 5351 3259 677 97 3449 3051 3782; 
45.686 0 6.099999999999971 1 39.58600000000003 0 5135 3623; 1 4980 5234 1315 4985 3634 593 205 1324 5351 3259 677 97 3449 4812 3782 1628; 
47.80199999999996 0 6.233999999999969 1 41.56800000000005 0 5135 3623; 1 4980 5234 1315 4985 3634 593 205 1324 5351 3259 677 97 3449 4812 3782 1628 3051; 
47.431999999999974 0 8.049999999999958 1 39.38200000000004 0 4241 5135 3623 339; 1 4980 5234 1315 4985 3634 593 205 1324 2659 677 3782 3051 3449 97 4812 1628; 
48.56999999999992 0 9.165999999999974 1 39.403999999999996 0 4241 5135 3623 339 4854; 1 4980 5234 1315 4985 3634 593 205 1324 2659 677 3782 3051 3449 97 4812 1628; 
50.68000000000001 0 10.227999999999973 1 40.45200000000002 0 4241 5135 3623 1326 339 4854; 1 4980 5234 1315 4985 3634 593 205 1324 2659 677 3782 3051 3449 97 4812 5615; 
52.55199999999992 0 10.291999999999966 1 42.26000000000004 0 4241 5135 3623 1326 339 4854; 1 4980 5234 1315 4985 3634 593 205 1324 2659 677 3782 3051 3449 97 4812 5615 2411; 
53.67999999999992 0 10.459999999999962 1 43.220000000000006 0 4241 5135 3623 1326 339 4854; 1 4980 5234 1315 4985 3634 593 205 1324 2659 677 3782 3051 3449 97 4812 5615 2411 4446; 
56.494 0 10.671999999999967 1 45.82200000000001 0 4241 5135 3623 1326 339 4854; 1 4980 5234 1315 4985 3634 593 586 1324 2659 677 3782 3051 3449 97 4812 5615 2411 4446 205; 
57.29399999999999 0 10.517999999999962 1 46.77600000000001 0 5135 3623 4241 4854 1074 1326; 1 586 5615 2411 4446 97 2659 3449 4980 3051 2787 593 1324 677 4812 3782 3634 205 1315 5234 5834; 
59.20799999999995 0 10.673999999999971 1 48.534000000000006 0 5135 3623 4241 4854 335 1326; 1 586 5615 2411 4446 97 2659 3449 4980 3051 2787 593 1324 677 4812 3782 3634 205 1315 5234 5834 5107; 
61.859999999999914 0 10.083999999999953 1 51.776000000000025 0 5135 3623 4854 335 1494; 1 586 5615 2411 4446 97 2659 3449 3259 4980 3051 2787 593 1267 677 4812 3782 3634 1628 205 1315 5234 5834 5107; 
63.50799999999999 0 9.909999999999968 1 53.59799999999993 0 5135 3623 4854 335 1494; 1 586 5615 2411 4446 97 2659 3449 3259 4980 3051 2787 593 1267 677 4812 3782 3634 1628 205 1315 5234 5834 5679 4436; 
65.00800000000005 0 10.009999999999978 1 54.99799999999991 0 5135 3623 1494 4854 1074; 1 5107 1267 2411 97 2659 3449 3259 4980 3051 2787 593 5615 677 4812 3782 953 4985 1628 205 4436 5234 586 1315 4446 5834; 
66.76600000000003 0 11.145999999999965 1 55.61999999999996 0 5135 3623 1494 4241 4854 1074; 1 5107 1267 2411 97 5351 3449 4980 3051 2787 593 5615 677 4812 3782 953 4985 1628 205 4436 5234 586 1315 4446 5834 2806; 
68.79000000000003 0 10.219999999999965 1 58.56999999999989 0 5135 3623 1494 4854 1074; 1 5107 1267 2411 97 5351 3449 3259 4980 3051 2787 593 5615 677 4812 3782 953 4985 1628 205 4436 5234 586 1315 4446 5834 2806 5165; 
69.3260000000001 0 10.225999999999981 1 59.099999999999945 0 5135 3623 1494 4854 1074; 1 5107 1267 2411 97 5351 3449 3259 4980 3051 2787 593 5615 677 4812 3782 953 4985 1628 205 4436 5234 586 1315 4446 5834 2806 5165 2659; 
71.50400000000006 0 10.283999999999972 1 61.21999999999998 0 5135 3623 1494 1074 2289; 1 5107 1267 2411 97 5351 3449 3259 4980 3051 2787 593 5615 677 2333 4812 3782 953 4985 1628 205 4436 5234 586 1315 4446 5834 2806 5165 2659; 
73.26800000000014 0 10.371999999999957 1 62.89599999999998 0 5135 3623 1494 1074 2289; 1 5107 1267 2411 97 5351 3449 3259 4980 3051 2787 593 5615 677 2333 4812 3782 953 4985 1628 205 4436 5234 586 1315 4446 5834 2806 5165 2659 638; 
73.74600000000012 0 10.391999999999966 1 63.35399999999997 0 5135 3623 1494 4391 1074; 1 5107 1267 2411 97 5351 3449 3259 4980 3051 2787 593 5615 677 2333 4812 3782 4985 1628 205 4436 5000 586 1315 4446 5834 2806 5165 2659 507 638 1009; 
75.74800000000009 0 10.659999999999972 1 65.08800000000005 0 5135 3623 1494 4391 1074; 1 5107 1267 2411 97 5351 3449 3259 4980 3051 2787 593 5615 677 2333 4812 3782 4985 1628 205 4436 5000 586 1315 4446 5834 2806 5165 2659 507 638 1009 5528; 
77.70200000000007 0 10.555999999999969 1 67.14600000000007 0 5135 3623 1494 4391 1074; 1 5107 1267 2411 97 5351 3449 3259 4980 3051 2787 593 5615 677 2333 4812 3782 4985 1628 205 4436 5000 586 1315 4446 5834 2806 5165 2659 638 507 1009 5528 639; 
79.05400000000012 0 11.663999999999966 1 67.39 0 5135 3623 1494 4391 1074 3838; 1 5107 1267 2411 97 5351 3449 3259 4980 3051 2787 593 5615 677 2333 4812 3782 4985 1628 205 4436 5000 586 1315 4446 5834 2806 5165 2659 638 507 1009 5528 639; 
80.19400000000016 0 11.835999999999958 1 68.35800000000003 0 5135 3623 1494 4391 1074 3838; 1 5107 1267 2411 97 5351 3449 3259 4980 3051 2787 593 5615 677 2333 4812 3782 4985 1628 205 4436 5000 586 1315 4446 5834 2806 5165 2659 638 507 1009 5528 639 6109; 
