3.823999999999972 0 0.3720000000000003 1 3.4519999999999733 0 1 5234; 
6.359999999999967 0 1.7640000000000013 1 4.595999999999965 0 3623; 1 5234; 
8.911999999999974 0 1.9000000000000015 1 7.011999999999971 0 3623; 1 5234 2411; 
13.607999999999961 0 2.417999999999988 1 11.189999999999952 0 3623; 1 5234 2411 1335; 
15.679999999999964 0 2.5059999999999896 1 13.17399999999996 0 3623; 1 5234 2411 1335 4980; 
19.057999999999968 0 2.7139999999999858 1 16.34399999999997 0 3623; 1 1335 2411 5234 4980 3634; 
21.485999999999997 0 2.8859999999999824 1 18.599999999999962 0 3623; 1 1335 2411 5234 4980 3634 4436; 
24.457999999999956 0 2.2039999999999966 1 22.25399999999999 0 1 2333 1335 2411 5234 4980 3634 4436 4985; 
27.033999999999953 0 2.345999999999994 1 24.688000000000006 0 1 2333 1335 2411 5234 4980 3634 4436 4985 3449; 
28.779999999999966 0 2.549999999999991 1 26.229999999999976 0 1 4985 4980 1009 5234 1335 2333 2411 4436 3634 3782; 
31.171999999999944 0 2.763999999999984 1 28.407999999999994 0 1 4985 4980 1009 5234 1335 2333 2411 4436 3634 3782 6109; 
33.39199999999996 0 2.929999999999984 1 30.461999999999964 0 1 4985 4980 1009 5234 1335 2333 2411 4436 3634 3782 6109 677; 
35.47800000000002 0 4.3559999999999715 1 31.121999999999964 0 1595; 1 4985 4980 3449 5234 1335 2333 2411 4436 3634 3782 6109 677; 
37.202 0 4.315999999999973 1 32.88599999999998 0 1595; 1 4985 4980 1009 5234 1335 2333 2411 4436 3634 3782 677 6109 3051; 
38.88999999999998 0 4.441999999999972 1 34.44799999999999 0 1595; 1 4985 4980 1009 5234 1335 2333 2411 4436 3634 3782 677 6109 3051 3348; 
41.10600000000001 0 4.717999999999974 1 36.387999999999984 0 1595; 1 4980 3348 1009 677 1335 2333 2411 3634 6109 5785 4985 4436 5234 3782 4812; 
43.09400000000006 0 4.883999999999976 1 38.21000000000001 0 1595; 1 4980 3348 1009 677 1335 2333 2411 3634 6109 5785 4985 4436 5234 3782 4812 4036; 
45.022000000000006 0 5.069999999999968 1 39.95200000000002 0 1595; 1 4980 3348 1009 677 1335 2333 2411 3634 6109 5785 4985 4436 5234 3782 4812 4036 593; 
46.23399999999997 0 6.161999999999973 1 40.07200000000004 0 1595 4854; 1 4980 3348 1009 677 1335 2333 2411 3634 6109 5785 4985 4436 5234 3782 4812 4036 593; 
47.80000000000002 0 7.1599999999999655 1 40.63999999999995 0 1595 4854 5; 1 4980 3348 1009 677 1335 2333 2411 3634 6109 5785 4985 4436 5234 3782 4812 4036 593; 
49.835999999999956 0 7.421999999999963 1 42.41400000000002 0 1595 4854 5; 1 4980 3348 1009 677 1335 2333 2411 3634 6109 5785 4985 4436 5234 3782 4812 4036 593 2382; 
52.09999999999999 0 7.547999999999965 1 44.552000000000056 0 1595 5 4854; 1 4980 3348 1009 677 1335 2333 2411 3634 6109 5785 4985 4436 5234 3782 4812 593 2382 4036 1315; 
53.68799999999998 0 7.839999999999968 1 45.848 0 1595 5 4854; 1 4980 3348 1009 677 1335 2333 2411 3634 6109 5785 4985 4436 5234 3782 4812 593 2382 4036 1315 6097; 
55.71199999999997 0 7.661999999999959 1 48.05000000000003 0 1595 4854 4257; 1 4980 3348 1009 677 1335 2333 2411 3634 6109 5785 4985 4436 5234 3782 3449 2196 593 2382 4036 1315 6097; 
56.53399999999993 0 7.535999999999968 1 48.998000000000005 0 1595 4854 4257; 1 4980 3348 1009 677 1335 2333 2411 3634 6109 5785 4985 4436 5234 3782 3449 2196 593 2382 4036 1315 6097 639; 
57.94599999999999 0 9.675999999999968 1 48.26999999999999 0 1074 1595 4854 4257 5135; 1 4980 1009 677 1335 2333 2411 3634 6109 5785 3854 4436 5234 3782 3449 2196 593 2382 4036 1315 6097 639; 
59.585999999999984 0 9.617999999999965 1 49.96799999999995 0 1074 1595 4854 4257 5135; 1 4980 1009 677 1335 2333 2411 3634 6109 5785 3854 4436 5234 3782 3449 2196 593 2382 4036 1315 6097 639 5879; 
61.57399999999998 0 9.793999999999965 1 51.779999999999966 0 1074 1595 4854 4257 5135; 1 4980 1009 677 1335 2333 2411 3634 6109 5785 3854 4436 5234 3782 3449 2196 593 2382 4036 1315 6097 639 5879 4446; 
62.83199999999997 0 9.635999999999976 1 53.19599999999994 0 1074 1595 4854 4257 5135; 1 4980 1009 677 1335 2333 2411 3634 6109 5785 3854 4436 5234 3782 3449 2196 593 2382 4036 1315 6097 639 5879 4446 775; 
64.67 0 11.095999999999975 1 53.57399999999995 0 1074 1595 5390 4854 4257 5135; 1 4980 1009 677 1335 2333 2411 3634 6109 5785 4985 4436 5234 3782 4812 593 2196 2382 1315 775 5879 6097 639 4446 3259; 
67.15199999999997 0 12.183999999999966 1 54.96799999999993 0 1074 1595 5 5390 4854 4257 5135; 1 4980 1009 677 1335 2333 2411 3634 6109 5785 4985 4436 5234 3782 4812 593 2382 1315 775 5879 6097 639 4446 3259 97; 
68.82200000000009 0 12.41799999999995 1 56.403999999999904 0 1074 1595 5 5390 4854 4257 5135; 1 4980 3449 677 1335 2333 2411 3634 6109 5785 4985 4436 5234 3782 4812 593 2382 1315 775 586 6097 639 4446 3259 97 1009; 
70.00200000000011 0 11.509999999999964 1 58.49199999999997 0 1595 5 5390 4854 4257 5135; 1 4980 3348 3449 677 1335 2333 2411 3634 6109 5785 4985 4436 5234 3782 4812 593 2382 1315 775 586 6097 639 4446 3259 97 1009 3939; 
71.01000000000002 0 11.551999999999962 1 59.45799999999993 0 1595 4321 5 4854 4257 5135; 1 4980 3348 3449 677 1335 2333 2411 3634 6109 5785 4985 4436 5234 3782 593 2382 2730 1315 775 586 6097 639 4446 2806 3939 97 1009 4036; 
72.02400000000003 0 12.487999999999959 1 59.53599999999997 0 1595 4321 5 4854 4257 5135 5390; 1 4980 3348 3449 677 1335 2333 2411 3634 6109 5785 4985 4436 5234 3782 593 2382 2730 1315 775 586 6097 639 4446 2806 3939 97 1009 4036; 
74.03200000000007 0 12.835999999999958 1 61.195999999999984 0 3623 1595 4321 5 4257 5135 5390; 1 4980 3348 3449 677 1335 2411 3634 6109 5785 4985 4436 5234 3782 593 2382 2730 2333 1315 775 586 6097 639 4446 2806 1009 4036 3939 97 1628; 
75.62600000000006 0 12.843999999999955 1 62.781999999999954 0 3623 1595 4321 5 4257 5135 5390; 1 4980 3348 3449 677 1335 2411 3634 6109 5785 4985 4436 5234 3782 593 2382 2730 2333 1315 775 586 6097 639 4446 2806 1009 4036 3939 97 1628 5082; 
76.6480000000001 0 12.919999999999963 1 63.72800000000002 0 3623 1595 4321 5 4257 5135 5390; 1 4980 3348 3449 677 1335 2411 3634 6109 5785 4985 4436 5234 3782 593 2382 2730 2333 1315 775 586 6097 639 4446 2806 1009 4036 3939 97 1628 5082 5306; 
78.85200000000016 0 13.167999999999974 1 65.68400000000004 0 3623 1595 4321 5 4257 5135 5390; 1 4980 3348 3449 677 4493 2411 3634 6109 5785 4985 4436 5234 3782 593 2382 2730 2333 1315 775 586 6097 639 4446 5635 1009 4036 3939 97 1628 5082 4279 813; 
79.11800000000007 0 12.98799999999995 1 66.13000000000004 0 5135 1595 4257 5 3623 5390 4321; 1 5635 4985 2333 4493 4279 4036 6097 586 5082 2730 4436 639 3782 813 4980 5234 2382 3348 3939 5785 1628 775 6109 3634 4446 2411 1009 97 593 677 1315 3449 2196; 
