4.349999999999967 0 0.32000000000000023 1 4.029999999999973 0 1 1335; 
8.131999999999962 0 0.6540000000000005 1 7.477999999999965 0 1 1335 5234; 
10.289999999999953 0 1.0060000000000007 1 9.283999999999962 0 1 1335 5234 3449; 
13.02999999999998 0 1.294000000000001 1 11.73599999999996 0 1 3449 1335 5234 5785; 
15.409999999999972 0 2.4439999999999897 1 12.965999999999973 0 3623; 1 1009 1335 5234 5785; 
17.01199999999996 0 2.6159999999999863 1 14.39599999999997 0 3623; 1 5785 5234 1009 1335 2411; 
20.887999999999984 0 2.9379999999999837 1 17.949999999999957 0 3623; 1 5785 5234 1009 1335 2411 4980; 
23.02599999999999 0 4.3539999999999734 1 18.671999999999983 0 3623 5135; 1 5785 5234 1009 1335 2411 4980; 
25.472 0 4.439999999999976 1 21.03199999999999 0 3623 5135; 1 5785 5234 1009 1335 2411 4980 4436; 
27.473999999999982 0 4.607999999999973 1 22.865999999999946 0 3623 5135; 1 5785 5234 1009 1335 2411 4980 4436 4812; 
30.421999999999944 0 4.745999999999973 1 25.675999999999977 0 3623 5135; 1 5234 4812 2411 5785 1335 4436 1009 4980 4446; 
32.11199999999999 0 3.8179999999999756 1 28.293999999999958 0 5135; 1 5234 4812 2333 2411 5785 1335 4436 1009 4980 4446 1048; 
34.21199999999999 0 3.9999999999999725 1 30.211999999999975 0 5135; 1 5234 4812 2333 2411 5785 1335 4436 1009 4980 4446 1048 3634; 
36.18600000000004 0 3.9899999999999762 1 32.19599999999997 0 335; 1 5234 4812 2333 2411 5785 1335 4436 1009 4980 4446 3634 1048 5679; 
38.981999999999964 0 4.437999999999974 1 34.543999999999976 0 5135; 1 5234 4812 2333 2411 5785 1335 4436 1009 4980 4446 3634 1048 5679 4985; 
40.67800000000003 0 4.445999999999974 1 36.231999999999985 0 5135; 1 5234 4812 2333 2411 5785 1335 4436 1009 4980 4446 5679 1048 3634 4985 5082; 
42.26600000000003 0 5.495999999999969 1 36.769999999999996 0 3623 5135; 1 5234 4812 2411 3051 1335 4436 1009 4980 4446 5679 1048 3634 4985 5082 1315; 
43.986000000000026 0 5.71999999999997 1 38.26600000000005 0 3623 5135; 1 5234 4812 2411 3051 1335 4436 1009 4980 4446 5679 1048 3634 4985 5082 1315 5107; 
46.60399999999998 0 6.015999999999967 1 40.58800000000001 0 3623 5135; 1 5234 4812 2411 3051 1335 4436 1009 4980 4446 5679 1048 3634 4985 6109 1315 5107 677; 
48.526 0 5.099999999999967 1 43.42600000000002 0 5135; 1 5234 4812 2333 2411 3051 1335 4436 1009 4980 4446 5679 1048 3634 4985 6109 1315 5107 677 3782; 
50.27000000000001 0 6.089999999999968 1 44.180000000000014 0 5135 1595; 1 5234 4812 2333 2411 3051 1335 4436 1009 4980 4446 5679 1048 3634 4985 6109 3782 1315 677 5107; 
51.99400000000002 0 7.325999999999965 1 44.66800000000001 0 5135 1595 4854; 1 5234 4812 2333 2411 3051 1335 4436 1009 4980 4446 5679 1048 3634 4985 6109 3782 1315 677 5107; 
54.06599999999992 0 7.547999999999967 1 46.51799999999998 0 5135 1595 4854; 1 5234 4812 2333 2411 3051 1335 4436 1009 4980 4446 5679 1048 3634 4985 6109 3782 1315 677 5107 593; 
53.97399999999996 0 9.261999999999968 1 44.71200000000002 0 5135 5 1595 4854 5703; 1 5234 4812 2333 2411 3051 1335 4436 1009 4446 5679 1048 2113 2806 6109 3782 1315 677 5107 593; 
56.39399999999994 0 9.349999999999975 1 47.044000000000054 0 5135 5 1595 4854 5703; 1 5234 4812 2333 2411 3051 1335 4436 1009 4446 5679 1048 2113 2806 6109 3782 1315 677 5107 593 205; 
58.19599999999996 0 10.581999999999953 1 47.614000000000004 0 5135 5 1595 5703 4854 3838; 1 5234 4812 2333 2411 3051 1335 4436 1009 4446 5679 1048 2113 2806 6109 593 677 205 3782 5107 1315; 
59.301999999999936 0 10.571999999999967 1 48.73000000000004 0 5135 5 1595 5703 4854 3838; 1 5234 4812 2333 2411 3051 1335 4436 1009 4446 5679 1048 2113 4985 6109 593 677 205 3782 5107 1315 5370; 
61.91799999999997 0 9.64399999999997 1 52.27399999999998 0 5135 1595 5703 4854 3838; 1 5234 4812 2333 2411 3051 1335 4436 1009 4980 4446 5679 1048 2113 4985 6109 593 677 205 3782 5107 1315 5370 2196; 
64.68599999999998 0 9.989999999999968 1 54.69599999999996 0 5135 1595 5703 4854 3838; 1 5234 4812 2333 2411 3051 1335 4436 1009 4980 4446 5679 1048 2113 4985 6109 593 677 205 3782 5107 1315 5370 5338 97; 
64.27400000000003 0 9.971999999999971 1 54.30199999999992 0 5135 1595 5703 4854 3838; 1 5234 4812 2333 2411 3051 1335 4436 3449 4980 4446 5679 1048 953 4985 6109 593 677 586 3782 5107 1315 5370 5338 97 1009; 
66.34 0 10.133999999999967 1 56.20599999999998 0 5135 5703 4854 1595 3838; 1 5234 4812 2333 2411 3051 1335 4436 3449 4980 4446 5679 1048 953 4985 6109 5338 3782 677 586 593 97 5370 1009 1315 5107 507; 
68.14800000000005 0 10.099999999999977 1 58.04799999999996 0 5135 5703 4854 1595 3838; 1 5234 4812 2333 2411 3051 1335 4436 3449 4980 4446 5679 1048 953 4985 6109 5338 3782 677 586 593 97 5370 1009 1315 5107 507 2382; 
69.44200000000008 0 10.105999999999982 1 59.33600000000001 0 5135 1074 4854 1595 3838; 1 5234 4812 2333 2411 3051 1335 4436 3449 4980 4446 5679 1048 953 5721 6109 5338 3782 677 586 593 97 5370 1009 1315 5107 507 2382 2806; 
70.83600000000008 0 10.201999999999968 1 60.63399999999998 0 5135 1074 4854 1595 3838; 1 5234 4812 2333 2411 3051 1335 4436 3449 4980 4446 5679 1048 953 5721 6109 5338 3782 677 586 593 97 5370 1009 1315 5107 507 5351 2382 3259; 
72.57200000000007 0 10.439999999999971 1 62.13200000000004 0 5135 5703 4854 1595 3838; 1 5234 4812 2333 2411 3051 1335 4436 3449 4980 4446 5679 1048 953 4985 6109 5338 3782 677 586 593 97 5370 1009 1315 5107 507 5351 2382 3259 1897; 
74.98600000000002 0 10.593999999999967 1 64.39200000000004 0 5135 5703 4854 1595 3838; 1 5234 4812 2333 2411 3051 1335 4436 3449 4980 4446 5679 1048 953 4985 6109 5338 3782 677 586 593 97 5370 1009 1315 5107 507 5351 2382 3259 1897 6097; 
75.2080000000001 0 10.499999999999972 1 64.70800000000004 0 5135 3838 4854 1595 5703; 1 1048 5679 2333 586 1335 953 5351 6109 5234 5107 507 4980 1897 4812 6097 2382 3449 593 3782 5370 4985 1009 1315 4436 3259 5338 3051 97 2411 677 4446 4279; 
76.50000000000013 0 10.847999999999963 1 65.65200000000002 0 5135 3838 4854 1595 5703; 1 1048 5679 2333 586 1335 953 5351 6109 5234 5107 507 4980 1897 4812 6097 2382 3449 593 3782 5370 4985 1009 1315 4436 3259 5338 3051 97 2411 677 2993 4279 813; 
78.78400000000013 0 10.839999999999963 1 67.94399999999999 0 5135 3838 4854 1595 5703; 1 1048 5679 2333 586 1335 953 5351 6109 5234 5107 507 4980 1897 4812 6097 2382 3449 593 3782 5370 4985 1009 1315 4436 3259 5338 3051 97 2411 677 2993 5306 813 205; 
80.31200000000011 0 11.881999999999957 1 68.4300000000001 0 5135 3838 4854 1595 5703 339; 1 1048 5679 2333 586 1335 953 5351 6109 5234 5107 507 4980 1897 4812 6097 2382 3449 593 3782 5370 4985 1009 1315 3259 5338 3051 97 2411 677 2993 5306 813 205 1448; 
