3.9439999999999698 0 0.3740000000000003 1 3.569999999999972 0 1 5234; 
8.029999999999967 0 0.7400000000000005 1 7.289999999999973 0 1 5234 1335; 
10.445999999999971 0 1.0020000000000007 1 9.443999999999962 0 1 5234 1335 5785; 
13.219999999999978 0 1.272000000000001 1 11.947999999999952 0 1 5785 1335 5234 2411; 
16.42999999999996 0 1.5760000000000012 1 14.853999999999973 0 1 5785 1335 5234 2411 1315; 
19.607999999999954 0 1.7020000000000013 1 17.905999999999967 0 1 2411 5234 1335 5785 1315 6109; 
21.205999999999964 0 2.022000000000001 1 19.183999999999976 0 1 2411 5234 1335 5785 1315 6109 4980; 
24.275999999999993 0 3.447999999999977 1 20.82799999999996 0 3623; 1 2411 5234 1335 5785 1315 6109 4980; 
26.927999999999983 0 2.4799999999999924 1 24.447999999999972 0 1 2411 5234 1335 5785 1315 6109 4980 2333 5338; 
28.08399999999996 0 2.4099999999999926 1 25.673999999999978 0 1 2411 5234 1335 5785 1315 6109 2333 5338 4980 1009; 
30.479999999999954 0 2.659999999999989 1 27.81999999999999 0 1 2411 5234 1335 5785 1315 6109 2333 5338 4980 1009 3634; 
33.27199999999996 0 2.9479999999999857 1 30.323999999999945 0 1 2411 5234 1335 5785 1315 6109 1009 4980 5338 2333 3634 4985; 
35.507999999999974 0 3.2819999999999805 1 32.22599999999996 0 1 2411 5234 1335 5785 1315 6109 1009 4980 5338 2333 3634 4985 4436; 
36.845999999999954 0 4.085999999999977 1 32.760000000000005 0 5135; 1 2411 5234 1335 1520 1315 6109 1009 4980 5338 2333 3634 4985 4436; 
38.347999999999956 0 4.333999999999972 1 34.01399999999999 0 5135; 1 2411 5234 1335 1520 1315 6109 1009 4980 5338 2333 3634 4985 4436 775; 
40.333999999999996 0 4.33599999999997 1 35.99799999999999 0 5135; 1 2411 5234 1335 1520 1315 6109 1009 4980 5338 2333 3634 4985 4436 775 5679; 
42.157999999999994 0 4.541999999999973 1 37.616 0 5135; 1 2411 5234 1335 1520 1315 6109 1009 4980 5338 2848 3634 4985 775 5679 4436 1628; 
44.24199999999999 0 4.665999999999973 1 39.57599999999999 0 5135; 1 2411 5234 1335 1520 1315 6109 1009 4980 5338 2848 3634 4985 775 5679 4436 1628 593; 
45.81599999999998 0 5.867999999999971 1 39.948 0 5135 4854; 1 2411 5234 1335 1520 1315 6109 1009 4980 5338 2848 3634 4985 775 5679 4436 1628 593; 
47.90599999999997 0 7.029999999999963 1 40.87600000000005 0 5135 4854 4171; 1 4980 2848 5679 1009 4436 4985 2411 6109 775 593 1628 1315 1520 3634 1335 5338 5234; 
49.23800000000002 0 7.953999999999958 1 41.28399999999998 0 5135 4854 5 4171; 1 4980 2848 5679 1009 4436 4985 2411 6109 775 593 1628 1315 1520 3634 1335 5234 3782; 
51.37199999999997 0 8.229999999999965 1 43.14200000000002 0 5135 4854 5 4171; 1 4980 2848 5679 1009 4436 4985 2411 6109 775 593 1628 1315 1520 3634 1335 5234 3782 4812; 
52.99199999999997 0 9.34799999999997 1 43.64400000000003 0 5135 4854 5 4171 1595; 1 4980 2848 5679 1009 4436 4985 2411 6109 775 593 1628 1315 1520 3634 1335 5234 3782 4812; 
55.04999999999996 0 9.59599999999997 1 45.454000000000036 0 5135 4854 5 4171 1595; 1 4980 2848 5679 1009 4436 4985 2411 638 775 593 1628 1315 3051 3634 1335 5234 3782 4812 1048; 
56.25599999999998 0 9.667999999999973 1 46.587999999999994 0 5135 4854 1595 4171 5; 1 3782 593 5679 1009 4436 4985 4812 775 1628 1315 3051 3634 1048 5234 4980 1335 638 2411 2848 3364; 
57.201999999999984 0 10.533999999999963 1 46.667999999999935 0 5135 4854 1595 4171 5 335; 1 3782 593 5679 1009 4436 3854 4812 775 1628 1315 3051 2113 1048 5234 4980 1335 638 2411 2848 3364; 
59.14399999999998 0 10.371999999999955 1 48.77199999999995 0 5135 4854 1595 4171 5 335; 1 3782 593 5679 1009 4436 3854 4812 775 1628 1315 3051 2113 1048 5234 4980 1335 638 2411 2848 3364 5107; 
60.494 0 10.341999999999974 1 50.15200000000001 0 5135 4854 1595 4171 5 335; 1 3782 593 5679 1009 4436 3854 4812 775 1628 1315 3051 2113 1048 5234 4980 1335 638 2411 2848 3364 5107 6097; 
62.325999999999915 0 10.529999999999964 1 51.795999999999914 0 5135 4854 1595 4171 5 335; 1 3782 593 5679 1009 4436 3854 4812 775 1628 1315 3051 2113 1048 5234 4980 1335 638 2411 2848 3364 5107 6097 3010; 
64.42199999999994 0 10.75199999999996 1 53.66999999999994 0 5135 4854 1595 4171 5 335; 1 3782 593 5679 1009 4436 4209 4812 775 1628 1315 3051 2113 1048 5234 4980 1335 638 2411 2333 3364 5107 6097 3010 2659; 
65.59200000000001 0 11.747999999999962 1 53.843999999999966 0 5135 4854 1595 4321 4171 5 335; 1 3782 593 5679 3449 4436 4209 775 1628 1315 3051 2113 1048 5234 4980 1335 638 2411 2333 3364 3010 6097 2659 5107 1009; 
66.34600000000002 0 11.727999999999959 1 54.617999999999924 0 5135 4854 1595 4321 4171 5 335; 1 3782 593 5679 3449 4436 4209 775 5615 1315 3051 2113 1048 5234 4980 1335 638 2411 2333 3364 3010 6097 2659 5107 1009 3374; 
68.4160000000001 0 11.835999999999943 1 56.57999999999998 0 5135 4854 1595 4321 4171 5 335; 1 3782 593 5679 3449 4436 4209 775 5615 1315 3051 2113 1048 5234 4980 1335 638 2411 2333 3364 3010 6097 2659 5107 1009 3374 1448; 
71.12800000000013 0 11.881999999999968 1 59.24599999999999 0 5135 4854 1595 4321 4171 5 335; 1 3782 593 5679 3449 4436 4209 775 5615 1315 3051 2113 2216 5234 4980 1335 638 2411 2333 3364 3010 6097 2659 5107 1009 3374 1448 4036; 
71.85200000000007 0 11.949999999999966 1 59.901999999999944 0 5135 4854 1595 4321 4171 5 335; 1 3782 593 5679 3449 4436 4209 775 5615 1315 3051 2113 2216 5234 4980 1335 638 2411 2333 3364 4036 5107 6097 1448 1009 3374 3010 2659 639; 
73.848 0 13.207999999999954 1 60.63999999999996 0 5135 4854 1595 4321 4171 5 335 5463; 1 3782 593 5679 3449 4436 4209 775 5615 1315 3051 2113 2216 5234 4980 1335 638 2411 2333 3364 4036 5107 6097 1448 1009 3374 3010 2659 639; 
75.11200000000012 0 13.295999999999953 1 61.815999999999974 0 5135 4854 1595 4321 4171 5 335 5463; 1 3782 593 5679 3449 4436 4209 775 5615 1315 3051 2113 2730 5234 4980 1335 6109 2411 2333 3364 4036 5107 6097 1448 1009 3374 3010 2659 639 638; 
77.4900000000002 0 12.539999999999965 1 64.94999999999999 0 5135 4854 1595 4171 5 5463 335; 1 3782 593 5679 3449 4436 4209 4812 775 5615 1315 3051 2113 2730 5234 4980 1335 6109 2411 2333 3364 638 3374 1448 1009 5107 3010 2659 4036 6097 639 817; 
78.93600000000008 0 12.483999999999957 1 66.45200000000008 0 5135 4854 1595 4171 5 5463 335; 1 3782 593 5679 3449 4436 4209 4812 775 5615 1315 3051 2113 2730 5234 4980 1335 6109 2411 2333 3364 638 3374 1448 1009 5107 3010 2659 4036 6097 639 817 586; 
80.46600000000014 0 12.675999999999961 1 67.79000000000003 0 5135 4854 1595 4171 5 5463 335; 1 3782 593 5679 3449 4436 4209 4812 775 5615 1315 3051 2113 2730 5234 4980 1335 6109 2411 2333 3364 677 3374 1448 1009 5107 3010 2659 4036 6097 639 817 586 638; 
