4.329999999999971 0 0.3840000000000003 1 3.9459999999999664 0 1 1335; 
7.619999999999961 0 0.6220000000000004 1 6.997999999999965 0 1 1335 5351; 
11.323999999999979 0 1.0120000000000007 1 10.31199999999997 0 1 1335 5351 5234; 
13.763999999999966 0 1.2260000000000009 1 12.53799999999996 0 1 1335 5234 5351 3634; 
17.01199999999997 0 1.484000000000001 1 15.527999999999976 0 1 1335 5234 5351 3634 677; 
19.111999999999956 0 1.6200000000000012 1 17.491999999999965 0 1 5234 5351 3634 1335 677 3854; 
22.355999999999963 0 1.8920000000000015 1 20.46399999999997 0 1 5234 5351 3634 1335 677 3854 6109; 
24.321999999999946 0 2.062 1 22.25999999999999 0 1 5234 5351 3634 1335 677 3854 6109 1448; 
27.08799999999997 0 2.253999999999996 1 24.83399999999997 0 1 5234 5351 3634 1335 677 3854 6109 1448 5107; 
28.33399999999999 0 2.4639999999999924 1 25.86999999999997 0 1 5234 5351 3634 1335 677 3854 6109 775 5107 4980; 
31.883999999999954 0 2.769999999999988 1 29.113999999999955 0 1 5234 5351 3634 1335 677 3854 6109 775 5107 4980 1315; 
33.79399999999997 0 2.7459999999999893 1 31.04799999999996 0 1 5234 5351 3634 1335 677 3854 775 5107 4980 1315 6109 1324; 
35.83000000000002 0 2.9379999999999855 1 32.89199999999995 0 1 5234 5351 3634 1335 677 3854 775 5107 4980 1315 6109 1324 1237; 
37.881999999999984 0 3.117999999999982 1 34.76399999999993 0 1 5234 5351 3634 1335 677 3854 775 72 4980 1315 6109 1324 1237 4436; 
39.846000000000004 0 3.075999999999986 1 36.77000000000003 0 1 5234 5351 3634 1335 677 3854 775 5107 4980 1315 6109 1324 1237 4436 695; 
41.775999999999954 0 4.035999999999975 1 37.74000000000004 0 335; 1 5234 5351 3634 1335 677 3854 1448 5107 4980 1315 6109 1324 1237 4436 775; 
44.21399999999997 0 4.313999999999971 1 39.90000000000006 0 335; 1 5234 5351 3634 1335 677 3854 4436 6109 775 5107 1448 1315 4980 1237 1324 97; 
45.44599999999999 0 4.477999999999973 1 40.96800000000002 0 335; 1 5234 5351 3634 1335 677 3854 4436 6109 4446 5107 1448 1315 4980 1237 1324 97 593; 
48.053999999999974 0 4.835999999999968 1 43.21800000000001 0 335; 1 593 4446 3634 1315 6109 3374 5234 1448 5351 5107 677 1335 4980 1237 1324 4436 3854 5338; 
48.64000000000006 0 4.5659999999999705 1 44.07400000000001 0 335; 1 593 4446 3634 1315 6109 3374 5234 1448 5351 5107 638 1335 4980 1237 1324 4436 3854 2628 4209; 
50.26800000000003 0 4.669999999999976 1 45.59800000000008 0 335; 1 593 4446 3634 1315 6109 3374 5234 1448 5351 5107 638 1335 4980 1237 1324 4436 3854 5338 4209 2628; 
52.16199999999997 0 4.835999999999968 1 47.326 0 335; 1 593 4446 3634 1315 6109 3374 5234 1448 5351 5107 638 1335 4980 1237 1324 4436 3854 5338 4209 2628 2908; 
53.45999999999994 0 4.785999999999972 1 48.67399999999991 0 335; 1 593 4446 3634 1315 6109 3374 5234 1448 5351 5107 638 1335 4980 1237 1324 4436 3854 5338 4209 2628 2908 3364; 
56.69200000000001 0 5.031999999999966 1 51.65999999999999 0 335; 1 593 4446 3634 1315 6109 3374 5234 1448 5351 5107 638 1335 4980 737 1324 4436 3854 5338 2908 4209 3364 2628 1237; 
57.709999999999994 0 5.157999999999966 1 52.55199999999999 0 335; 1 593 4446 3634 1315 6109 3374 5234 1448 5351 5107 638 1335 4980 737 1324 4436 3854 4775 2908 4209 3364 2628 1237 4812; 
59.541999999999895 0 5.31599999999997 1 54.225999999999935 0 335; 1 593 4446 3634 1315 6109 3374 5234 1448 5351 5107 638 1335 4980 737 1324 4436 3854 4775 2908 4209 3364 2628 1237 4812 3924; 
61.18799999999995 0 5.441999999999969 1 55.745999999999896 0 335; 1 593 2411 3634 1315 6109 3374 5234 1448 5351 5107 638 1335 4980 737 1324 4436 3854 4775 2908 4209 3364 2628 1237 4812 3924 5370; 
62.72800000000001 0 5.445999999999968 1 57.28200000000002 0 335; 1 593 2411 3634 1315 6109 3374 5234 1448 5351 5107 638 1335 4980 737 1324 4436 3854 4775 2908 4209 3364 2628 1237 3924 5370 4812 4446; 
64.25000000000003 0 5.55599999999997 1 58.693999999999974 0 335; 1 593 2411 3634 1315 6109 3374 5234 1448 5351 5107 638 1335 4980 737 1324 4436 3854 4775 2908 4209 3364 2628 1237 3924 5370 4812 4446 1007; 
66.07599999999996 0 5.757999999999963 1 60.31799999999992 0 335; 1 593 2411 3634 1315 6109 3374 5234 1448 5351 5107 638 1335 4980 737 1324 4436 3854 4775 2908 4209 3364 2628 1237 1007 4812 4446 3924 5370 1267; 
67.73400000000004 0 5.77199999999997 1 61.96199999999993 0 335; 1 593 2411 3634 1315 6109 3374 5234 1448 5351 5107 638 1335 4980 737 1324 4436 3854 4775 2908 4209 3364 2628 1237 1007 4812 4446 3924 5370 1267 434; 
69.0600000000001 0 4.951999999999968 1 64.10800000000002 0 1 593 4676 3634 1315 6109 3374 5234 1448 5351 695 5107 638 1335 4980 737 1324 4436 3854 4775 2908 4209 3364 2628 1237 1007 4812 1849 3924 5370 1267 434 5615; 
70.72600000000001 0 6.2519999999999705 1 64.47399999999999 0 335; 1 593 2411 3634 1315 6109 3374 5234 1448 5351 5107 638 1335 4980 737 1324 4436 3854 4775 2908 4209 3364 2628 1237 1007 4812 1849 3924 5370 1267 434 5615 695; 
73.40600000000018 0 6.231999999999964 1 67.17399999999999 0 335; 1 593 2411 3634 1315 6109 3374 5234 1448 5351 5107 638 1335 4980 737 1324 4436 3854 5338 2908 4209 3364 2628 1237 1007 4812 1849 3924 5370 1267 434 5615 3825 1628; 
74.58400000000007 0 6.439999999999966 1 68.14400000000002 0 335; 1 593 2411 3634 1315 6109 3374 5234 1448 5351 5107 638 1335 4980 737 1324 4436 3854 5338 2908 4209 3364 2628 1237 1007 4812 1849 3924 5370 1267 434 5615 3825 1628 1048; 
76.55400000000013 0 6.691999999999961 1 69.8620000000001 0 335; 1 5338 1007 3634 1315 6109 3374 5615 1448 5351 434 638 1335 4980 1628 1324 4436 2411 1849 4209 593 1267 2628 3854 4812 2908 737 5107 5370 3364 5234 1048 3825 3924 1237 3449; 
77.05600000000008 0 6.587999999999963 1 70.46800000000003 0 335; 1 5338 1007 3634 1315 6109 3374 822 1448 5351 434 638 1335 4980 1628 1324 4436 2411 1849 4209 593 1267 2628 3854 4812 2908 737 5107 5370 3364 5234 1048 3825 3924 1237 3449 4992; 
78.64000000000007 0 6.63999999999997 1 72.00000000000011 0 335; 1 5338 1007 3634 1315 6109 3374 822 1448 5351 434 638 1335 4980 1628 1324 4436 2411 1849 4209 593 1267 2628 3854 4812 2908 737 5107 5370 3364 5234 1048 3825 3924 1237 3449 4992 3010; 
79.70800000000015 0 5.76399999999997 1 73.94400000000005 0 1 4775 1007 3634 1315 6109 3374 822 1448 5351 4985 434 638 1335 4980 1628 1324 4436 2411 1849 4209 593 1267 2628 3854 4812 2908 737 5107 5370 3364 5234 1048 5730 3924 1237 3449 4992 3010 1897; 
81.6160000000001 0 6.123999999999968 1 75.49200000000016 0 1 4775 1007 3634 1315 6109 3374 822 1448 5351 4985 434 638 1335 4980 1628 1324 4436 2411 1849 4209 593 1267 2628 3854 4812 2908 737 5107 5370 3364 5234 4036 5730 3924 1237 3449 4992 3010 1897 2216; 
