4.427999999999969 0 0.3740000000000002 1 4.053999999999974 0 1 1335; 
7.479999999999969 0 0.5980000000000004 1 6.881999999999963 0 1 1335 5351; 
11.599999999999962 0 1.0400000000000007 1 10.55999999999996 0 1 1335 5351 5234; 
13.92799999999997 0 1.258000000000001 1 12.669999999999963 0 1 1335 5351 5234 3634; 
17.057999999999943 0 1.436000000000001 1 15.621999999999963 0 1 5234 1335 3634 5351 677; 
18.75599999999996 0 1.6320000000000012 1 17.123999999999953 0 1 5234 1335 3634 5351 677 3449; 
22.073999999999995 0 1.9500000000000015 1 20.12399999999998 0 1 5234 1335 3634 5351 677 3449 6109; 
24.04799999999997 0 2.006000000000001 1 22.04199999999998 0 1 5234 1335 3634 5351 677 3449 6109 737; 
27.005999999999947 0 2.191999999999998 1 24.813999999999968 0 1 5234 1335 3634 5351 677 3449 6109 737 4980; 
29.56799999999997 0 2.56199999999999 1 27.005999999999986 0 1 5234 1335 3634 5351 677 3449 6109 4980 737 1315; 
32.29199999999999 0 2.7959999999999883 1 29.49599999999999 0 1 5234 1335 3634 5351 677 3449 6109 4980 737 1315 5107; 
33.66199999999998 0 2.6739999999999884 1 30.98800000000001 0 1 677 5234 3634 1315 6109 5107 737 3449 5351 4980 1335 2908; 
35.96999999999996 0 2.991999999999983 1 32.97799999999996 0 1 677 5234 3634 1315 6109 5107 737 3449 5351 4980 1335 2908 5338; 
37.257999999999996 0 2.867999999999986 1 34.38999999999997 0 1 677 5234 3634 1315 6109 5107 737 2628 5351 4980 1335 2908 5338 775; 
39.50600000000002 0 3.1319999999999855 1 36.37399999999996 0 1 677 5234 3634 1315 6109 5107 737 2628 5351 4980 1335 2908 5338 775 4812; 
42.982 0 3.7879999999999776 1 39.194 0 1 677 5234 3634 1315 6109 5107 1237 2628 5351 4980 1335 2908 5338 1448 4812 5615; 
43.708000000000006 0 3.4919999999999805 1 40.216 0 1 677 5234 3634 1315 6109 5107 1237 2628 5351 4980 1335 2908 1448 5338 5615 4812 1324; 
45.423999999999985 0 3.7319999999999776 1 41.692 0 1 677 5234 3634 1315 6109 5107 1237 2628 5351 4980 1335 2908 775 5338 5615 4812 1324 4985; 
47.88 0 3.7579999999999787 1 44.12200000000002 0 1 677 5234 3634 1315 6109 5107 1237 2628 5351 4980 1335 2908 775 4775 5615 4812 1324 4985 3374; 
49.76799999999999 0 3.9359999999999746 1 45.83199999999997 0 1 677 5234 3634 1315 6109 5107 1237 2628 5351 4980 1335 2908 1448 4775 5615 4812 1324 4985 3374 2411; 
52.024 0 4.261999999999973 1 47.761999999999986 0 1 677 5234 3634 1315 6109 5107 1237 2628 5351 4980 1335 2908 1448 4775 5615 4812 1324 4985 2411 3374 3854; 
53.23800000000002 0 4.221999999999972 1 49.016000000000055 0 1 677 5234 3634 1315 6109 5107 1237 2628 5351 4980 1335 2908 1448 4775 5615 4812 1324 4985 2411 3374 3854 2164; 
55.50999999999999 0 4.553999999999972 1 50.95599999999997 0 1 677 5234 3634 1315 6109 5107 1237 2628 5351 4980 1335 2908 1448 4775 5615 4812 1324 4985 2411 3374 3854 2164 4446; 
56.60599999999994 0 4.273999999999979 1 52.33199999999993 0 1 677 5234 3634 1315 6109 5107 1237 2628 5351 4980 1335 2908 1448 4775 5615 4812 1324 4985 2411 3374 3854 4446 2164 2730; 
58.28799999999996 0 4.319999999999971 1 53.96799999999995 0 1 677 5234 3634 1315 6109 5107 737 2628 5351 4980 1335 2908 1448 4775 5615 4812 1324 4985 2411 3374 3854 4446 2164 2730 1237; 
59.80799999999997 0 4.405999999999973 1 55.40199999999999 0 1 677 5234 3634 1315 6109 5107 737 2628 5351 4980 1335 2908 1448 4775 5615 4812 1324 4985 2411 3374 3854 4446 2164 2730 1237 1291; 
61.15999999999996 0 4.679999999999969 1 56.479999999999905 0 1 677 5234 3634 1315 6109 5107 737 2628 5351 4980 1335 2908 1448 4775 5615 4812 1324 4985 2411 3374 3854 4446 2164 2730 1237 1291 3924; 
63.05799999999998 0 4.7059999999999755 1 58.35199999999997 0 1 677 5234 3634 1315 6109 5107 737 2628 5351 4980 1335 2908 1448 4775 5615 4812 1324 4985 2411 3374 3854 4446 2164 2730 1237 1291 3924 3364; 
64.72000000000004 0 4.911999999999971 1 59.80799999999999 0 1 677 5234 3634 1315 6109 5107 737 2628 5351 4980 1335 2908 1448 4775 5615 4812 1324 4985 2411 3374 3854 2730 3924 3364 1237 1291 4446 2164 434; 
65.50400000000009 0 4.833999999999976 1 60.66999999999991 0 1 677 5234 3634 1315 6109 5107 737 2628 5351 4980 1335 2908 1448 4775 5615 4812 1324 4985 2411 3374 3854 2730 3924 3364 1237 1291 4446 2164 434 5370; 
67.892 0 5.113999999999974 1 62.778 0 1 677 5234 3634 1315 6109 5107 737 2628 5351 4980 1335 2908 1448 4775 5615 4812 1324 4985 2411 3374 3854 2730 3924 3364 1237 1291 4446 2164 434 5370 1267; 
69.2000000000001 0 5.195999999999972 1 64.00400000000002 0 1 5234 4812 3634 1315 6109 3374 822 1448 5351 4985 434 677 1335 4980 4446 1324 1267 2411 5370 2164 3924 4775 1291 3854 1237 2628 737 5107 2730 3364 2908 5834; 
70.69400000000005 0 6.0419999999999705 1 64.652 0 335; 1 5234 4812 3634 1315 6109 3374 5615 1448 5351 434 677 1335 4980 4446 1324 1267 2411 5370 2164 3924 4775 1291 3854 1237 2628 737 2435 2730 3364 2908 5834 2855; 
71.72 0 5.845999999999975 1 65.87400000000005 0 335; 1 5234 4812 3634 1315 6109 3374 5615 1448 5351 434 677 1335 4980 4446 1324 1267 2411 5370 2164 3924 4775 1291 3854 1237 2628 737 2435 2730 3364 2908 5834 2855 1007; 
73.25200000000004 0 6.135999999999973 1 67.11600000000003 0 5345; 1 5234 4812 3634 1315 6109 3374 5615 5351 72 434 677 1335 4980 4446 1324 1267 2411 5370 2164 3924 4775 1291 3854 1237 2628 737 5679 2730 3364 2908 5834 2855 1007 593; 
74.73600000000015 0 6.503999999999958 1 68.23200000000001 0 5345; 1 5234 4812 3634 1315 6109 3374 1561 5351 72 434 677 1335 4980 4446 1324 1267 2411 5370 2164 3924 4775 1291 3854 1237 2628 737 5679 2730 3364 2908 5834 2855 1007 593 5082; 
75.01800000000016 0 7.049999999999969 1 67.96800000000017 0 5345 3067; 1 5234 4812 3634 1315 6109 3374 1561 5351 72 434 677 1335 4980 4446 1324 1267 2411 5370 2164 3924 4775 1291 3854 1237 2628 737 5679 2730 3364 2908 5834 2855 1007 593 5082; 
77.14000000000007 0 7.261999999999967 1 69.8780000000001 0 5345 3067; 1 5234 4812 3634 1315 6109 3374 1561 5351 72 434 677 1335 4980 4446 1324 1267 2411 5370 2164 3924 4775 1291 3854 1237 2628 737 5679 2730 3364 2908 5834 2855 1007 593 5082 3010; 
79.34800000000011 0 7.743999999999958 1 71.60400000000013 0 5345 3067; 1 5234 4812 3634 1315 6109 3374 5615 5351 72 434 677 1335 4980 4446 1324 1267 2411 5370 2164 3924 5338 1291 3854 1237 2628 737 5679 2730 3364 2908 5834 2855 1007 593 5082 3010 3782; 
80.59999999999998 0 6.8539999999999655 1 73.74600000000004 0 3067; 1 5234 4812 3634 1315 6109 3374 5615 1448 5351 72 434 677 1335 4980 4446 1324 1267 2411 5370 2164 3924 5338 1291 3854 1237 3449 737 5107 2730 3364 2908 5834 2855 1007 593 5082 3010 3782 2628; 
