4.3859999999999735 0 0.39800000000000024 1 3.9879999999999747 0 1 1335; 
7.551999999999964 0 0.6000000000000004 1 6.9519999999999635 0 1 1335 5351; 
11.01999999999997 0 0.9480000000000007 1 10.071999999999967 0 1 1335 5351 5234; 
13.289999999999967 0 1.1300000000000008 1 12.159999999999963 0 1 5351 5234 1335 6109; 
17.015999999999966 0 1.5360000000000011 1 15.479999999999952 0 1 5351 5234 1335 6109 3634; 
19.695999999999966 0 1.7720000000000014 1 17.923999999999953 0 1 5234 1335 3634 5351 6109 677; 
22.819999999999965 0 1.9460000000000015 1 20.873999999999977 0 1 5234 1335 3634 5351 6109 677 5107; 
24.121999999999957 0 2.034 1 22.087999999999973 0 1 5234 1335 3634 5351 6109 677 5107 3854; 
27.77799999999997 0 2.2119999999999953 1 25.56599999999996 0 1 5234 1335 3634 5351 6109 677 5107 3854 97; 
29.915999999999958 0 2.6179999999999914 1 27.297999999999984 0 1 5234 1335 3634 5351 6109 677 5107 97 3854 1315; 
32.11399999999995 0 2.581999999999989 1 29.531999999999996 0 1 5234 1335 3634 5351 6109 677 5107 97 3854 1315 5615; 
33.541999999999966 0 2.6539999999999897 1 30.887999999999927 0 1 677 5234 3634 1315 6109 3374 5615 3854 5351 5107 1335 1237; 
35.594000000000015 0 2.815999999999989 1 32.777999999999984 0 1 677 5234 3634 1315 6109 3374 5615 3854 5351 5107 1335 1237 5338; 
37.584 0 3.013999999999981 1 34.57 0 1 677 5234 3634 1315 6109 3374 5615 3854 5351 5107 1335 1237 3782 2628; 
39.75199999999998 0 3.2079999999999815 1 36.54399999999998 0 1 677 5234 3634 1315 6109 3374 5615 3854 5351 5107 1335 1237 3782 2628 4980; 
41.42200000000002 0 3.491999999999979 1 37.93000000000004 0 1 677 5234 3634 1315 6109 3374 5615 3854 5351 5107 1335 1237 3782 2628 4980 2411; 
43.967999999999954 0 3.667999999999978 1 40.300000000000026 0 1 677 5234 3634 1315 6109 3374 5615 3854 5351 5107 1335 1237 2411 2628 3782 4980 4985; 
45.89399999999989 0 3.7899999999999787 1 42.10399999999999 0 1 677 5234 3634 1315 6109 3374 5615 3854 5351 5107 1335 1237 2411 4812 3782 4980 4985 2628; 
48.313999999999965 0 3.9659999999999758 1 44.34799999999998 0 1 677 5234 3634 1315 6109 3374 5615 3854 5351 5107 1335 1237 2411 4812 3782 4980 4985 2628 1324; 
50.008000000000024 0 4.231999999999972 1 45.77599999999998 0 1 677 5234 3634 1315 6109 3374 5615 3854 5351 5107 1335 1237 2411 4812 3782 4980 4985 2628 1324 434; 
52.64799999999998 0 4.415999999999974 1 48.23200000000002 0 1 677 5234 3634 1315 6109 3374 5615 3854 5351 5107 1335 1237 2411 4812 3782 4980 4985 434 2628 1324 1448; 
54.08400000000001 0 4.371999999999973 1 49.71199999999999 0 1 677 5234 3634 1315 6109 3374 5615 3854 5351 5107 1335 1237 4446 4812 3782 4980 4985 434 2628 1324 1448 3259; 
55.91599999999995 0 4.3899999999999695 1 51.5259999999999 0 1 677 5234 3634 1315 6109 3374 5615 3854 5351 5107 1335 737 4985 2628 3782 1324 4812 4446 4980 1448 434 3259 1237; 
57.48799999999997 0 5.377999999999973 1 52.10999999999998 0 3838; 1 677 5234 3634 1315 6109 3374 5615 3854 5351 5107 1335 737 4985 2628 5338 1324 4812 4446 4980 1448 434 1237 4209; 
59.23399999999996 0 5.573999999999969 1 53.65999999999999 0 3838; 1 677 5234 3634 1315 6109 3374 5615 3854 5351 5107 1335 737 4985 2628 5338 1324 4812 2411 4980 1448 434 1237 4209 5370; 
61.059999999999945 0 5.73799999999997 1 55.3219999999999 0 3838; 1 677 5234 3634 1315 6109 3374 5615 3854 5351 5107 1335 737 4985 2628 5338 1324 4812 2411 4980 1448 434 1237 4209 5370 1291; 
62.123999999999974 0 5.7379999999999765 1 56.385999999999974 0 3838; 1 737 5370 3634 1315 6109 3374 5615 1448 5351 4985 434 677 5234 4980 5338 1324 1291 2411 1237 4209 1335 5107 3854 4812 2628 3364; 
63.40600000000004 0 5.759999999999971 1 57.64599999999996 0 3838; 1 737 5370 3634 1315 6109 3374 5615 5834 5351 4985 434 677 5234 4980 5338 1324 1291 2411 1237 4209 1335 5107 3854 4812 2628 3364 695; 
65.02799999999999 0 5.823999999999973 1 59.20399999999997 0 3838; 1 737 5370 3634 1315 6109 3374 5615 1448 5351 4985 434 638 5234 4980 5338 1324 1291 2411 1237 4209 1335 5107 3854 4812 2628 3364 695 4436; 
66.85000000000007 0 6.021999999999971 1 60.82799999999996 0 3838; 1 737 5370 3634 1315 6109 3374 5615 1448 5351 4985 434 638 5234 4980 5338 1324 1291 2411 1237 4209 1335 5107 3854 4812 2628 3364 695 4436 4446; 
68.00200000000002 0 6.003999999999972 1 61.99800000000005 0 3838; 1 737 5370 3634 1315 6109 3374 5615 1448 5351 4985 434 638 5234 4980 5338 1324 1291 2411 1237 4209 1335 5107 3854 4812 2628 3364 695 4436 4446 1267; 
69.93200000000004 0 5.961999999999969 1 63.97 0 3838; 1 737 5370 3634 1315 6109 3374 5615 1448 5351 4985 434 638 5234 4980 5338 1324 1291 2411 1237 4209 1335 5107 3854 4812 3449 3364 695 4436 4446 1267 2628; 
70.56000000000012 0 6.185999999999972 1 64.37399999999997 0 3838; 1 737 5370 3634 1315 6109 3374 5615 1448 5351 4985 434 638 5234 4980 5338 1324 1291 2411 1237 4209 1335 5107 3854 4812 3449 3364 695 4436 4446 2628 1267 5000; 
73.14200000000015 0 6.335999999999968 1 66.80599999999997 0 3838; 1 737 5370 3634 1315 6109 3374 5615 1448 5351 4985 434 638 5234 4980 5338 1324 1291 2411 1237 4209 1335 5107 3854 4812 3449 3364 695 4436 4446 2628 1267 5000 3924; 
74.48200000000011 0 7.405999999999966 1 67.07600000000001 0 3838 4171; 1 737 569 3634 1315 6109 3374 5615 1448 5351 4985 434 638 5234 4980 5338 1324 1291 2411 1237 4209 1335 5107 3854 4812 3449 3364 695 4436 3924 1267 2628 4446 5000; 
76.09200000000017 0 7.443999999999969 1 68.64800000000004 0 3838 4171; 1 737 569 3634 1315 6109 3374 822 1448 5351 4985 434 638 5234 4980 4775 1324 4992 2411 1237 4209 1335 5107 3854 4812 3449 3364 695 4436 3924 1267 2628 4446 5000 1628; 
76.20200000000015 0 8.457999999999961 1 67.74400000000003 0 3838 2990 4171; 1 737 569 3634 1315 6109 3374 822 1448 5351 4985 434 638 5234 4980 4775 1324 4992 2411 1237 4209 1335 5107 3854 4812 3449 3364 2628 1267 4446 695 5000 3924 4436 2908; 
77.40200000000006 0 8.511999999999968 1 68.89000000000014 0 3838 2990 4171; 1 737 569 3634 1315 6109 3374 822 1448 5351 4985 434 638 5234 4980 4775 1324 4992 2411 1237 4209 1335 5107 3949 4812 3449 3364 2628 1267 4446 695 5000 3924 4436 2908 4727; 
78.78200000000008 0 8.44999999999996 1 70.33200000000004 0 3838 2990 4171; 1 737 5370 3634 1315 6109 3374 822 1448 5351 4985 434 638 5234 4980 4775 1324 1291 2411 1237 4209 1335 5107 3949 4812 3449 3364 2628 1267 4446 695 5000 3924 4436 2908 4727 593; 
81.64800000000012 0 8.783999999999965 1 72.86400000000009 0 3838 2990 4171; 1 737 5370 3634 1315 6109 3374 822 1448 5351 4985 434 638 5234 4980 4775 1324 1291 2411 1237 4209 1335 5107 3949 4812 3449 3364 2628 1267 4446 695 5000 3924 4436 2908 4727 593 5834; 
