4.287999999999976 0 0.3720000000000003 1 3.9159999999999777 0 1 1335; 
8.025999999999964 0 0.7680000000000006 1 7.25799999999997 0 1 1335 5234; 
11.285999999999973 0 1.0000000000000007 1 10.285999999999975 0 1 1335 5234 5351; 
13.833999999999964 0 1.2040000000000008 1 12.629999999999963 0 1 1335 5234 5351 3634; 
16.94799999999996 0 1.440000000000001 1 15.507999999999965 0 1 1335 5234 5351 3634 677; 
20.029999999999976 0 1.7300000000000013 1 18.299999999999965 0 1 5351 1335 3634 677 5234 3854; 
22.143999999999966 0 1.8320000000000014 1 20.31199999999997 0 1 5351 1335 3634 677 5234 3854 1315; 
25.345999999999954 0 2.2879999999999963 1 23.057999999999968 0 1 5351 1335 3634 677 5234 3854 1315 5615; 
26.981999999999953 0 2.207999999999997 1 24.773999999999983 0 1 5351 1335 3634 677 2628 3854 1315 5615 1448; 
29.313999999999986 0 2.2039999999999966 1 27.10999999999999 0 1 5351 1267 3634 677 5234 3854 5615 1448 1315 4436; 
30.371999999999957 0 2.2939999999999956 1 28.07799999999997 0 1 5351 1267 3634 677 5234 3854 5615 1448 1315 4436 3374; 
32.283999999999956 0 2.5099999999999922 1 29.773999999999976 0 1 5351 1267 3634 677 5234 3854 5615 593 1315 4436 3374 5107; 
35.12200000000003 0 2.6119999999999877 1 32.509999999999955 0 1 5351 1267 3634 677 5234 3854 5615 1448 1315 4436 3374 5107 2411; 
37.965999999999966 0 3.039999999999981 1 34.92599999999995 0 1 5351 1267 3634 677 5234 3854 1448 5615 3374 5107 2411 1315 4436 4980; 
39.56400000000003 0 3.1739999999999826 1 36.39000000000001 0 1 5351 1267 3634 677 5234 3854 1448 5615 3374 5107 2411 1315 4436 4980 4209; 
41.958000000000084 0 3.1219999999999826 1 38.836000000000034 0 1 5351 1335 3634 677 5234 3854 1448 5615 3374 5107 2411 1315 4436 4980 4209 1324; 
44.648 0 3.4919999999999782 1 41.156000000000006 0 1 5351 1335 3634 677 5234 3854 1448 5615 3374 5107 2411 1315 4436 4980 1324 4209 1237; 
46.35800000000005 0 3.481999999999982 1 42.87599999999996 0 1 5351 1335 3634 677 5234 3854 1448 5615 3374 5721 2411 1315 4436 4980 1324 4209 1237 2628; 
47.34799999999995 0 3.5999999999999797 1 43.748000000000026 0 1 5351 1335 3634 677 5234 3854 1448 5615 3374 5721 2411 1315 4436 4980 1324 4209 737 2628 1267; 
49.53199999999998 0 3.6979999999999755 1 45.83400000000001 0 1 5351 1335 3634 677 5234 3854 1448 5615 3374 5721 2411 1315 4436 4980 1324 4209 737 5338 1267 2628; 
51.403999999999975 0 4.0679999999999765 1 47.336 0 1 5351 1335 3634 677 5234 3854 1448 5615 3374 5721 2411 1315 4436 4980 737 2628 5338 1324 1267 4209 6109; 
53.65999999999996 0 4.125999999999975 1 49.533999999999985 0 1 5351 1335 3634 677 5234 3854 1448 5615 3374 5721 2411 1315 4436 4980 737 2628 5338 1324 1267 4209 6109 3364; 
54.603999999999935 0 4.095999999999973 1 50.508 0 1 3854 5234 3634 1315 6109 3374 5615 1448 5351 1267 1335 677 5338 4980 3364 1324 4436 2411 5721 4209 737 4812 2628; 
56.51399999999994 0 4.373999999999971 1 52.13999999999995 0 1 3854 5234 3825 1315 6109 3374 5615 1448 5351 1267 1335 677 5338 4980 3364 1324 4436 2411 5721 4209 737 4812 2628 5370; 
58.02199999999999 0 4.257999999999978 1 53.76399999999998 0 1 3854 5234 3825 1315 6109 3374 5615 1448 5351 1267 1335 677 5338 4980 3364 1324 4436 2411 5721 4209 737 4812 2628 5370 1237; 
59.583999999999975 0 4.263999999999972 1 55.31999999999997 0 1 3854 5234 3825 1315 6109 3374 5615 1448 5351 1267 1335 677 5338 4980 3364 1324 4436 2411 5721 4209 737 4812 2628 5370 1237 1138; 
60.877999999999965 0 4.4259999999999735 1 56.45199999999996 0 1 3854 5234 3825 1315 6109 3374 5615 1448 5351 1267 1335 677 5338 4980 3364 1324 4436 2411 5721 4209 737 4812 2628 5370 1237 1138 4801; 
63.27000000000002 0 4.587999999999969 1 58.681999999999945 0 1 3854 5234 3634 1315 6109 3374 5615 1448 5351 1267 1335 677 5338 4980 3364 1324 4436 2411 5107 4209 737 4812 2628 5370 1237 1138 4801 72; 
64.97000000000008 0 4.755999999999973 1 60.21399999999999 0 1 3854 5234 3634 1315 6109 3374 5615 1448 5351 1267 1335 677 5338 4980 3364 1324 4436 2411 5107 4209 737 4812 2628 5370 1237 1138 4801 72 3010; 
66.42999999999999 0 4.917999999999974 1 61.511999999999986 0 1 3854 5234 3634 1315 6109 3374 5615 1448 5351 1267 1335 677 5338 4980 3364 1324 4436 2411 5107 4209 737 4812 3449 1237 1138 72 5370 3010 4801 2628; 
68.0720000000001 0 6.003999999999969 1 62.067999999999884 0 2053; 1 3854 5234 3634 1315 6109 3374 5615 1448 5351 1267 1335 677 5338 4980 3364 1324 4436 2411 5107 4209 737 4812 3449 1237 1138 72 5370 3010 4801 2628; 
69.16200000000009 0 5.865999999999966 1 63.295999999999985 0 2053; 1 3854 5234 3634 1315 6109 3374 5615 1448 5351 1267 1335 677 5338 4980 3364 1324 4436 2411 5107 4209 737 4812 3449 1237 1138 72 5370 3010 4801 2628 434; 
70.40400000000004 0 6.145999999999969 1 64.25800000000004 0 2053; 1 3854 5234 3634 1315 6109 3374 5615 1448 5351 1267 1335 677 5338 4980 3364 1324 4436 2411 5107 4209 737 4812 3449 1237 1138 72 5370 3010 4801 2628 434 593; 
73.1440000000001 0 6.5099999999999705 1 66.634 0 2053; 1 3854 5234 3634 1315 6109 3374 5615 1448 5351 1267 1335 677 5338 4980 3364 1324 4436 2411 5107 4209 737 4812 3449 1237 1007 72 5370 3010 4801 2628 434 593 3924; 
74.20800000000006 0 6.435999999999961 1 67.77200000000003 0 3838; 1 3854 5234 3634 1315 6109 3374 5615 1448 5351 1267 1335 677 4775 4980 3364 1324 4436 2411 5107 4209 737 4812 3449 1237 1007 72 5370 3010 4801 2628 4945 434 593 3924; 
75.62800000000007 0 5.525999999999968 1 70.10200000000006 0 1 3854 5234 3634 1315 6109 3374 5615 1448 5351 1267 1335 677 5338 4980 3364 1324 4436 2411 5107 4209 737 4812 3449 1237 1007 72 5370 3010 4801 2628 4945 434 3259 593 3924 3782; 
78.03200000000008 0 5.641999999999977 1 72.39000000000014 0 1 3854 5234 3634 1315 6109 97 5615 1448 5351 1267 1335 677 5338 4980 3364 1324 4436 2411 5107 4209 737 4812 3449 1237 1007 72 5370 3010 4801 2628 4945 434 3259 593 3924 3782 2317; 
79.40400000000011 0 5.91799999999997 1 73.4860000000001 0 1 3854 5234 3634 1315 6109 97 5615 1448 5351 1267 1335 677 5338 4980 3364 1324 4436 2411 5107 4209 737 4812 3449 1237 1007 4985 5370 3010 4801 2628 4945 434 3259 593 3924 3782 2317 1897; 
81.0540000000001 0 6.0339999999999705 1 75.02000000000012 0 1 3854 5234 3634 1315 6109 97 5615 1448 5351 1267 1335 677 5338 4980 3364 1324 4436 2411 5107 4209 737 4812 3449 1237 1007 4985 5370 3010 4801 205 4945 434 3259 593 3924 3782 2317 1897 5879; 
82.15200000000007 0 6.273999999999975 1 75.87800000000014 0 1 3854 5234 3634 1315 6109 97 5615 1448 5351 1267 1335 677 5338 4980 3364 1324 4436 2411 5107 4209 737 4812 3449 1237 1007 4985 5370 3010 4801 205 4945 434 3259 593 3924 3782 2317 1897 5879 5635; 
