2.381999999999987 0 1.342000000000001 1 1.0400000000000007 0 5135;
1 ;
4.8559999999999715 0 2.6339999999999915 1 2.2219999999999978 0 5135 3623;
1 ;
8.611999999999965 0 2.997999999999987 1 5.613999999999966 0 5135 3623;
1 5234;
11.873999999999969 0 3.3059999999999845 1 8.56799999999997 0 5135 3623;
1 5234 3634;
14.805999999999969 0 3.509999999999982 1 11.295999999999959 0 5135 3623;
1 5234 3634 5679;
16.525999999999964 0 4.627999999999975 1 11.897999999999977 0 5135 3623 1595;
1 5234 3634 5679;
18.49999999999995 0 4.847999999999971 1 13.65199999999996 0 5135 3623 1595;
1 5234 3634 5679 4812;
22.163999999999987 0 5.089999999999976 1 17.073999999999955 0 5135 3623 1595;
1 5234 5679 3634 4812 677;
24.637999999999987 0 5.255999999999974 1 19.38199999999999 0 5135 3623 1595;
1 5234 5679 3634 4812 677 4980;
27.27399999999995 0 5.511999999999972 1 21.761999999999972 0 5135 3623 1595;
1 5234 5679 3634 4812 677 4980 3259;
29.405999999999953 0 5.519999999999972 1 23.885999999999974 0 3623 5135 1595;
1 4980 3259 4812 5679 5234 3634 677 97;
32.219999999999956 0 5.801999999999967 1 26.41799999999997 0 3623 5135 1595;
1 4980 3259 2628 5679 5234 3634 677 97 1335;
34.64000000000001 0 6.08999999999997 1 28.54999999999998 0 3623 5135 1595;
1 4980 3259 2628 5679 5234 3634 677 97 1335 2411;
36.534000000000006 0 6.303999999999966 1 30.229999999999976 0 3623 5135 1595;
1 4980 3259 2628 5679 5234 3634 677 97 1335 2411 1315;
39.29000000000002 0 6.4759999999999645 1 32.813999999999986 0 3623 5135 1595;
1 4980 3259 2628 5679 5234 3634 677 97 1335 2411 1315 4985;
42.26399999999999 0 6.625999999999967 1 35.63799999999998 0 3623 5135 1595;
1 4980 3259 3449 5679 5234 3634 677 97 1335 2411 1315 4985 586;
42.10399999999998 0 6.589999999999974 1 35.514 0 3623 5135 1595;
1 4980 3259 3449 5679 5234 3634 677 97 4985 586 2411 1335 1315 3782;
44.777999999999956 0 6.875999999999965 1 37.902 0 3623 5135 1595;
1 4980 3259 3449 5679 5234 3634 677 97 4985 586 2411 1335 1315 3782 593;
46.714 0 7.147999999999971 1 39.566 0 3623 5135 1595;
1 4980 3259 4812 5679 5234 3634 677 97 4985 586 2411 1335 1315 3782 593 3449;
48.582 0 7.289999999999968 1 41.292000000000044 0 3623 5135 1595;
1 4980 3259 4812 5679 5234 3634 677 97 4985 586 2411 1335 1315 3782 593 3449 2659;
50.450000000000024 0 7.31199999999997 1 43.138 0 3623 5135 1595;
1 4980 3259 4812 5679 5234 3634 677 97 4985 586 2411 1335 1315 3782 593 3449 2659 1048;
51.52800000000001 0 7.56199999999996 1 43.96600000000001 0 5135 1595 3623;
1 3782 1048 593 4985 5679 3449 3634 677 4980 586 2659 1335 5234 4812 3259 1315 2411 97 3348;
53.681999999999896 0 7.6619999999999715 1 46.019999999999975 0 5135 1595 3623;
1 3782 1048 593 4985 5679 3449 3634 677 4980 586 2659 1335 5234 4812 3259 1315 2411 97 3348 1628;
54.71399999999998 0 7.7699999999999685 1 46.943999999999996 0 5135 1595 3623;
1 3782 4036 593 4985 5679 3449 3634 677 4980 586 2659 1335 5234 4812 3259 1315 2411 97 3348 1628 2730;
56.515999999999984 0 7.923999999999969 1 48.59199999999999 0 5135 1595 3623;
1 3782 4036 593 4985 5679 3449 3634 677 4980 586 2659 1335 5234 4812 3259 1315 2411 97 3348 1628 2730 6109;
60.19199999999992 0 8.057999999999963 1 52.13399999999997 0 5135 1595 3623;
1 3782 4036 593 4985 5679 3449 3634 677 4980 586 2659 1335 5234 4812 3259 1315 2411 97 3348 1628 2730 6109 5615;
61.13799999999997 0 8.091999999999967 1 53.04599999999996 0 5135 1595 3623;
1 3782 4036 593 4985 5679 3449 3634 677 4980 586 2659 1335 5234 4812 3259 1315 2411 97 3348 1628 2730 6109 5615 5082;
62.056000000000004 0 10.119999999999973 1 51.935999999999915 0 5135 1595 3623 335 4854;
1 3782 4036 593 4985 5679 3449 3634 677 4980 586 2659 1335 5234 4812 3259 1315 2411 97 1628 2730 6109 5615 5082;
64.022 0 10.193999999999967 1 53.82799999999996 0 5135 1595 3623 335 4854;
1 3782 4036 593 4985 5679 3449 3634 677 4980 586 2659 1335 5234 4812 3259 1315 2411 97 2730 5615 1628 5082 6109 3051;
65.64000000000011 0 10.34399999999997 1 55.29599999999996 0 5135 1595 3623 335 4854;
1 3782 4036 593 4985 5679 3449 3634 677 4980 586 2659 1335 5234 4812 3259 1315 2411 97 2730 5615 1628 5082 6109 3051 3030;
66.686 0 10.511999999999967 1 56.17399999999991 0 5135 1595 3623 335 4854;
1 3782 4036 593 4985 5679 3449 3634 677 4980 586 2659 1324 5234 4812 3259 1315 2411 97 2730 5615 1628 5082 6109 3051 3030 813;
67.90200000000003 0 11.475999999999969 1 56.425999999999945 0 5135 1595 3623 4321 335 4854;
1 3782 4036 593 4985 5679 2628 3634 677 4980 586 2659 1324 5234 3259 1315 2411 97 2730 5615 1628 5082 6109 3051 3030 813 5338;
70.01200000000011 0 11.647999999999959 1 58.36400000000001 0 5135 1595 3623 4321 335 4854;
1 3782 4036 593 4985 5679 2628 2113 677 4980 586 2659 1324 5234 3259 1315 2411 97 5615 5082 1628 3030 6109 2730 5338 813 3051 3939;
70.50800000000012 0 11.433999999999957 1 59.07399999999998 0 5135 1595 3623 4321 335 4854;
1 3782 4036 593 4985 5679 2628 2113 677 4980 586 2659 1324 5234 3259 1315 2411 97 5615 5082 1628 3030 6109 2730 5338 813 3051 3939 605;
72.31400000000005 0 12.44199999999996 1 59.871999999999964 0 5135 1595 3623 4321 335 4854 1228;
1 3782 4036 593 4985 5679 2628 2113 677 4980 586 2659 1324 5234 3259 1315 2411 97 5615 5082 1628 3030 6109 2730 5338 813 3051 3939 605;
73.42800000000005 0 12.825999999999954 1 60.601999999999975 0 5135 1595 3623 4321 335 4854 1228;
1 3782 4739 593 4985 5679 2628 2113 677 4980 586 2659 1324 5234 3259 1315 2411 97 5615 5082 1628 3030 6109 2730 5338 813 3051 3939 605 4036;
75.57400000000003 0 13.66199999999996 1 61.91199999999997 0 5135 1595 3623 4321 335 4854 16 1228;
1 3782 1048 593 4985 5679 2628 2113 677 4980 586 5351 1324 5234 3259 1315 2411 97 5615 5082 1628 3030 6109 2730 5338 813 3939 1520 4036 2659;
76.70600000000009 0 13.81199999999996 1 62.893999999999984 0 5135 1595 3623 4321 335 4854 16 1228;
1 3782 1048 593 4985 5679 2628 2113 677 4980 586 5351 1324 5234 3259 1315 2411 97 5615 5082 1628 3030 6109 2730 5338 813 3939 1520 4036 2659 3830;
77.90800000000004 0 15.641999999999971 1 62.26599999999996 0 5135 1595 3623 4321 335 4854 4257 16 1228 339;
1 3782 1048 593 4985 5679 2628 2113 677 4980 586 4209 1324 5234 3259 1315 2411 97 5615 5082 1628 3030 6109 2730 813 3939 4036 2659 3830 1520;
79.5720000000001 0 14.707999999999954 1 64.86400000000003 0 5135 1595 3623 335 4854 4257 16 1228 339;
1 3782 1048 593 4985 5679 3449 2113 677 4980 586 4209 1324 5234 4812 3259 1315 2411 97 5615 5082 1628 3030 6109 2730 813 3939 4036 2659 3830 1520 2628;
