2.455999999999987 0 0.2620000000000002 1 2.1939999999999955 0 ;
1 3348;
4.9799999999999764 0 0.4900000000000004 1 4.489999999999977 0 ;
1 3348 1048;
8.387999999999968 0 0.8700000000000007 1 7.517999999999975 0 ;
1 3348 1048 1315;
10.961999999999957 0 2.229999999999994 1 8.73199999999996 0 3623;
1 3348 1048 1315;
12.953999999999969 0 3.4899999999999824 1 9.463999999999972 0 3623 4854;
1 3348 1315 1048;
15.845999999999956 0 3.7219999999999813 1 12.12399999999997 0 3623 4854;
1 3348 1315 1048 3449;
18.001999999999978 0 5.027999999999974 1 12.973999999999952 0 4854 3623 1595;
1 1315 3449 1048 3348;
19.70999999999996 0 4.9779999999999776 1 14.73199999999996 0 4854 3623 1595;
1 1315 3449 1048 3348 817;
21.161999999999956 0 6.0799999999999645 1 15.081999999999955 0 4854 3623 1595 4257;
1 1315 3449 1048 3348 817;
24.276000000000003 0 7.559999999999965 1 16.71599999999997 0 4854 3623 1595 4257 5135;
1 1315 3449 1048 3348 817;
25.41799999999996 0 8.549999999999976 1 16.867999999999967 0 4854 3623 1595 5135 4257 3838;
1 1315 3449 1048 3348 817;
27.145999999999983 0 8.719999999999969 1 18.42599999999996 0 4854 3623 1595 5135 4257 3838;
1 1315 3449 1048 3348 817 20;
29.90399999999995 0 8.90199999999997 1 21.00199999999996 0 4854 3623 1595 5135 4257 3838;
1 1315 3449 1048 3348 817 20 4980;
31.939999999999976 0 8.151999999999962 1 23.787999999999986 0 4854 1595 5135 4257 3838;
1 1315 3449 1048 3348 5757 817 20 4980 813;
33.63599999999999 0 8.29599999999997 1 25.339999999999975 0 4854 1595 4257 3838 5135;
1 1315 3449 1048 3348 5757 4980 817 813 20 4985;
36.443999999999974 0 8.557999999999979 1 27.886 0 4854 1595 4257 3838 5135;
1 1315 3449 1048 3348 5757 4980 817 813 20 4985 2411;
38.553999999999995 0 8.66599999999997 1 29.887999999999963 0 4854 1595 4257 3838 5135;
1 1315 3449 1048 3348 5757 4980 817 813 20 4985 2411 5785;
40.69 0 8.839999999999968 1 31.84999999999994 0 4854 1595 4257 3838 5135;
1 1315 3449 1048 3348 5757 4980 817 813 20 4985 2411 5785 3634;
42.57200000000002 0 10.075999999999983 1 32.49599999999998 0 4854 1595 4257 3838 5135 4713;
1 1315 3449 1048 3348 5757 4980 817 813 20 4985 2411 5785 3634;
44.611999999999995 0 9.971999999999968 1 34.63999999999998 0 4854 1595 4257 3838 5135 4713;
1 1315 3449 1048 3348 5757 4980 817 813 20 4985 2411 3634 5785 3782;
46.49399999999997 0 10.257999999999962 1 36.236000000000004 0 4854 1595 4257 3838 5135 4713;
1 1315 3449 1048 3348 5757 4980 817 813 20 4985 2411 3634 5785 3782 677;
49.593999999999944 0 10.575999999999965 1 39.017999999999994 0 4854 1595 4257 3838 5135 4713;
1 1315 3449 1048 3348 5757 4980 817 813 20 4985 2411 3634 5785 3782 677 1335;
49.769999999999946 0 11.307999999999963 1 38.46199999999999 0 4854 1595 4257 3838 5135 4713 4012;
1 1315 3449 1048 3348 5757 4980 817 813 20 4985 2411 3634 5785 3782 677 1335;
51.90999999999998 0 12.509999999999962 1 39.39999999999997 0 4854 1595 4257 3838 5135 4713 4012 3307;
1 1315 3449 1048 3348 5757 4980 817 813 20 4985 2411 3634 5785 3782 677 1335;
53.33599999999998 0 13.50199999999995 1 39.83400000000005 0 4854 1595 3838 5135 4713 3307 4012 4257 1228;
1 1315 3449 1048 3348 5757 817 2411 677 813 20 5785 4985 1335 4980 3634 3782;
54.49600000000001 0 13.42599999999996 1 41.070000000000014 0 4854 1595 3838 5135 4713 3307 4012 4257 1228;
1 1315 3449 1048 3348 5757 817 2411 677 813 20 5785 4985 1335 4980 3634 3782 4812;
55.98799999999992 0 14.697999999999963 1 41.289999999999985 0 4854 1595 3838 5135 4713 3307 4012 4257 1228 220;
1 1315 3449 1048 3348 5757 817 2411 677 813 20 5785 4985 1335 4980 3634 3782 4812;
57.919999999999945 0 14.87199999999996 1 43.04800000000005 0 4854 1595 3838 5135 4713 3307 4012 4257 1228 220;
1 1315 3449 1048 3348 5757 817 2411 677 813 20 5785 4985 1335 4980 3634 3782 4812 639;
59.67799999999992 0 14.837999999999964 1 44.840000000000046 0 4854 1595 3838 5135 4713 3307 4012 4257 1228 220;
1 1315 3449 1048 3348 5757 817 2411 677 813 20 5785 4985 1335 4980 3634 3782 4812 639 605;
61.65399999999995 0 14.977999999999959 1 46.67599999999998 0 4854 1595 3838 5135 4713 3307 4012 4257 1228 220;
1 1315 3449 1048 3348 5757 817 2411 677 813 20 5785 4985 1335 4980 3634 3782 4812 639 605 2216;
62.39199999999994 0 15.209999999999976 1 47.18199999999999 0 4854 1595 1228 3838 5135 4713 3307 220 4012 4257;
1 1315 3449 1048 3348 5757 1335 677 813 639 5785 4985 4980 605 2216 4812 817 3782 3634 20 2411 655;
63.091999999999956 0 16.769999999999982 1 46.32200000000004 0 4854 5463 1595 1228 3838 5135 4713 3307 220 4012 4257 1494;
1 1315 1048 3348 5757 1335 677 813 639 5785 4985 4980 605 2216 4812 817 3782 3634 20 2411 655;
64.68400000000004 0 17.961999999999993 1 46.72200000000003 0 4854 5463 1595 1228 3838 5135 4713 3307 220 4012 4257 1494 1074;
1 1315 1048 3348 5757 1335 677 813 639 5785 4985 4980 605 2216 4812 817 3782 3634 20 2411 655;
65.684 0 18.82799999999997 1 46.85599999999996 0 4854 5463 1595 1228 3838 5135 4713 3307 220 4012 4257 1494 1074 1198;
1 1315 1048 3348 5757 1335 677 813 639 5785 4985 4980 605 2216 4812 817 3782 3634 20 2411 2993;
65.93200000000002 0 19.905999999999963 1 46.026 0 4854 5463 1595 1228 3838 5135 4713 3307 220 4012 4257 1494 1074 1198 583;
1 1315 1048 3348 5757 1335 677 813 639 5785 4985 4980 605 2216 4812 817 3782 3634 20 2411 2993;
67.10000000000002 0 20.607999999999986 1 46.49200000000002 0 4854 5463 1595 1228 3838 5135 4713 3307 220 4012 4257 1494 1074 1198 583 339;
1 1315 1048 3348 5757 1335 677 813 639 5785 4985 4980 605 2216 4812 817 3782 3634 20 2411 2993;
68.37600000000006 0 21.741999999999972 1 46.633999999999986 0 4854 5463 1595 1228 3838 5135 4713 3307 220 4012 4391 4257 1494 1074 1198 583 339;
1 1315 1048 3348 5757 1335 677 813 639 5785 4985 4980 605 2216 4812 817 3782 20 2411 2993 3232;
69.81600000000003 0 22.723999999999982 1 47.09200000000001 0 4854 5463 1595 1228 3838 5135 4713 3307 220 4012 4391 4257 1494 1074 1198 583 339 2889;
1 1315 1048 3348 5757 1335 677 813 639 5785 4985 4980 605 2216 4812 817 3782 20 2411 2993 3232;
71.51200000000009 0 22.949999999999957 1 48.56199999999999 0 4854 5463 1595 1228 3838 5135 4713 3307 220 4012 4391 4257 583 2889 339 1494 1198 1074;
1 1315 1048 3348 5757 1335 677 813 639 5785 4985 4980 605 2216 4812 817 3782 20 2411 2993 3232 1897;
72.97600000000018 0 23.05599999999997 1 49.91999999999996 0 4854 5463 1595 1228 3838 5135 4713 3307 220 4012 4391 4257 583 2889 339 1494 1198 1074;
1 1315 1048 3348 5757 1335 677 813 639 5785 4985 4980 605 2216 4812 817 3782 20 2411 2993 3232 1897 6109;
