3.383999999999977 0 0.2640000000000002 1 3.11999999999998 0 ;
1 4980;
6.365999999999968 0 0.6740000000000005 1 5.691999999999974 0 ;
1 4980 1628;
8.737999999999964 0 1.9560000000000015 1 6.781999999999976 0 3623;
1 4980 1628;
11.831999999999962 0 2.331999999999993 1 9.49999999999997 0 3623;
1 4980 1628 4985;
14.901999999999967 0 2.621999999999988 1 12.279999999999974 0 3623;
1 4980 1628 4985 6109;
16.835999999999956 0 2.8019999999999876 1 14.033999999999969 0 3623;
1 4980 1628 4985 6109 3782;
18.923999999999968 0 2.883999999999982 1 16.03999999999996 0 3623;
1 4980 1628 4985 6109 3782 586;
21.315999999999974 0 3.117999999999981 1 18.197999999999976 0 3623;
1 4985 586 3782 4980 1628 6109 3348;
23.445999999999994 0 4.305999999999975 1 19.139999999999972 0 5 3623;
1 4985 586 4980 1628 6109 3348 1048;
26.463999999999995 0 4.761999999999972 1 21.70199999999997 0 5 3623;
1 4985 586 4980 1628 6109 3348 1048 593;
27.637999999999955 0 4.725999999999976 1 22.911999999999978 0 5 3623;
1 4985 586 4980 1628 6109 3348 593 1048 5785;
30.09799999999994 0 6.1299999999999635 1 23.96799999999999 0 5 3623 5135;
1 4985 586 4980 1628 6109 3348 593 1048 5785;
32.07199999999996 0 6.071999999999969 1 25.999999999999975 0 5 3623 5135;
1 4985 586 4980 1628 6109 3348 593 1048 5785 639;
35.09599999999999 0 6.555999999999966 1 28.53999999999995 0 5135 3623 5;
1 586 6109 593 1628 1048 4985 5785 639 4980 3348 5234;
36.95799999999999 0 7.511999999999965 1 29.44599999999997 0 5135 3623 5 4854;
1 586 6109 593 1628 1048 4985 5785 639 4980 3348 5234;
37.23199999999997 0 8.625999999999976 1 28.605999999999955 0 5135 3623 5 1074 4854;
1 586 6109 593 1628 1048 4985 5785 639 4980 5234 3683;
39.65200000000004 0 8.551999999999966 1 31.099999999999973 0 5135 3623 5 1074 4854;
1 586 6109 593 1628 1048 4985 5785 639 4980 5234 3683 605;
42.068000000000076 0 8.775999999999977 1 33.29199999999999 0 5135 3623 5 1074 4854;
1 586 6109 593 1628 1048 4985 5785 639 4980 5234 605 3683 1315;
43.513999999999996 0 9.15799999999998 1 34.355999999999995 0 5135 3623 5 1074 4854;
1 586 6109 593 1628 1048 4985 5785 639 4980 5234 605 3683 1315 5082;
45.22200000000001 0 10.049999999999969 1 35.171999999999954 0 5135 3623 5 1074 5140 4854;
1 586 6109 593 1628 1048 4985 5785 639 4980 605 3683 1315 5082 3259;
47.454 0 10.107999999999974 1 37.345999999999975 0 5135 3623 5 1074 5140 4854;
1 586 6109 593 1628 1048 4985 5785 639 4980 605 3683 1315 5082 3259 3634;
48.041999999999966 0 10.355999999999959 1 37.686000000000035 0 5135 3623 5 1074 5140 4854;
1 586 6109 593 1628 1048 4985 5785 639 4980 605 3683 1315 5082 3259 3634 817;
50.91399999999998 0 9.493999999999971 1 41.42000000000004 0 5135 3623 5 5140 4854;
1 586 6109 593 1628 1048 4985 5785 639 4980 3232 1315 605 3683 817 5082 3634 3259 3939;
52.77999999999998 0 9.623999999999976 1 43.15600000000003 0 5135 3623 5 5140 4854;
1 586 6109 593 1628 1048 4985 5785 639 4980 3232 1315 605 3683 817 5082 3634 3259 3939 2411;
53.579999999999956 0 10.697999999999972 1 42.88200000000001 0 5135 3623 5 5140 4854 3838;
1 586 6109 593 1628 1048 4985 5785 639 4980 3232 1315 605 3683 5757 5082 3634 3259 3939 2411;
55.93999999999998 0 10.767999999999953 1 45.17200000000001 0 5135 3623 5 5140 4854 3838;
1 586 6109 593 1628 1048 4985 5785 639 4980 3232 1315 605 3683 5757 5082 3634 3259 3939 2411 4436;
56.78599999999997 0 11.677999999999951 1 45.108000000000004 0 5135 3623 3067 5 5140 4854 3838;
1 586 6109 593 1628 1048 4985 5785 4980 3232 605 5082 2411 3683 5757 3939 2113 4436 1315 3259 205;
58.763999999999996 0 11.877999999999965 1 46.885999999999996 0 5135 3623 3067 5 5140 4854 3838;
1 586 6109 593 1628 1048 4985 5785 4980 3232 605 5082 2411 3683 5757 3939 2113 4436 1315 3259 205 4812;
60.633999999999986 0 11.905999999999958 1 48.72799999999995 0 5135 3623 3067 5 5140 4854 3838;
1 586 6109 593 1628 1048 4985 5785 4980 3232 605 5082 2411 3683 5757 3939 2113 4436 1315 3259 205 4812 4717;
62.354 0 11.069999999999961 1 51.28399999999999 0 5135 3623 5 5140 4854 3838;
1 586 6109 593 1628 1048 4985 5785 639 4980 3232 605 5082 2411 3683 5757 3939 2113 4436 1315 3259 205 4717 4812 5679;
63.96799999999997 0 12.175999999999963 1 51.79199999999995 0 5135 3623 5 5140 4713 4854 3838;
1 586 6109 593 1628 1048 4985 5785 639 4980 3232 5082 2411 3683 5757 3939 2113 4436 1315 3259 205 4717 4812 5679 677;
65.37800000000001 0 12.249999999999947 1 53.12799999999992 0 5135 3623 5 5140 4713 4854 3838;
1 586 6109 593 1628 1048 4985 5785 639 4980 3232 5082 2411 3683 5757 3939 2113 4436 1315 3259 205 4717 1092 5679 677 3449;
67.74000000000005 0 13.441999999999942 1 54.297999999999945 0 5135 3623 5 5140 4713 4854 3838 3737;
1 586 6109 593 1628 1048 4985 5785 639 4980 3232 5082 2411 3683 5757 3939 2113 4436 1315 3259 205 4717 1092 5679 677 3449;
69.70400000000008 0 13.349999999999941 1 56.354 0 5135 3623 5 5140 3737 4854 3838 4713;
1 586 6109 593 1628 1048 4985 5785 639 4980 3232 205 2411 3683 5757 3939 2113 4436 677 5082 1092 3449 3259 1315 4717 5679 5037;
71.0180000000001 0 13.339999999999952 1 57.677999999999955 0 5135 3623 16 5 5140 4854 3838 4713;
1 586 6109 593 1628 1048 4985 639 4980 3232 205 2787 2411 3683 5757 3939 2113 4436 677 5082 1092 3449 3259 1315 4717 5679 5037 1335;
72.45600000000015 0 13.24199999999996 1 59.21399999999995 0 5135 3623 16 5 5140 4854 3838 4713;
1 586 6109 593 1628 1048 4985 639 4980 3232 205 2787 2411 3683 5757 3939 2113 4436 677 5082 1092 3449 3259 1315 4717 5679 5037 1335 5338;
74.31800000000014 0 13.567999999999955 1 60.749999999999986 0 5135 3623 16 5 5140 4854 3838 4713;
1 586 6109 593 1628 1048 4985 639 4980 3232 205 2787 2411 3683 5757 3939 2113 4436 677 5082 1092 3449 3259 1315 4717 5679 5037 1335 5338 5834;
74.9720000000001 0 15.443999999999944 1 59.528 0 5135 3623 16 5 5140 4854 3838 4713 4171 1494;
1 586 6109 593 1628 1048 4985 639 4980 3232 205 2787 2411 3683 5757 3939 2113 4436 677 5082 1092 3449 3259 1315 4717 5037 1335 5338 5834;
76.50600000000016 0 15.589999999999977 1 60.91599999999992 0 5135 3623 16 5 5140 4854 3838 4713 4171 1494;
1 586 6109 593 1628 1048 4985 639 4980 3232 205 2787 2411 3683 5757 3939 2113 4436 677 5082 1092 3449 3259 1315 4717 5037 1335 5338 5834 656;
78.53400000000015 0 15.711999999999964 1 62.821999999999996 0 5135 3623 16 5 5140 4854 3838 4713 4171 1494;
1 586 6109 593 1628 1048 4985 639 4980 3232 205 2787 2411 3683 5757 3939 2113 4436 677 5082 1092 3449 3259 1315 4717 5037 1335 5338 5834 656 947;
