2.4279999999999906 0 1.320000000000001 1 1.1080000000000008 0 5135; 1 
5.733999999999969 0 1.6020000000000012 1 4.13199999999997 0 5135; 1 4436; 
9.215999999999962 0 1.8040000000000014 1 7.411999999999964 0 5135; 1 4436 1335; 
12.809999999999967 0 2.109999999999999 1 10.69999999999997 0 5135; 1 1335 4436 4980; 
16.153999999999968 0 2.5099999999999905 1 13.643999999999972 0 5135; 1 1335 4436 4980 4812; 
17.855999999999952 0 2.6899999999999857 1 15.165999999999954 0 5135; 1 1335 4436 4980 4812 5785; 
20.273999999999972 0 2.7519999999999865 1 17.521999999999956 0 5135; 1 1335 4436 4980 4812 5785 5679; 
22.40999999999998 0 2.9959999999999813 1 19.41399999999996 0 5135; 1 4812 4436 4980 1335 5785 5679 3449; 
25.279999999999966 0 3.2799999999999825 1 21.999999999999957 0 5135; 1 4812 4436 4980 1335 5785 5679 3449 3634; 
27.08199999999996 0 4.449999999999979 1 22.631999999999966 0 5135 3623; 1 4812 4436 4980 1335 5785 5679 3449 3634; 
30.01999999999999 0 4.7519999999999705 1 25.26799999999998 0 5135 3623; 1 4812 4436 4980 1335 5785 5679 3449 3634 5234; 
31.864 0 4.989999999999974 1 26.873999999999985 0 5135 3623; 1 4812 4436 4980 1335 5785 5679 3449 3634 5234 3259; 
35.40199999999997 0 5.241999999999974 1 30.15999999999997 0 5135 3623; 1 4812 4436 4980 1335 5785 5679 3449 3634 5234 3259 4985; 
36.76800000000001 0 5.32799999999997 1 31.439999999999962 0 5135 3623; 1 4812 4436 4980 1335 5785 5679 3449 3634 5234 3259 4985 97; 
40.03800000000002 0 5.585999999999969 1 34.45199999999998 0 3623 5135; 1 3449 5234 4436 1335 4985 4812 3634 5679 5785 3259 4980 97 1315; 
40.54000000000005 0 6.6559999999999695 1 33.88399999999997 0 3623 5135 3838; 1 3449 5234 4436 1335 4985 4812 3634 5679 5785 2659 4980 97 1315; 
42.73800000000003 0 7.693999999999963 1 35.043999999999976 0 3623 5135 3838 1595; 1 3449 5234 4436 1335 4985 4812 3634 5679 5785 2659 4980 97 1315; 
44.583999999999975 0 7.889999999999966 1 36.694000000000045 0 3623 5135 1595 3838; 1 3449 5234 4436 1237 4985 4812 3634 5679 5785 2659 4980 97 1315 677; 
44.906000000000006 0 7.829999999999964 1 37.07599999999995 0 3623 1595 3838 2121; 1 3449 5234 4436 1237 4985 4812 72 3634 5679 5785 2659 4980 97 1315 677; 
48.446000000000026 0 8.255999999999961 1 40.190000000000026 0 3623 3838 1595 2121; 1 3449 5234 4436 1237 4985 4812 72 3634 5679 5785 2659 4980 97 1315 677 6109; 
49.53199999999999 0 9.235999999999972 1 40.29599999999999 0 339 3623 3838 1595 2121; 1 3449 5234 1237 4985 4812 72 3634 5679 5785 2659 4980 97 1315 677 6109 5834; 
51.075999999999965 0 9.247999999999974 1 41.828000000000024 0 339 3623 3838 1595 2121; 1 3449 5234 1237 4985 4812 72 3634 5679 5785 3259 4980 97 1315 677 6109 5834 2659; 
53.56200000000003 0 10.28399999999996 1 43.27799999999999 0 339 3623 3838 1595 2121 4854; 1 3449 5234 1237 4985 4812 72 3634 5679 5785 3259 4980 97 1315 677 6109 5834 2659; 
54.52999999999995 0 10.50799999999997 1 44.02199999999999 0 339 3623 3838 1595 2121 4854; 1 3449 5234 1237 4985 4812 72 3634 5679 3051 3259 4980 97 1315 677 6109 5834 2659 2411; 
56.042 0 10.535999999999968 1 45.50599999999998 0 339 3623 3838 1595 2121 4854; 1 3449 5234 1237 4985 4812 72 3634 5679 3051 3259 4980 97 1315 677 6109 2411 5834 2659 605; 
57.47000000000001 0 11.549999999999958 1 45.91999999999997 0 339 3623 5135 3838 1595 2121 4854; 1 3449 5234 1237 4985 4812 3634 5679 3051 3259 4980 97 1315 677 6109 2411 5834 2659 605 3348; 
59.62400000000002 0 11.72399999999997 1 47.89999999999998 0 339 3623 5135 1595 2121 4854 3838; 1 3449 5234 1237 4985 4812 3634 5679 3051 3259 4980 97 1315 3348 605 677 5834 2659 2411 6109 5615; 
61.22399999999997 0 11.87199999999995 1 49.351999999999975 0 339 3623 5135 1595 2121 4854 3838; 1 3449 5234 1237 4985 4812 3634 5679 3051 3259 4980 97 1315 3348 605 677 5834 2659 2411 6109 5615 593; 
63.15400000000004 0 11.973999999999975 1 51.179999999999914 0 339 3623 5135 1595 2121 4854 3838; 1 3449 5234 1237 4985 4812 3634 5679 3051 3259 4980 97 1315 3348 605 677 5834 2659 2411 6109 5615 593 1448; 
65.14599999999996 0 11.339999999999955 1 53.80599999999989 0 339 3623 1595 2121 4854 3838; 1 3449 5234 1237 4985 4812 72 3634 5679 3051 3259 4980 97 1315 3348 605 677 5834 2659 2411 6109 5615 593 1448 2628; 
66.72800000000002 0 11.483999999999954 1 55.243999999999915 0 339 3623 1595 2121 4854 3838; 1 3449 5234 1237 4985 4812 72 3634 5679 3051 3259 4980 97 1315 3348 605 677 5834 2659 2411 6109 5615 593 1448 2628 1048; 
68.19800000000001 0 11.641999999999964 1 56.55599999999995 0 339 3623 1595 2121 4854 3838; 1 3449 5234 1237 4985 4812 72 3634 5679 3051 3259 4980 97 1315 3348 605 677 5834 2659 2411 6109 5615 1048 586 593 1448 2628; 
69.60200000000003 0 11.567999999999957 1 58.033999999999935 0 339 3623 1595 2121 4854 3838; 1 3449 5234 1237 4985 4812 72 3634 5679 3051 3259 4980 97 1315 3348 605 677 5834 2659 2411 6109 5615 1048 586 593 1448 2628 1628; 
72.03200000000005 0 11.729999999999961 1 60.30199999999993 0 339 3623 1595 2121 4854 3838; 1 3449 5234 1237 4985 4812 72 3634 5679 3051 3259 4980 97 1315 3348 605 677 5834 2659 2411 6109 5615 1048 586 593 1448 2628 1628 817; 
73.26400000000017 0 11.09199999999997 1 62.17200000000004 0 3623 1595 2121 4854 3838; 1 3449 5234 4436 1237 4985 4812 72 3634 5679 3051 3259 4980 97 1315 3348 605 677 5834 2659 2411 6109 5615 1048 586 593 1448 2628 1628 817 5351; 
74.72400000000007 0 11.029999999999964 1 63.69400000000001 0 3623 1595 2121 4854 3838; 1 3449 5234 4436 1237 4985 4812 72 3634 5679 3051 3259 4980 97 1315 3348 605 677 5834 2659 2411 6109 5615 1048 2993 593 1448 2628 1628 817 5351 3030; 
75.07200000000003 0 11.915999999999958 1 63.155999999999935 0 3623 1595 2121 4854 3838 4257; 1 3449 5234 4436 1237 4985 4812 72 3634 5679 3051 3259 4980 97 1315 3348 605 677 5834 2659 2411 6109 5615 1048 2993 593 1448 2628 1628 5351 3030 817; 
75.87600000000015 0 11.953999999999947 1 63.92199999999998 0 3623 1595 2121 4854 3838 4257; 1 3449 5234 4436 1237 4985 4812 72 3634 5679 3051 3259 4980 97 1315 3348 605 677 5834 2659 2411 6109 5615 1048 2993 593 1448 2628 1628 5351 3030 817 5082; 
78.84000000000009 0 12.94199999999997 1 65.89800000000005 0 3623 1595 2121 4854 3838 4257 1494; 1 3449 5234 4436 1237 4985 4812 72 3634 5679 3051 3259 4980 97 1315 3348 605 677 5834 2659 2411 6109 5615 1048 2993 593 1448 2628 1628 5351 3030 817 5082; 
79.83800000000015 0 12.949999999999951 1 66.88800000000006 0 3623 1595 2121 4854 3838 4257 1494; 1 3449 5234 4436 1237 4985 4812 72 3634 5679 3051 3259 4980 97 1315 3348 605 677 5834 2659 2411 6109 5615 1048 2993 593 1448 2628 1628 5351 3030 817 5082 5338; 
