4.553999999999968 0 0.44000000000000034 1 4.113999999999973 0 1 1335; 
7.391999999999968 0 0.6400000000000005 1 6.751999999999968 0 1 1335 677; 
10.415999999999961 0 0.7820000000000006 1 9.633999999999968 0 1 1335 677 5351; 
13.553999999999974 0 1.1620000000000008 1 12.391999999999975 0 1 1335 677 5351 3634; 
16.947999999999983 0 1.350000000000001 1 15.597999999999965 0 1 1335 677 5351 3634 205; 
19.47799999999996 0 1.7400000000000013 1 17.73799999999996 0 1 1335 677 5351 3634 205 5234; 
21.88999999999997 0 1.8560000000000014 1 20.033999999999953 0 1 1335 677 5234 5351 205 3634 5107; 
25.159999999999968 0 2.1019999999999985 1 23.057999999999964 0 1 1335 677 5234 5351 205 3634 5107 4985; 
27.47799999999996 0 2.2939999999999956 1 25.18399999999998 0 1 1335 677 5234 3854 205 3634 5107 4985 6109; 
29.12599999999997 0 2.4079999999999937 1 26.717999999999982 0 1 1335 677 4985 3634 6109 5107 5234 205 3854 4980; 
31.50999999999996 0 2.5319999999999916 1 28.97799999999999 0 1 1335 677 4985 3634 6109 5107 5234 205 3854 4980 1324; 
34.425999999999966 0 2.7239999999999887 1 31.701999999999956 0 1 1335 677 4985 3634 6109 5107 5234 205 3854 4980 1324 97; 
36.01799999999997 0 2.8999999999999866 1 33.11799999999998 0 1 1335 677 4985 3634 6109 5107 5234 205 3854 4980 1324 97 5879; 
37.162000000000006 0 2.8979999999999873 1 34.26400000000002 0 1 4980 5234 3634 205 6109 5107 1335 97 4081 1324 4985 5879 677 4209; 
39.987999999999964 0 3.107999999999982 1 36.88000000000001 0 1 4980 5234 3634 205 6109 5107 1335 97 4081 1324 4985 5879 677 4209 1628; 
40.41800000000003 0 3.1079999999999837 1 37.30999999999999 0 1 4980 1847 3634 205 6109 5107 1335 3374 4081 1324 4985 5879 677 4209 1628 2730; 
43.786000000000016 0 4.499999999999974 1 39.285999999999966 0 3838; 1 4980 1847 3634 205 6109 5107 1335 3374 5351 1324 4985 5879 677 4209 1628 434; 
45.36800000000002 0 3.6919999999999766 1 41.67600000000002 0 1 4980 1847 3634 205 6109 5107 1335 3374 5351 1324 4985 5879 677 4209 1628 1048 434 4812; 
46.89000000000001 0 3.745999999999981 1 43.144 0 1 4980 1847 3634 205 6109 5107 1335 3374 5351 1324 4985 5879 677 4448 1628 1048 434 4812 3854; 
50.20799999999992 0 4.063999999999976 1 46.14399999999997 0 1 4980 5234 3634 205 6109 5107 1335 3374 5351 1324 4985 5879 677 4448 1628 1048 434 4812 3854 1315; 
51.75599999999996 0 4.0659999999999785 1 47.69 0 1 4448 1048 3634 1315 6109 5107 1335 3374 5351 4812 4985 434 677 4980 1628 5879 1237 205 3854 5234 4446; 
52.6979999999999 0 4.149999999999974 1 48.54799999999999 0 1 4448 1048 3634 1315 6109 5107 1335 3374 5351 4812 4985 434 677 4980 1628 5879 1237 205 3854 5234 5370 775; 
55.33600000000001 0 4.523999999999973 1 50.812 0 1 4448 1048 3634 1315 6109 5107 1335 3374 5351 4812 4985 434 677 4980 1628 5879 1237 205 3854 5234 5370 1448 593; 
56.15199999999998 0 5.679999999999975 1 50.47199999999996 0 2055; 1 4448 1048 3634 1315 6109 5107 1335 3374 5351 4812 4985 434 677 4980 5879 1237 205 3854 5234 5370 1448 593 1424; 
58.502000000000045 0 5.943999999999967 1 52.55800000000001 0 2055; 1 4448 1048 3634 1315 6109 5107 1335 3374 5351 4812 4985 434 677 4980 5879 1237 205 3854 5234 5370 1448 593 1424 5615; 
59.746 0 5.91999999999997 1 53.82599999999994 0 2055; 1 4448 1048 3634 1315 6109 5107 1335 3374 5351 4812 4985 434 677 4980 5879 1237 205 3854 5234 5370 593 1424 5615 1448 3449; 
61.55200000000001 0 5.911999999999974 1 55.63999999999998 0 2055; 1 4448 1048 3634 1315 6109 5107 1335 3374 5351 4812 4985 434 677 4980 5879 1324 205 3854 5234 5370 593 1424 1291 1448 3449 4493; 
62.754000000000005 0 5.973999999999971 1 56.77999999999984 0 2055; 1 4448 1048 3634 1315 6109 5107 1335 3374 5351 4812 4985 434 677 4980 5879 1324 205 3854 5234 5370 593 1424 1291 1448 3449 4493 2196; 
63.904 0 5.897999999999967 1 58.00599999999994 0 2055; 1 4448 1048 3634 1315 6109 5107 1335 3374 5351 4812 4985 434 677 4980 5879 1324 205 3854 5234 5370 593 1424 1291 1448 3449 4519 2196 1237; 
65.40199999999999 0 6.121999999999966 1 59.27999999999999 0 2055; 1 4448 2730 3634 1315 6109 5107 1335 3374 5351 4812 4985 434 677 4980 5879 1324 205 3854 5234 5370 593 1424 1291 1448 3449 4519 2196 1237 5165; 
66.82200000000002 0 6.16799999999997 1 60.653999999999996 0 2055; 1 4448 2730 3634 1315 6109 5107 1335 3374 5351 4812 4985 434 677 4980 5879 1324 205 3854 5234 5370 593 1424 1291 1448 3449 231 2196 1237 5165 737; 
69.55400000000004 0 6.3959999999999635 1 63.15800000000001 0 2055; 1 2730 5879 3634 1315 6109 1448 1335 3374 5351 5165 4985 434 677 4980 5370 1324 1237 593 5234 4448 1424 3854 205 4812 3449 5107 737 2196 1291 231 1849; 
71.06600000000005 0 6.479999999999966 1 64.58599999999993 0 2055; 1 2730 5879 3634 1315 6109 1448 1335 3374 5351 5165 4985 434 677 4980 5370 1324 1237 593 5234 4448 1424 3854 205 4812 3449 5107 737 2196 1291 231 1849 5615; 
72.36600000000008 0 6.493999999999965 1 65.87199999999999 0 2055; 1 2730 5879 3634 1315 6109 1448 1335 3374 5351 5165 4985 434 677 4980 5370 1324 1237 593 5234 4448 1424 3854 205 4812 3449 5107 737 2196 1291 231 1849 5615 5306; 
72.8560000000001 0 7.277999999999969 1 65.57800000000006 0 2053 2055; 1 2730 5879 3634 1315 6109 1448 1335 3374 5351 4985 434 677 4980 5370 1324 1237 593 5234 4448 1424 3854 205 4812 3449 5107 737 2196 1291 231 1849 5306 5615 2216; 
74.88400000000017 0 7.623999999999969 1 67.26000000000006 0 2053 2055; 1 2730 5879 3634 1315 6109 1448 1335 3374 5351 4985 434 677 4980 5370 1324 1237 593 5234 4448 1424 3854 205 4812 3449 5107 737 2196 1291 231 1849 5306 5615 2216 724; 
75.8400000000001 0 7.499999999999965 1 68.34000000000006 0 2053 2055; 1 2730 5879 3634 1315 6109 1448 1335 3374 5351 72 434 638 4980 5370 1324 1237 593 5234 4448 1424 3854 5377 4812 3449 5107 737 2196 1291 231 1849 724 822 5306 2216 4436; 
76.95400000000006 0 7.5219999999999665 1 69.43200000000006 0 2053 2055; 1 2730 5879 3634 1315 6109 1448 1335 3374 5351 72 434 638 4980 5370 1324 1237 593 5234 4448 1424 3854 205 4812 3449 5107 737 1938 1291 231 1849 724 822 5306 2216 4436 3030; 
78.08200000000015 0 7.701999999999964 1 70.38000000000008 0 2053 2055; 1 2730 5879 3634 1315 6109 1448 1335 3374 5351 72 434 638 4980 5370 1324 1237 593 5234 4448 4462 3854 5377 4812 3449 5107 737 1938 1291 231 1849 4436 5306 3030 2216 724 822 586; 
79.8800000000002 0 7.757999999999965 1 72.12200000000013 0 2053 2055; 1 2730 5879 3634 1315 6109 1448 1335 3374 5351 72 434 638 4980 5370 1324 1237 593 5234 4448 4462 3854 205 4812 3449 5107 737 1938 1291 231 1849 4436 5306 3030 2216 724 822 586 947; 
