2.479999999999987 0 1.378000000000001 1 1.1020000000000008 0 3623;
1 ;
5.567999999999971 0 1.6380000000000012 1 3.9299999999999744 0 3623;
1 4980;
7.819999999999965 0 1.8820000000000014 1 5.937999999999974 0 3623;
1 4980 3348;
11.313999999999963 0 2.237999999999995 1 9.075999999999963 0 3623;
1 4980 3348 4985;
13.097999999999978 0 2.3679999999999937 1 10.729999999999972 0 3623;
1 4980 3348 4985 817;
15.797999999999961 0 2.6339999999999884 1 13.163999999999964 0 3623;
1 3348 4980 4985 817 5785;
18.147999999999982 0 2.7099999999999875 1 15.437999999999969 0 3623;
1 3348 4980 4985 817 5785 3782;
19.959999999999965 0 3.105999999999982 1 16.85399999999995 0 3623;
1 3348 4980 4985 817 5785 3782 1048;
22.187999999999967 0 3.2039999999999824 1 18.983999999999963 0 3623;
1 3348 4980 4985 817 5785 3782 1048 639;
24.875999999999973 0 5.523999999999971 1 19.35199999999995 0 3300 3623 4854;
1 3348 4980 4985 5785 3782 1048 639;
26.889999999999972 0 6.653999999999958 1 20.235999999999976 0 3300 3623 4854 5;
1 3348 4980 4985 5785 639 1048 4436;
29.287999999999986 0 6.767999999999967 1 22.52 0 3300 3623 4854 5;
1 3348 4980 4985 5785 639 1048 4436 1628;
32.427999999999955 0 7.251999999999958 1 25.175999999999963 0 3300 3623 4854 5;
1 3348 4980 4985 5785 639 1048 4436 1628 586;
33.68999999999997 0 7.273999999999963 1 26.415999999999954 0 3300 3623 4854 5;
1 3348 4980 4985 5785 639 1048 4436 1628 586 1315;
37.11799999999996 0 8.295999999999964 1 28.821999999999974 0 4854 3300 3623 5 1494;
1 4980 3348 4436 1315 1048 639 1628 4985 5785 677;
39.155999999999985 0 9.513999999999971 1 29.641999999999975 0 4854 3300 3623 5 1494 5135;
1 4980 3348 4436 1315 1048 639 1628 4985 5785 677;
40.15599999999998 0 9.579999999999972 1 30.575999999999976 0 4854 3300 3623 5 1494 5135;
1 4980 3348 4436 1315 1048 639 1628 4985 5785 677 97;
42.60600000000002 0 9.645999999999972 1 32.95999999999998 0 4854 3300 3623 5 1494 5135;
1 4980 3348 4436 1315 1048 639 1628 4985 5785 677 97 593;
45.53800000000003 0 10.057999999999959 1 35.48000000000002 0 4854 3300 3623 5 1494 5135;
1 4980 3348 4436 1315 1048 639 1628 4985 5785 677 97 593 3634;
47.96000000000002 0 10.311999999999966 1 37.64799999999994 0 4854 3300 3623 5 1494 5135;
1 4980 3348 4436 1315 1048 639 1628 4985 5785 677 3634 593 97 5234;
48.553999999999995 0 10.14399999999997 1 38.40999999999997 0 4854 3300 3623 5 1494 5135;
1 4980 3348 4436 1315 4036 639 1628 4985 5785 677 3634 593 97 5234 2411;
50.44599999999999 0 10.219999999999972 1 40.226 0 4854 3300 3623 5 5135 1494;
1 4980 3348 4436 1315 4036 639 1628 4985 586 5785 677 5234 593 2411 97 3634;
52.811999999999905 0 11.491999999999956 1 41.319999999999986 0 4854 3300 3623 5 5135 1494 1550;
1 4980 3348 4436 1315 4036 639 1628 4985 586 5785 677 5234 593 2411 97 3634;
54.09199999999993 0 11.645999999999946 1 42.446000000000055 0 4854 5135 3623 5 1494 1550 3300;
1 677 4985 4436 1315 593 639 2411 586 5785 4980 97 1628 4036 3634 5234 3348 3449;
55.29800000000002 0 12.451999999999948 1 42.846 0 4854 5135 3623 5 1494 1550 3300 3838;
1 677 4985 4436 1315 593 639 2411 586 5785 4980 97 1628 1048 3634 5234 3348 3449;
57.459999999999944 0 12.611999999999957 1 44.848 0 4854 5135 3623 5 1494 1550 3300 3838;
1 677 4985 4436 1315 593 639 2411 586 5785 4980 97 1628 1048 3634 5234 3348 3449 5082;
58.767999999999894 0 12.861999999999956 1 45.906000000000006 0 4854 5135 3623 5 1494 1550 3300 3838;
1 677 4985 4436 1315 593 639 2411 586 5785 4980 97 1628 1048 3634 5234 3348 3449 5082 5338;
61.68799999999998 0 13.123999999999954 1 48.56399999999996 0 4854 5135 3623 5 1494 1550 3300 3838;
1 677 4985 4436 1315 593 639 2411 586 5785 4980 97 1628 1048 3634 5234 3348 3449 5082 5338 6109;
62.46399999999998 0 11.889999999999956 1 50.574 0 4854 5135 3623 5 1494 16 3838;
1 677 4985 4436 1315 593 639 2411 586 4980 3683 97 1628 1048 3634 817 5234 3348 3449 5082 5338 6109 1335;
65.12200000000001 0 12.243999999999952 1 52.877999999999915 0 4854 5135 3623 5 1494 16 3838;
1 677 4985 4436 1315 593 639 2411 586 4980 3683 97 1628 1048 3634 817 5234 3348 3449 5082 5338 6109 1335 1009;
66.1980000000001 0 12.147999999999954 1 54.05000000000005 0 4854 5135 3623 5 1494 16 3838;
1 677 4985 4436 1315 593 639 2411 586 4980 3683 97 1628 1048 3634 817 5234 3348 3449 5082 5338 6109 1335 1009 578;
67.62 0 13.401999999999946 1 54.21799999999999 0 4854 5135 3623 5 1494 16 3300 3838;
1 677 4985 4436 1315 593 639 2411 586 4980 3683 97 1628 1048 3634 5234 3348 3449 5082 5338 6109 1335 1009 578 4812;
69.41600000000007 0 13.355999999999955 1 56.05999999999991 0 4854 5135 3623 5 1494 16 3300 3838;
1 677 4985 4436 1315 593 639 2411 586 4980 3683 97 1628 1048 3634 5234 3348 3449 5082 5338 6109 1335 1009 578 4812 205;
71.49200000000013 0 13.417999999999962 1 58.07400000000002 0 4854 5135 3623 5 1494 16 3300 3838;
1 677 4985 4436 1315 593 639 2411 586 4980 3683 97 1628 1048 3634 5234 3348 3449 5082 5338 6109 1335 1009 578 4812 507 947;
72.43800000000007 0 13.49599999999996 1 58.94199999999996 0 4854 5135 3623 3838 5 1494 3300 16;
1 5338 97 4436 507 639 2411 586 947 4980 3683 3449 5082 1335 3634 5234 1009 677 6109 3348 1048 1628 4812 593 1315 578 4985 5834;
73.6800000000001 0 13.619999999999948 1 60.059999999999924 0 4854 5135 3623 3838 5 1494 3300 16;
1 5338 97 4436 507 639 2411 586 947 4980 3683 3449 5082 1335 3634 5234 1009 677 6109 3348 1048 1628 4812 593 1315 578 4985 5834 2317;
74.85000000000012 0 15.47399999999996 1 59.37599999999997 0 4854 5135 3623 3838 5 1494 3300 16 57 1595;
1 5338 97 4436 507 639 2411 586 947 4980 3683 3449 5082 1335 3634 5234 1009 677 6109 3348 1048 1628 4812 1315 578 4985 5834 2317;
76.7300000000001 0 15.803999999999984 1 60.92599999999997 0 4854 5135 3623 3838 5 1494 3300 16 57 1595;
1 5338 97 4436 507 639 2411 586 947 4980 3683 3449 5082 1335 3634 5234 1009 677 6109 3348 1048 1628 4812 1315 578 4985 5834 2317 5615;
77.87600000000019 0 15.519999999999964 1 62.35599999999994 0 4854 5135 3623 3838 5 1494 3300 16 57 1595;
1 5338 97 4436 507 639 2411 586 947 4980 3683 3449 5082 1335 3634 5234 1009 677 6109 3348 1048 1628 4812 1315 578 4985 5834 2317 5615 5879;
79.61200000000002 0 15.80999999999996 1 63.80199999999996 0 4854 5135 3623 3838 5 1494 3300 16 57 1595;
1 5338 97 4436 507 639 2411 586 947 4980 3683 3449 5082 1335 3634 5234 1009 677 6109 3348 1048 1628 4812 1315 578 4985 5834 2317 5615 5879 2628;
