2.7639999999999847 0 1.414000000000001 1 1.350000000000001 0 3623;
1 ;
4.879999999999975 0 1.6200000000000012 1 3.259999999999976 0 3623;
1 5785;
8.115999999999975 0 1.8860000000000015 1 6.229999999999967 0 3623;
1 5785 4812;
11.543999999999965 0 2.2259999999999933 1 9.317999999999952 0 3623;
1 5785 4812 4436;
13.373999999999956 0 3.5039999999999822 1 9.869999999999964 0 3623 4854;
1 5785 4812 4436;
16.693999999999974 0 3.78799999999998 1 12.90599999999996 0 3623 4854;
1 5785 4812 4436 5234;
18.001999999999953 0 4.891999999999972 1 13.10999999999997 0 3623 4854 5463;
1 5785 4812 4436 5234;
20.38799999999998 0 6.177999999999966 1 14.209999999999976 0 3623 4854 5463 5135;
1 5234 4812 5785 4436;
22.519999999999985 0 6.26399999999996 1 16.25599999999996 0 3623 4854 5463 5135;
1 5234 4812 5785 4436 3348;
23.731999999999985 0 7.235999999999967 1 16.495999999999974 0 3623 4854 5463 5135 1595;
1 5234 4812 5785 4436 3348;
26.817999999999987 0 7.549999999999958 1 19.267999999999947 0 5135 1595 5463 3623 4854;
1 4436 4812 5785 3348 5234 4980;
28.384000000000018 0 8.669999999999968 1 19.714000000000002 0 5135 1595 5463 3623 4854 4257;
1 4436 4812 5785 3348 5234 4980;
29.893999999999977 0 8.871999999999966 1 21.021999999999984 0 5135 1595 5463 3623 4854 4257;
1 4436 4812 5785 3348 5234 4980 3051;
32.40599999999997 0 9.15399999999997 1 23.25199999999999 0 5135 1595 5463 3623 4854 4257;
1 4436 4812 5785 3348 5234 4980 3051 1315;
34.163999999999966 0 9.247999999999971 1 24.915999999999976 0 5135 1595 5463 3623 4854 4257;
1 4436 4812 5785 3348 5234 4980 3051 1315 2216;
37.34199999999999 0 9.471999999999976 1 27.869999999999994 0 5135 1595 5463 3623 4854 4257;
1 4436 4812 5785 3348 5234 4980 3051 1315 2216 593;
38.23600000000001 0 9.415999999999965 1 28.819999999999993 0 5135 1595 5463 3623 4854 4257;
1 4436 4812 5785 3348 5234 4980 1520 1315 2216 593 4209;
40.254000000000026 0 10.671999999999962 1 29.581999999999955 0 5135 1595 5463 3623 4854 4257 1228;
1 4436 4812 5785 3348 5234 4980 3051 1315 593 4209 4036;
42.78400000000002 0 10.81999999999996 1 31.963999999999984 0 5135 1595 5463 3623 4854 1228 4257;
1 4436 4812 5785 3348 5234 4980 593 3051 4036 4209 1315 3782;
44.331999999999944 0 10.765999999999972 1 33.56599999999995 0 5135 1595 5463 3623 4854 1228 4257;
1 4436 4812 5785 3348 5234 4980 593 3051 4036 4209 1315 3782 1628;
47.17199999999998 0 10.117999999999974 1 37.05399999999999 0 5135 1595 5463 3623 4854 4257;
1 4436 4812 5785 3348 5234 4980 593 2216 3051 4621 4209 1315 3782 1628 6109;
47.83199999999998 0 10.983999999999966 1 36.84799999999996 0 5135 1595 335 5463 3623 4854 4257;
1 4436 4812 5785 5234 4980 1628 6109 3051 2216 4209 1315 593 4621 3782 817;
50.29599999999991 0 11.255999999999956 1 39.04000000000005 0 5135 1595 335 5463 3623 4854 4257;
1 4436 4812 5785 5234 4980 1628 6109 3051 2216 4209 1315 593 4036 3782 817 605;
52.02999999999995 0 11.367999999999963 1 40.66200000000002 0 5135 1595 335 5463 3623 4854 4257;
1 4436 4812 5785 5234 4980 1628 6109 3051 2216 4209 1315 593 4036 3782 817 605 2411;
54.53199999999996 0 12.699999999999953 1 41.83199999999999 0 5135 1595 335 5463 3623 4854 4257 4713;
1 4436 4812 5785 5234 4980 1628 6109 2216 4209 1315 593 4036 3782 817 605 2411 813;
55.846000000000004 0 12.68599999999996 1 43.160000000000004 0 5135 1595 335 5463 3623 4854 4257 3307;
1 4436 4812 5785 5234 4980 1628 6109 3051 2216 4209 1315 593 4036 3782 817 605 2411 813;
57.209999999999944 0 12.673999999999953 1 44.53600000000003 0 5135 1595 335 5463 3623 4854 4257 3307;
1 4436 4812 5785 5234 4980 1628 6109 3051 2216 4209 1315 593 4036 3782 817 605 2411 813 5473;
57.62999999999995 0 13.647999999999954 1 43.981999999999985 0 5135 1595 335 5463 4409 4854 4257 3307 339;
1 4436 4812 5785 5234 4980 1628 6109 3051 2216 4209 1315 593 4036 3782 817 605 2411 813 5473;
59.8139999999999 0 14.639999999999958 1 45.174000000000014 0 5135 1595 335 5463 4409 4854 4257 339 3307 1494;
1 4436 4812 5785 5234 4980 1628 6109 3051 2216 4209 1315 593 4036 3782 817 605 2411 813 5473;
62.01199999999999 0 16.621999999999968 1 45.39000000000005 0 5135 5020 335 5463 4409 4854 4257 5390 339 3307 1494 3838;
1 4436 4812 5785 5234 4980 1628 6109 3051 2216 4209 1315 593 3782 817 605 2411 813 5473;
62.15599999999998 0 16.791999999999973 1 45.36399999999999 0 5135 5020 335 5463 1550 4854 4257 5390 3838 1494 339 3307;
1 4436 4812 5785 5234 4980 1628 6109 3051 2216 4209 1315 593 3782 817 605 2411 813 5473 5757;
63.96400000000002 0 17.799999999999972 1 46.16400000000002 0 5135 5020 335 5463 1550 4854 4257 1228 5390 3838 1494 339 3307;
1 4436 4812 5785 5234 4980 1628 6109 3051 4209 1315 593 3782 817 605 2411 813 5473 5757 2216;
66.08800000000005 0 17.85399999999999 1 48.23400000000002 0 5135 5020 335 1550 4854 4257 1228 5390 3838 1494 339 3307 5463;
1 4436 4812 5785 3449 5234 4980 1628 6109 3051 4209 1315 593 3782 817 605 2411 813 5473 5757 2216;
66.30400000000004 0 18.933999999999976 1 47.37 0 5135 5020 335 1550 4854 4257 1228 5390 3838 1494 339 3307 5463 220;
1 4436 4812 5785 3449 5234 4980 1628 6109 3051 4209 1315 593 3782 817 605 2411 813 5473 5757 2216;
67.45400000000001 0 20.77199999999999 1 46.68200000000001 0 5135 1595 335 1550 4854 4257 4713 1228 5390 3838 1494 339 3307 5463 220 5;
1 4436 4812 5785 3449 5234 4980 1628 6109 4209 1315 593 3782 817 605 2411 813 5473 5757 2216;
69.96600000000011 0 20.953999999999994 1 49.01199999999998 0 5135 1595 335 1550 4854 4257 4713 1228 5390 3838 1494 339 3307 220 5463 5;
1 4436 4812 5785 3449 5234 4980 1628 6109 4209 1315 593 3782 817 605 2411 813 5473 5757 2216 2113;
72.61400000000012 0 20.19599999999998 1 52.417999999999964 0 5135 1595 335 1550 4854 4257 4713 1228 5390 3838 1494 339 3307 5463 5;
1 4436 4812 5785 3449 5234 4980 1628 6109 4209 1315 593 3782 817 605 2411 813 5473 5757 1175 2216 2113 20;
73.12800000000017 0 20.155999999999967 1 52.97199999999996 0 5135 1595 335 1550 4854 4257 4713 1228 5390 3838 1494 339 3307 5463 5;
1 4436 4812 5785 3449 5234 4980 1628 6109 4209 1315 593 3782 817 605 2411 813 5473 5757 1175 2216 2113 20 5338;
75.14400000000013 0 20.34199999999998 1 54.80199999999995 0 5135 1595 335 1550 4854 4257 4713 1228 5390 1494 3838 5 3307 339 5463;
1 4436 4812 5785 3449 5234 4980 1628 6109 4209 1315 593 3782 817 605 2411 813 5757 2113 20 5338 5473 2216 1175 639;
75.9600000000002 0 20.18399999999999 1 55.77599999999994 0 5135 1595 335 3623 4854 4257 4713 1228 5390 1494 3838 5 3307 339 5463;
1 4436 4812 5785 3449 5234 4980 1628 6109 4209 1315 593 3782 817 605 2411 813 5757 2113 20 5338 5473 2216 1175 639 4493;
