4.733999999999967 0 0.46000000000000035 1 4.273999999999969 0 1 1335; 
8.309999999999969 0 0.7900000000000006 1 7.519999999999965 0 1 1335 5234; 
10.959999999999958 0 0.9760000000000008 1 9.983999999999957 0 1 1335 5234 5351; 
14.025999999999971 0 1.1080000000000008 1 12.91799999999996 0 1 5351 1335 5234 205; 
16.43399999999995 0 1.316000000000001 1 15.117999999999963 0 1 5351 1335 5234 205 3634; 
19.683999999999955 0 1.7340000000000013 1 17.949999999999942 0 1 5351 1335 5234 205 3634 6109; 
22.963999999999988 0 1.9840000000000015 1 20.97999999999996 0 1 5351 1335 5234 205 3634 6109 677; 
24.567999999999987 0 2.1459999999999977 1 22.422000000000008 0 1 5351 1335 5234 205 3634 6109 677 4980; 
27.22799999999998 0 2.3419999999999934 1 24.885999999999992 0 1 1335 5351 3634 205 6109 5234 4980 677 1324; 
29.621999999999964 0 2.54999999999999 1 27.071999999999967 0 1 1335 5351 3634 205 6109 5234 4980 677 1237 1628; 
30.33799999999997 0 2.5839999999999885 1 27.754 0 1 1335 3854 3634 205 6109 5234 4980 677 1237 1628 1424; 
34.72799999999999 0 3.085999999999983 1 31.641999999999978 0 1 1335 3854 3634 205 6109 5234 4980 677 1237 1628 1424 1315; 
35.999999999999986 0 2.9779999999999838 1 33.02199999999994 0 1 1335 3854 3634 205 6109 5234 4980 677 1237 1315 1628 1424 5107; 
37.60199999999998 0 2.8779999999999855 1 34.724 0 1 1335 3854 3634 205 6109 5234 4980 677 1324 1315 1628 1424 5107 1237; 
40.42800000000001 0 3.46199999999998 1 36.965999999999994 0 1 1335 5351 3634 205 6109 5234 4980 677 1324 1628 1424 5107 1315 1237 4209; 
41.77799999999999 0 3.41799999999998 1 38.36000000000001 0 1 1335 5351 3634 205 6109 5234 4980 677 1324 1628 1424 5107 1315 1237 4209 737; 
45.316000000000045 0 3.6379999999999773 1 41.67799999999995 0 1 1335 5351 3634 205 6109 5234 4980 677 1324 1628 1424 5107 1315 1237 4209 737 97; 
46.87400000000002 0 3.715999999999981 1 43.15799999999999 0 1 4209 1424 3634 1315 6109 5234 1237 97 5351 1335 737 5107 677 4980 1628 205 1324 4519; 
48.205999999999996 0 3.6639999999999806 1 44.542 0 1 4209 1424 3634 1315 6109 5234 1237 97 5351 1335 737 5107 677 4980 1628 205 1324 4519 1009; 
49.551999999999985 0 3.9519999999999733 1 45.6 0 1 4209 1424 3634 1315 6109 5234 1237 3374 5351 1335 737 5107 677 4980 1628 205 1324 4519 1009 3449; 
50.568000000000005 0 3.857999999999973 1 46.709999999999944 0 1 4209 1424 3634 1315 6109 5234 1237 3374 5351 1335 737 5107 677 4980 1628 205 1324 4519 1009 3449 3010; 
52.80999999999997 0 4.185999999999975 1 48.623999999999995 0 1 4209 1424 3634 1315 6109 5234 1237 3374 5351 1335 737 5107 677 4980 1628 205 1324 3364 1009 3449 3010 1267; 
54.84399999999997 0 4.245999999999975 1 50.59799999999996 0 1 4209 1424 3634 1315 6109 5234 1237 3374 1137 1335 737 5107 677 4980 1628 205 1324 3364 1009 3449 1267 3010 434; 
56.01200000000001 0 4.029999999999976 1 51.98199999999992 0 1 4209 1424 3634 1315 6109 5234 1237 3374 1137 1335 737 5107 677 4980 1628 205 1324 3364 1009 3449 1267 3010 434 775; 
57.95199999999995 0 4.439999999999975 1 53.51199999999992 0 1 4209 1424 3634 1315 6109 5234 1237 3374 1137 1335 737 5107 677 4980 1628 205 1324 3364 3449 3010 1009 775 1267 434 4985; 
60.53799999999997 0 4.63599999999997 1 55.90199999999994 0 1 4209 1424 3634 1315 6109 5234 1237 3374 5351 1335 737 5107 677 4980 1628 205 1324 3364 3449 3010 1009 775 1267 434 4985 3854; 
61.32399999999994 0 4.633999999999975 1 56.689999999999905 0 1 4209 1424 3634 1315 6109 5234 1237 3374 5351 1335 737 5107 677 4980 1628 205 1324 3364 3449 3010 1009 775 1267 434 4985 3854 586; 
64.31600000000003 0 5.043999999999968 1 59.27199999999996 0 1 4209 1424 3634 1315 6109 5234 1237 3374 5351 1335 737 5107 677 4980 1628 205 1324 3364 3449 3010 1009 1448 1267 434 4985 3854 586 5615; 
65.92599999999997 0 5.299999999999965 1 60.62599999999998 0 1 4209 1424 3634 1315 6109 5234 1237 3374 5351 1335 737 5107 677 4980 1628 205 1324 3364 3449 3010 1009 1448 1267 434 4985 3854 5615 586 4812; 
67.10400000000011 0 5.06599999999997 1 62.03799999999995 0 1 4209 1424 3634 1315 6109 5234 1237 3374 5351 1335 737 5107 677 4980 1628 205 1324 3364 3449 3010 1009 1448 1267 434 4985 3854 5615 586 4812 1291; 
68.544 0 5.21799999999997 1 63.32599999999998 0 1 4209 1424 3634 1315 6109 5234 1237 3374 5351 1335 737 5107 677 4980 1628 205 1324 3364 3449 3010 1009 1448 1267 434 4985 3854 5615 586 4812 1291 5879; 
70.55199999999999 0 5.413999999999965 1 65.13800000000005 0 1 4209 1424 3634 1315 6109 5234 1237 97 5351 1335 737 5107 677 4980 1628 205 1324 3364 3449 3010 1009 1448 1267 434 4985 3854 5615 586 4812 1291 5879 2692; 
72.11000000000004 0 5.595999999999973 1 66.514 0 1 4209 1424 3634 1315 6109 5234 1237 97 5351 1335 737 5107 677 4980 1628 205 1324 3364 3449 3010 1009 1448 1267 434 4985 3854 5615 586 4812 2692 1291 5879 5513; 
72.78400000000013 0 5.517999999999968 1 67.26600000000002 0 1 4209 1424 3634 1315 6109 5234 1237 97 5351 1335 737 5107 638 4980 1628 205 1324 3364 3449 3010 1009 593 1267 434 72 3854 5615 586 4812 2692 1291 5879 5513 180; 
73.85800000000006 0 5.583999999999975 1 68.27400000000009 0 1 4209 1424 3634 1315 6109 5234 1237 97 5351 1335 737 5107 638 4980 1628 205 1324 3364 3449 3010 1009 1448 1267 434 72 3854 5615 586 4812 2692 1291 5879 5513 180 593; 
75.91400000000007 0 5.66999999999997 1 70.2440000000001 0 1 4209 1424 3634 1315 6109 5234 1237 97 5351 1335 737 5107 638 4980 1628 205 1324 3364 3449 3010 1009 1448 1267 434 72 3854 5615 586 4812 2692 1291 5879 5513 180 593 5306; 
76.72400000000009 0 5.675999999999966 1 71.04800000000014 0 1 4209 1424 3634 1315 6109 5234 1237 97 5351 1335 737 5107 638 4980 1628 205 1324 3364 3449 3010 1009 1448 1267 434 72 3854 5615 586 4812 2692 1291 5879 5513 180 593 5306 1138; 
78.60400000000017 0 5.837999999999967 1 72.76600000000005 0 1 4209 1424 3634 1315 6109 5234 1237 97 5351 1335 737 5107 638 4980 1628 205 1324 3364 5615 593 1138 1448 3854 180 4812 3449 434 72 1267 5513 5306 586 1291 2692 5879 1009 3010 3030; 
79.29000000000012 0 5.835999999999972 1 73.45400000000008 0 1 4209 1424 3634 1315 6109 5234 1237 97 5351 1335 737 5107 638 4980 1628 205 1324 3364 5615 1849 1007 1448 3854 180 4812 3449 434 72 1267 5513 5306 586 4992 2692 5879 1009 3010 3030 2908; 
78.98600000000012 0 6.303999999999962 1 72.6820000000002 0 3382; 1 4209 1424 3634 616 6109 5000 1237 97 4249 1335 737 5107 638 4980 205 1324 3364 5615 1849 1007 1448 3854 180 1520 3449 434 72 1267 5513 5306 586 4992 2692 5879 1009 3010 3030 2908 813; 
