2.471999999999987 0 0.23800000000000018 1 2.233999999999995 0 1 3782; 
6.109999999999971 0 0.5640000000000004 1 5.545999999999973 0 1 3782 5234; 
8.465999999999973 0 0.8220000000000006 1 7.643999999999969 0 1 3782 5234 593; 
12.39999999999996 0 1.1900000000000008 1 11.209999999999965 0 1 3782 5234 593 4985; 
14.017999999999976 0 1.360000000000001 1 12.657999999999976 0 1 3782 5234 593 4985 3348; 
17.56399999999998 0 1.6560000000000012 1 15.907999999999959 0 1 3782 5234 593 4985 3348 3634; 
19.52799999999998 0 1.7760000000000014 1 17.751999999999995 0 1 5234 3782 4985 3348 3634 593 2317; 
21.96999999999997 0 3.0799999999999836 1 18.88999999999998 0 3623; 1 5234 3782 4985 3348 3634 593 2317; 
23.659999999999975 0 3.2039999999999793 1 20.455999999999957 0 3623; 1 5234 3782 4985 3348 3634 593 2317 5834; 
25.695999999999973 0 3.3079999999999794 1 22.387999999999973 0 3623; 1 5234 3782 4985 3348 3634 593 2317 5834 2382; 
28.891999999999967 0 3.853999999999975 1 25.037999999999947 0 3623; 1 5234 3782 4985 3348 3634 593 2317 5834 2382 4812; 
30.30799999999997 0 3.8139999999999783 1 26.49399999999995 0 3623; 1 5234 3782 4985 3348 3634 593 2317 5834 2382 4812 586; 
32.00599999999994 0 5.01599999999998 1 26.989999999999977 0 3623 5135; 1 5234 3782 4985 3348 3634 593 2317 5834 2382 4812 586; 
34.381999999999984 0 5.163999999999974 1 29.217999999999957 0 3623 5135; 1 5234 3782 4985 3348 3634 593 2317 5834 2382 4812 586 2411; 
36.56399999999998 0 5.485999999999975 1 31.07799999999995 0 3623 5135; 1 5234 3782 4985 3348 3634 593 2317 5834 2382 4812 586 2411 1315; 
39.698 0 5.699999999999969 1 33.99800000000001 0 3623 5135; 1 5234 3782 4985 3348 3634 593 2317 2382 5834 1315 4812 586 2411 4980; 
41.532 0 5.813999999999971 1 35.718000000000025 0 3623 5135; 1 5234 3782 4985 3348 3634 593 2317 2382 5834 1315 4812 586 2411 4980 3259; 
43.53600000000002 0 7.029999999999965 1 36.505999999999986 0 3623 5135 3838; 1 5234 3782 4985 3348 3634 593 2317 2382 5834 1315 4812 586 2411 4980 3259; 
44.87800000000004 0 8.069999999999961 1 36.80800000000004 0 3623 5135 3838 4854; 1 5234 3782 4985 3348 3634 593 2317 677 5834 1315 4812 586 2411 4980 3259; 
46.343999999999994 0 9.18599999999997 1 37.15800000000001 0 3623 5135 3838 4854 2053; 1 5234 3782 4985 3348 3634 593 2317 677 5834 1315 4812 586 2411 4980 3259; 
47.91599999999998 0 9.30599999999997 1 38.61000000000005 0 3623 5135 3838 4854 2053; 1 5234 3782 4985 3348 3634 593 2317 677 5834 1315 4812 586 2411 4980 3259 817; 
49.52399999999995 0 9.195999999999973 1 40.32799999999998 0 3623 5135 2053 4854 3838; 1 5234 3782 4985 3348 3634 593 2317 677 5834 1315 4812 586 2411 4980 3259 817 4446; 
52.14199999999997 0 7.445999999999968 1 44.69600000000002 0 3623 5135 4854; 1 5234 3782 4985 3348 3634 593 2317 2382 5834 1315 4812 586 2411 4980 4036 4493 3259 817 4446 5785; 
54.32799999999995 0 7.73399999999997 1 46.593999999999994 0 3623 5135 4854; 1 5234 3782 4985 3348 3634 593 2317 2382 5834 1315 4812 586 2411 4980 4036 4493 3259 817 4446 5785 97; 
56.28199999999991 0 7.923999999999968 1 48.35799999999996 0 5135 3623 4854; 1 5834 5234 2411 4446 586 4980 3259 4493 4036 3782 817 593 3634 3348 2382 5785 97 4985 4812 1315 2317 5082; 
58.32799999999994 0 7.999999999999972 1 50.327999999999996 0 5135 3623 4854; 1 5834 5234 2411 4446 586 4980 3259 4493 4036 3782 817 593 3634 3348 2382 5785 97 4985 4812 1315 2317 5082 677; 
59.47399999999996 0 8.93799999999997 1 50.535999999999994 0 5135 3623 4854 339; 1 5834 5234 2411 4446 586 4980 3259 4493 4036 3782 817 593 3634 3348 2382 5785 97 4985 4812 1315 2317 5082 677; 
62.042000000000016 0 10.019999999999976 1 52.02199999999995 0 5135 3623 3838 4854 339; 1 5834 5234 2411 4446 586 4980 3259 5165 3782 817 593 3634 3348 2382 5785 97 4985 4812 1315 2317 5082 677 1324; 
61.72799999999996 0 9.957999999999972 1 51.7699999999999 0 5135 3623 3838 4762 339; 1 5834 5234 2411 4446 586 4980 3259 3782 817 593 3634 3348 1009 2382 3051 97 4985 4812 1315 2317 5082 677 2730 1335; 
64.11000000000001 0 10.267999999999965 1 53.84200000000004 0 5135 3623 3838 4762 339; 1 5834 5234 2411 4446 586 4980 3259 3782 817 593 3634 3348 1009 2382 3051 97 4985 4812 1315 2317 5082 677 2730 1335 1628; 
65.95400000000001 0 10.281999999999963 1 55.671999999999954 0 5135 3623 3838 4762 339; 1 5834 5234 2411 4446 586 4980 3259 3782 817 593 3634 3348 1009 2382 3051 97 4985 4812 1315 2317 5082 677 2730 1335 2333 947; 
67.30000000000001 0 10.177999999999967 1 57.12199999999999 0 5135 3623 3838 4762 339; 1 5834 5234 2411 4446 586 4980 3259 3782 817 593 3634 3348 1009 2382 3051 97 4985 4812 1315 2317 5082 677 2730 1335 2333 947 2787; 
69.11600000000014 0 11.325999999999963 1 57.78999999999997 0 5135 3623 3838 4762 4854 339; 1 5834 5234 2411 4446 586 4980 3259 3782 817 593 3634 3348 2382 3051 97 4985 4812 1315 2317 5082 677 2730 1335 2333 5513 2787 947; 
70.73399999999998 0 14.419999999999963 1 56.31399999999997 0 5135 3623 3838 4762 3300 4854 339 3737 5; 1 5834 5234 2411 4446 586 4980 3259 3782 593 3634 3348 2382 3051 97 4985 4812 1315 3292 5082 677 2730 1335 2333 5513 947; 
72.11000000000006 0 12.451999999999948 1 59.65799999999996 0 5135 3623 3838 4762 4854 339 5; 1 5834 5234 2411 4446 586 4980 3259 3782 5528 593 3634 3348 2382 3051 97 4985 4812 1315 2317 5082 677 2730 1335 2333 5513 2787 947 3030; 
73.69200000000002 0 12.597999999999951 1 61.093999999999966 0 5135 3623 3838 4762 4854 339 5; 1 5834 5234 2411 4446 586 4980 3259 3782 5528 593 3634 3348 2382 3051 97 4985 4812 1315 2317 5082 677 2730 1335 2333 5513 2787 947 3030 3449; 
75.55800000000016 0 12.513999999999962 1 63.04400000000002 0 5135 3623 3838 4762 4854 339 5; 1 5834 5234 2411 4446 586 4980 3259 3782 5528 593 3634 3348 2382 3051 97 4985 4812 1315 2317 5082 677 2730 1335 2333 5513 2787 3030 3449 947 3010; 
77.66000000000018 0 12.77599999999996 1 64.88399999999997 0 5135 3623 3838 4762 4854 339 5; 1 5834 5234 2411 4446 586 4980 3259 3782 5528 593 3634 3348 2382 3051 97 4985 4812 1315 2317 5082 677 2730 1335 2333 5513 2787 3030 3449 947 3010 5370; 
78.66800000000005 0 12.917999999999964 1 65.75 0 5135 3623 3838 4762 4854 339 5; 1 5834 5234 2411 4446 586 4980 3259 3782 5528 593 3634 3348 2382 3051 97 4985 4812 1315 2317 5082 677 2730 1335 2333 5513 2787 3030 3449 947 3010 5370 639; 
79.2780000000001 0 13.899999999999949 1 65.37799999999999 0 4171 5135 3623 3838 4762 4854 339 5; 1 5834 5234 2411 586 4980 3259 3782 5528 593 3634 3348 2382 3051 97 4985 4812 1315 2317 5082 677 2730 1335 2333 5513 2787 3030 3449 2628 3010 5370 639 1682; 
