3.785999999999963 0 0.36400000000000027 1 3.4219999999999686 0 ;
1 5234;
6.653999999999974 0 0.7060000000000005 1 5.94799999999997 0 ;
1 5234 5785;
8.691999999999966 0 1.9500000000000015 1 6.741999999999968 0 3623;
1 5234 5785;
11.759999999999964 0 2.2279999999999944 1 9.531999999999957 0 3623;
1 5785 5234 677;
14.303999999999986 0 2.283999999999993 1 12.019999999999971 0 3623;
1 5785 5234 677 4446;
16.987999999999968 0 2.641999999999988 1 14.345999999999977 0 3623;
1 5785 5234 677 4446 4985;
20.243999999999968 0 2.9119999999999804 1 17.33199999999997 0 3623;
1 5234 677 5785 4985 4446 3634;
22.613999999999983 0 3.0819999999999794 1 19.53199999999996 0 3623;
1 5234 677 5785 4985 4446 3634 1315;
25.921999999999986 0 3.515999999999979 1 22.40599999999995 0 3623;
1 5234 677 5785 4985 4446 3634 1315 4812;
28.91399999999997 0 3.65199999999998 1 25.26199999999998 0 3623;
1 5234 677 5785 4985 4446 3634 1315 4812 1335;
31.21399999999997 0 3.913999999999976 1 27.29999999999996 0 3623;
1 5234 677 5785 4985 4446 3634 1315 4812 1335 2411;
34.52999999999997 0 4.095999999999972 1 30.433999999999966 0 3623;
1 5234 677 5785 4985 4446 3634 4812 1315 1335 2411 97;
35.44399999999999 0 4.329999999999977 1 31.113999999999987 0 3623;
1 5234 677 5785 4985 4446 3634 4812 1315 1335 2411 97 593;
37.964000000000006 0 4.409999999999975 1 33.55400000000003 0 3623;
1 5234 677 5785 4985 4446 3634 4812 1315 1335 2411 97 593 3449;
39.79400000000003 0 5.477999999999969 1 34.31599999999997 0 3623 5135;
1 5234 677 5785 4985 4446 3634 97 593 1335 1315 4812 2411 3449;
41.532000000000046 0 5.639999999999966 1 35.89199999999999 0 3623 5135;
1 5234 677 5785 4985 4446 3634 97 593 1335 1315 4812 2411 3449 5351;
43.06400000000001 0 6.931999999999963 1 36.132 0 3623 5135 3838;
1 5234 677 5785 4985 4446 3634 97 593 1335 1315 2628 2411 3449 5351;
46.03800000000002 0 7.913999999999963 1 38.12399999999999 0 3623 5135 3838 339;
1 5234 677 5785 4985 4446 3634 97 593 1335 1315 2628 2411 3449 5351;
46.68199999999995 0 8.927999999999965 1 37.753999999999984 0 3623 5135 3838 339 1595;
1 5234 677 5785 4985 4446 3634 97 593 1335 1315 2628 2411 3449 5351;
49.518000000000036 0 9.127999999999972 1 40.38999999999999 0 3623 5135 3838 339 1595;
1 5234 677 5785 4985 4446 3634 97 593 1335 1315 2628 2411 3449 5351 5615;
50.315999999999974 0 10.053999999999974 1 40.262000000000015 0 3623 5135 3838 339 1595 4854;
1 5234 677 5785 4985 4446 3634 97 593 1335 1315 2628 2411 3449 5351 5615;
52.34199999999995 0 10.40399999999997 1 41.938000000000066 0 3623 5135 4854 1595 339 3838;
1 5234 5082 5785 4985 4446 3634 97 593 1335 1315 2628 2411 3449 5615 5351 1048;
53.763999999999996 0 10.631999999999966 1 43.132 0 3623 5135 4854 1595 339 3838;
1 5234 5082 5785 4985 4446 3634 97 593 1335 1315 2628 2411 3449 5615 5351 1048 3348;
55.15000000000003 0 10.463999999999972 1 44.685999999999964 0 3623 5135 4854 1595 339 3838;
1 5234 677 5785 4985 4446 3634 97 593 1335 1315 2628 2411 3449 5615 5351 1048 3348 2730;
56.94599999999999 0 10.643999999999966 1 46.302 0 3623 5135 4854 1595 339 3838;
1 5234 677 5785 4985 4446 3634 97 593 1335 1315 2628 2411 3449 5615 5351 1048 3348 2730 817;
57.011999999999944 0 11.483999999999973 1 45.527999999999984 0 5140 3623 5135 4854 1595 339 3838;
1 677 5785 4985 4446 3634 97 593 1335 1315 2628 2411 3449 5615 5351 1048 817 3348 2730 4980;
59.66000000000001 0 11.881999999999953 1 47.77799999999995 0 5140 3623 5135 4854 1595 339 3838;
1 677 5785 4985 4446 3634 97 593 1335 1315 2628 2411 3449 5615 5351 1048 817 3348 2730 4980 1628;
61.609999999999964 0 11.821999999999958 1 49.78800000000001 0 5140 3623 5135 4854 1595 339 3838;
1 677 5785 4985 4446 3634 97 593 1335 1315 2628 2411 3449 5615 5351 1048 817 3348 2730 4980 1628 5834;
62.48399999999994 0 11.95999999999996 1 50.52399999999995 0 5140 3623 5135 4854 1595 339 3838;
1 677 3051 4985 4446 3634 97 593 1335 1315 2628 2411 3449 5615 5351 1048 817 3348 2730 4980 1628 5834 6109;
64.47600000000003 0 12.071999999999957 1 52.404 0 5140 3623 5135 4854 339 3838 1595;
1 677 3051 4985 4446 3634 97 593 1335 1315 2628 2411 3449 5615 5834 3348 6109 5351 817 2730 4980 1628 1048 5082;
66.40200000000004 0 12.161999999999956 1 54.239999999999945 0 5140 3623 5135 4854 339 3838 1595;
1 677 3051 4985 4446 3634 97 593 1335 1315 2628 2411 3449 5615 5834 3348 6109 5351 817 2730 4980 1628 1048 5082 3259;
67.31000000000006 0 12.427999999999955 1 54.88199999999995 0 5140 3623 5135 4854 339 3838 1595;
1 677 3051 4985 4446 3634 97 593 1335 1315 2628 2411 3449 5615 5834 3348 6109 5351 817 2730 4980 1628 1048 5082 3259 3939;
69.69200000000012 0 12.373999999999958 1 57.31799999999992 0 5140 3623 5135 4854 339 3838 1595;
1 677 3051 4985 4446 3634 97 593 1335 1315 2628 2411 3449 5615 5834 3348 6109 5351 817 2730 4980 1628 1048 5082 3259 3939 586;
71.57000000000001 0 12.643999999999943 1 58.925999999999995 0 5140 3623 5135 4854 339 3838 1595;
1 677 3051 4985 4446 3634 97 593 1335 1315 2628 2411 3449 5615 5834 3348 6109 5351 817 2730 4980 1628 1048 5082 3259 586 3939 3364;
71.88400000000009 0 15.413999999999954 1 56.46999999999994 0 5140 3623 4171 5135 4854 5020 339 3838 1595 5;
1 677 3051 4985 3634 97 593 1335 1315 2628 2411 3449 5615 3348 6109 5351 817 2730 4980 1628 1048 5082 3259 586 3939 3364;
73.89200000000002 0 15.563999999999963 1 58.32799999999997 0 5140 3623 4171 3838 5020 339 5135 1595 5 4854;
1 677 3051 4985 3634 593 1335 5615 2628 2411 817 3348 5082 2730 97 6109 5351 3449 3364 4980 1628 3259 3939 586 1315 1048 639;
75.28600000000012 0 15.663999999999968 1 59.62199999999989 0 5140 3623 4171 3838 5020 339 5135 1595 5 4854;
1 677 3051 4985 3634 593 1335 5615 4812 2411 817 3348 5082 2730 97 6109 5351 3449 3364 4980 1628 3259 3939 586 1315 1048 639 4566;
76.75200000000007 0 15.587999999999962 1 61.16400000000001 0 5140 3623 4171 3838 5020 339 5135 1595 5 4854;
1 677 3051 4985 3634 593 1335 5615 4812 2411 817 3348 5082 2730 97 6109 5351 3449 3364 4980 1628 3259 3939 586 1315 1048 639 4566 813;
78.15800000000011 0 15.735999999999956 1 62.42199999999997 0 5140 3623 4171 3838 5020 339 5135 1595 5 4854;
1 677 3051 4985 2113 593 1335 5615 4812 2411 817 3348 5082 2730 97 6109 5351 3449 3364 4980 1628 3259 3939 586 1315 1048 639 4566 813 1448;
79.72200000000011 0 16.623999999999995 1 63.09800000000006 0 5140 3623 4171 3838 5020 339 5135 1595 5 4854 1494;
1 677 3051 4985 2113 593 1335 5615 4812 2411 817 3348 5082 2730 97 6109 5351 3449 3364 4980 1628 3259 3939 586 1315 1048 639 4566 813 1448;
