2.665999999999983 0 1.424000000000001 1 1.2420000000000009 0 3623;
1 ;
4.819999999999969 0 1.5620000000000012 1 3.257999999999977 0 3623;
1 5785;
8.223999999999968 0 1.9820000000000015 1 6.24199999999997 0 3623;
1 5785 4812;
10.13199999999995 0 2.1339999999999972 1 7.9979999999999665 0 3623;
1 5785 4812 817;
13.297999999999957 0 2.503999999999989 1 10.793999999999963 0 3623;
1 5785 817 4812 1315;
15.55199999999997 0 2.6999999999999864 1 12.851999999999963 0 3623;
1 5785 817 4812 1315 3348;
19.095999999999986 0 2.973999999999982 1 16.121999999999968 0 3623;
1 5785 817 4812 1315 3348 6109;
21.599999999999945 0 3.22599999999998 1 18.37399999999995 0 3623;
1 5785 817 4812 1315 3348 6109 4980;
23.52999999999997 0 4.471999999999977 1 19.057999999999957 0 3623 4854;
1 5785 817 4812 1315 6109 3348 4980;
25.67999999999996 0 4.555999999999976 1 21.124000000000002 0 3623 4854;
1 5785 817 4812 1315 6109 3348 4980 3449;
27.101999999999947 0 6.807999999999965 1 20.293999999999954 0 3623 4854 5463 339;
1 5785 817 4812 1315 6109 3348 4980;
28.905999999999953 0 6.68599999999996 1 22.219999999999967 0 3623 4854 5463 339;
1 5785 817 4812 1315 6109 3348 4980 5234;
31.423999999999964 0 9.153999999999973 1 22.269999999999982 0 5 339 3623 5463 4854 5789;
1 1315 5785 4812 5234 817 6109 3348;
33.71799999999998 0 8.161999999999965 1 25.55599999999996 0 339 3623 5463 4854 5135;
1 1315 5785 4812 4980 5234 817 6109 3348 3782;
34.86599999999998 0 9.341999999999974 1 25.523999999999972 0 5 339 3623 5463 4854 5135;
1 1315 5785 4812 5234 817 2411 3348 3782 6109;
37.13400000000001 0 9.335999999999975 1 27.797999999999984 0 5 339 3623 5463 4854 5135;
1 1315 5785 4812 5234 817 2411 3348 3782 6109 4036;
38.72999999999999 0 10.40199999999997 1 28.327999999999985 0 5 5345 339 3623 5463 4854 5135;
1 1315 5785 4812 5234 817 3348 3782 4036 6109 639;
41.505999999999986 0 9.663999999999977 1 31.841999999999985 0 5 5345 339 3623 4854 5135;
1 1315 5785 4812 5234 817 3348 3449 3782 4036 6109 639 1628;
43.585999999999984 0 9.809999999999965 1 33.77599999999997 0 5 339 3623 4854 5135 1595;
1 1315 5785 4812 5234 817 2411 3348 3449 3782 4036 6109 639 1628;
45.408000000000044 0 10.019999999999971 1 35.38799999999999 0 5 339 3623 4854 1595 5135;
1 1315 5785 4812 5234 817 2411 3348 3449 3782 639 6109 1628 4036 4985;
47.56199999999997 0 11.225999999999978 1 36.33600000000002 0 5 339 3623 4854 1595 5135 5789;
1 1315 5785 4812 5234 817 2411 3348 3449 3782 639 6109 1628 4036 4985;
47.019999999999975 0 11.89799999999997 1 35.12199999999996 0 5 5140 339 3623 4854 1595 5135 5789;
1 1315 5785 4812 817 2411 3348 3449 3782 639 6109 1628 4036 4985 3683;
48.917999999999985 0 13.025999999999957 1 35.89199999999998 0 5 5140 339 3623 4854 1595 5135 5789 57;
1 1315 5785 4812 817 2411 3348 3449 3782 639 6109 1628 4036 4985 3683;
50.04400000000002 0 13.249999999999961 1 36.79400000000002 0 5 5140 339 3623 4854 1595 5135 5789 57;
1 1315 5785 4812 817 2411 3348 3449 3782 639 6109 1628 4036 4985 3683 1520;
52.633999999999936 0 11.223999999999968 1 41.41000000000002 0 5 5140 339 3623 4854 1595 5135;
1 1315 5785 4812 817 2411 3348 3449 3782 639 6109 1628 4036 4985 3683 5338 2317 1520 2382;
54.3 0 13.331999999999951 1 40.96799999999998 0 5 5140 339 3623 4854 5135 1595 1074 1228;
1 6109 1520 639 817 3683 4036 1628 5785 1315 3449 4985 2411 5338 4812 2317 2382 3782;
55.34599999999995 0 14.217999999999952 1 41.12799999999995 0 5 5140 339 3623 4854 5135 1595 1074 1228 1494;
1 6109 1520 639 817 3683 4036 1628 5785 1315 3449 4985 2411 5338 4812 2317 2382 3782;
57.167999999999985 0 15.287999999999961 1 41.88000000000002 0 5 5140 339 3623 4854 5135 1595 1074 5345 1228 1494;
1 6109 1520 639 817 3683 4036 1628 5785 1315 3449 4985 5338 4812 2317 2382 3782 586;
58.181999999999945 0 15.313999999999961 1 42.867999999999974 0 5 5140 339 3623 4854 5135 1595 335 5345 1228 1494;
1 6109 605 639 817 3683 4036 1628 5785 1315 3449 4985 5338 4812 2317 2382 3782 586 3051;
59.17599999999995 0 17.277999999999995 1 41.897999999999996 0 5 5140 339 3623 4854 5135 1595 335 5345 5789 1228 1494 4257;
1 6109 605 639 817 3683 4036 1628 5785 1315 3449 4985 4812 2317 2382 3782 3051 586;
60.819999999999965 0 17.203999999999994 1 43.61599999999998 0 5 5140 339 3623 4854 5135 1595 335 5345 5789 1228 1494 4257;
1 6109 605 639 817 3683 4036 1628 5785 1315 3449 4985 4812 2317 2382 3782 3051 586 677;
62.815999999999995 0 17.253999999999966 1 45.56200000000001 0 5 5140 339 3623 4854 5135 1595 335 5345 5789 1228 1494 4257;
1 6109 605 639 817 3683 4036 1628 5785 1315 3449 4985 4812 2317 2382 3782 3051 586 677 2113;
65.21400000000003 0 17.65199999999999 1 47.56200000000005 0 5 5140 339 3623 4854 5135 1595 335 5345 5789 1228 1494 4257;
1 6109 605 639 817 3683 4036 1628 5785 1315 3449 4985 4812 2317 2382 3782 3051 586 2113 677 5082;
65.71399999999998 0 17.52599999999999 1 48.18799999999998 0 5 5140 339 3623 4854 5135 1595 335 5345 5789 1228 1494 4257;
1 6109 605 639 817 3683 4036 1628 5785 1315 3449 4985 4812 2317 2382 3782 3051 586 2113 677 5082 2730;
67.73800000000006 0 17.743999999999975 1 49.99399999999996 0 5 5140 339 3623 4854 5135 1595 335 5345 5789 1228 1494 4257;
1 6109 605 639 817 3683 4036 1628 5785 1315 3449 4985 4812 2317 2382 3782 3051 586 2113 677 5082 2730 813;
69.65600000000006 0 16.92799999999997 1 52.72799999999998 0 5 5140 339 3623 4854 5135 1595 335 5789 1228 1494 4257;
1 6109 605 639 817 3683 4036 1628 5785 1315 3449 4985 2411 4812 2317 2382 3782 3051 586 2113 677 5082 2730 813 3939;
72.32000000000014 0 16.097999999999985 1 56.22199999999995 0 5 5140 339 3623 4854 5135 1595 335 1228 1494 4257;
1 6109 605 639 817 3683 4036 1628 5785 1315 3449 4985 2411 5338 4812 2317 2382 3782 3051 586 2113 677 5082 813 3939 2730 775;
73.59600000000009 0 16.20199999999997 1 57.39399999999995 0 5 5140 339 3623 4854 5135 1595 335 1228 1494 4257;
1 6109 605 639 817 3683 4036 1628 5785 1315 3449 4985 2411 5338 4812 2317 2382 3782 3051 586 2113 677 5082 813 3939 2730 775 3030;
74.74400000000014 0 19.013999999999985 1 55.729999999999976 0 5 5140 3300 339 3623 4854 5135 1595 335 5345 1228 1494 4257 3838;
1 6109 605 639 3683 4036 1628 5785 1315 3449 4985 5338 4812 2317 2382 3782 3051 586 2113 677 5082 813 3939 2730 775 3030;
76.18400000000007 0 19.329999999999973 1 56.85399999999997 0 5 3300 339 3623 4854 5135 1595 335 5345 1228 1494 4257 3838 3307;
1 6109 754 639 4629 3683 4036 1628 5785 1315 3449 4985 5338 4812 2317 2382 3782 3051 586 2730 775 3939 677 2113 3030 813 5082;
