4.491999999999971 0 0.4000000000000003 1 4.091999999999969 0 1 1335; 
7.899999999999955 0 0.6700000000000005 1 7.229999999999967 0 1 1335 5234; 
10.839999999999963 0 1.0840000000000007 1 9.755999999999966 0 1 1335 5234 4985; 
13.305999999999964 0 1.2500000000000009 1 12.055999999999965 0 1 5234 1335 4985 4812; 
15.435999999999966 0 1.436000000000001 1 13.99999999999997 0 1 1335 2628 5234 4985 1048; 
18.595999999999975 0 1.6980000000000013 1 16.89799999999996 0 1 1335 2628 5234 4985 1048 677; 
21.251999999999985 0 1.9440000000000015 1 19.307999999999954 0 1 1335 2628 5234 4985 1048 677 5615; 
24.685999999999993 0 2.185999999999997 1 22.499999999999964 0 1 677 4985 5234 2628 1335 5615 1048 3634; 
26.761999999999954 0 2.5419999999999914 1 24.219999999999978 0 1 677 4985 5234 2628 1335 5615 1048 3634 4980; 
28.87399999999997 0 2.6039999999999917 1 26.269999999999975 0 1 677 4985 5234 4812 1335 5615 1048 3634 4980 1628; 
31.605999999999945 0 2.885999999999987 1 28.719999999999978 0 1 677 4985 5234 4812 1335 5615 1048 3634 4980 1628 2659; 
33.79399999999998 0 3.1039999999999828 1 30.68999999999998 0 1 677 4985 5234 4812 1335 5615 1048 3634 4980 1628 2659 2730; 
35.759999999999934 0 3.2659999999999814 1 32.49399999999999 0 1 677 4985 5234 4812 1335 5615 1048 3634 4980 1628 2659 2730 1448; 
38.03799999999999 0 3.419999999999979 1 34.617999999999945 0 1 677 4985 5234 4812 1335 5615 1048 3634 4980 1628 2659 2730 1448 3449; 
39.31599999999997 0 4.355999999999971 1 34.96 0 3623; 1 677 4985 5234 4812 1335 5615 1048 3634 4980 2659 205 3449 1448 2730; 
41.37999999999996 0 4.6879999999999695 1 36.69200000000001 0 3623; 1 677 4985 5234 4812 1335 5615 1048 3634 4980 2659 205 3449 1448 2730 1315; 
43.47199999999996 0 5.903999999999968 1 37.568 0 3623 3838; 1 677 4985 5234 4812 1335 5615 1048 3634 2659 3449 205 1448 2730 4980 1315; 
45.76799999999999 0 6.123999999999969 1 39.64399999999997 0 3623 3838; 1 677 4985 5234 4812 1335 5615 1048 3634 2659 3449 205 1448 2730 4980 1315 6109; 
47.82199999999997 0 6.183999999999971 1 41.63799999999997 0 3623 3838; 1 677 4985 5234 4812 1335 5615 1048 3634 2659 3449 205 1448 2730 4980 1315 6109 97; 
49.00999999999996 0 6.275999999999964 1 42.733999999999966 0 3623 3838; 1 677 4985 5234 4812 1335 5615 1048 3634 2659 3449 205 1448 2730 4980 1315 6109 97 3348; 
51.245999999999924 0 6.627999999999963 1 44.61800000000006 0 3623 3838; 1 677 4985 5234 4812 1335 5615 1048 3634 2659 3449 1628 1448 2730 4980 1315 6109 97 3348 2628; 
53.185999999999936 0 6.801999999999965 1 46.383999999999986 0 3623 3838; 1 677 4985 5234 4812 1335 5615 1048 3634 2659 3449 1628 1448 2730 4980 1315 6109 97 3348 2628 5679; 
54.203999999999965 0 7.619999999999962 1 46.584 0 3623 3838 5135; 1 677 4985 5234 4812 1335 5615 1048 3634 2659 3449 1628 1448 2730 4980 1315 6109 97 5679 3348 2628; 
56.38799999999999 0 8.827999999999967 1 47.55999999999995 0 3623 3838 5135 1595; 1 677 4985 5234 4812 1335 5615 1048 3634 2659 3449 1628 1448 2730 4980 1315 6109 97 5679 3348 2628; 
57.81999999999995 0 9.009999999999973 1 48.80999999999994 0 3623 3838 5135 1595; 1 677 4985 5234 4812 1335 5615 1048 3634 2659 3449 1628 1448 2730 4980 1315 6109 97 5679 3348 2628 813; 
59.73399999999996 0 9.149999999999967 1 50.58400000000002 0 3623 3838 1595 5135; 1 677 4985 5234 4812 1335 5615 1048 3634 2659 3449 1628 1448 2730 4980 1315 97 2628 3348 813 5679 6109 2806; 
62.31799999999999 0 9.21599999999997 1 53.10200000000003 0 3623 3838 1595 5135; 1 677 4985 5234 4812 1335 5615 1048 3634 2659 3449 1628 1448 2730 4980 1315 97 2628 3348 813 5679 6109 2806 4446; 
62.717999999999996 0 9.011999999999963 1 53.70599999999993 0 3623 3838 1595 5135; 1 677 4985 5234 4812 1335 5615 1048 3634 2659 3449 1628 1448 2730 4980 1315 97 2628 3348 813 5679 6109 2806 4446 1897; 
64.64600000000002 0 9.271999999999968 1 55.373999999999974 0 3623 3838 1595 5135; 1 677 4985 5234 4812 1335 5615 1048 3634 2659 3449 1628 1448 2730 4980 1315 97 2628 3348 813 5679 6109 2806 4446 1897 2411; 
65.37400000000002 0 9.171999999999963 1 56.20199999999992 0 1595 5135 3623 3838; 1 677 4985 5234 4812 1335 5615 1048 3634 3449 2659 1628 6109 2730 4446 1315 813 2806 2628 4980 3348 1897 5679 2411 97 1448 4436; 
67.73200000000014 0 9.391999999999964 1 58.339999999999996 0 1595 5135 3623 3838; 1 677 4985 5234 4812 1335 5615 1048 3634 3449 2659 1628 6109 2730 4446 1315 813 2806 2628 4980 3348 1897 5679 2411 97 1448 4436 4960; 
69.50800000000005 0 9.467999999999975 1 60.03999999999995 0 1595 5135 3623 3838; 1 677 4985 5234 4812 1335 5615 1048 3634 3449 5351 1628 6109 2730 4446 1315 813 2073 2628 4980 3348 1897 5679 2411 97 1448 4436 4960 5635; 
70.9320000000001 0 9.499999999999961 1 61.43199999999998 0 1595 5135 3623 3838; 1 677 4985 5234 4812 1335 5615 1048 3634 3449 5351 1628 6109 2730 4446 1315 813 2073 2628 4980 3348 1897 5679 2411 97 1448 4436 4960 5635 593; 
73.19400000000012 0 9.677999999999969 1 63.515999999999984 0 1595 5135 3623 3838; 1 677 4985 5234 4812 1335 5615 1048 3634 3449 5351 1628 6109 2730 4446 1315 813 2073 2628 4980 3348 1897 5679 2411 97 1448 4436 593 578 5635 4960; 
74.75400000000013 0 9.73199999999997 1 65.02200000000006 0 1595 5135 3623 3838; 1 677 4985 5234 4812 1335 5615 1048 3634 3449 5351 1628 6109 2730 4446 1315 813 2073 2628 4980 3348 1897 5679 2411 97 1448 4436 593 578 5635 4960 3259; 
75.5900000000001 0 10.211999999999964 1 65.37799999999997 0 3307 5135 3623 3838; 1 677 4985 5234 4812 1335 5615 1048 3634 3449 2659 1628 6109 2730 4446 1315 813 2073 2628 4980 3348 1897 5679 2411 97 1448 4436 3259 5635 4960 593 578 5834; 
77.63800000000016 0 10.095999999999972 1 67.54200000000013 0 3307 5135 3623 3838; 1 677 4985 5234 4812 1335 5615 1048 3634 3449 2659 1628 6109 2730 4446 1315 813 2073 2628 4980 3348 1897 5679 2411 97 1448 4436 3259 5635 4960 593 578 5834 1237; 
78.79800000000013 0 11.297999999999965 1 67.50000000000006 0 3307 5135 3623 3838 1198; 1 677 4985 5234 4812 1335 5615 1048 3634 3449 2659 1628 6109 2730 4446 1315 813 2073 2628 4980 3348 1897 5679 2411 97 1448 4436 3259 5635 4960 593 578 5834 1237; 
79.18200000000009 0 12.215999999999966 1 66.96600000000011 0 3307 5135 3623 3838 1198 4854; 1 677 4985 5234 4812 1335 5615 1048 3634 3449 2659 1628 6109 2730 4446 1315 813 2073 2628 4980 3348 1897 5679 2411 97 1448 4436 5635 593 4960 578 1237 3259 5834; 
81.0420000000001 0 12.377999999999956 1 68.66400000000007 0 3307 5135 3382 3838 1198 4854; 1 677 4985 5234 4812 1335 5615 1048 2113 3449 2659 1628 6109 2730 4446 1315 813 2073 2628 4980 3059 1897 5679 2411 97 1448 2855 5635 593 4960 578 1237 3259 5834 3051; 
