3.6319999999999735 0 0.34600000000000025 1 3.2859999999999756 0 1 5234; 
6.3899999999999695 0 0.5980000000000004 1 5.791999999999966 0 1 5234 4980; 
10.845999999999965 0 1.0100000000000007 1 9.835999999999968 0 1 5234 4980 1335; 
13.835999999999956 0 1.348000000000001 1 12.487999999999966 0 1 1335 5234 4980 3449; 
17.18599999999997 0 1.5460000000000012 1 15.639999999999956 0 1 1335 5234 4980 3449 5615; 
19.037999999999975 0 1.8060000000000014 1 17.231999999999946 0 1 1335 5234 4980 3449 5615 4812; 
21.353999999999974 0 2.0320000000000014 1 19.321999999999953 0 1 1335 5234 4980 3449 5615 4812 3634; 
23.531999999999957 0 2.072 1 21.459999999999994 0 1 3449 4812 3634 5234 1335 4980 5615 1048; 
26.879999999999995 0 2.487999999999992 1 24.391999999999978 0 1 3449 4812 3634 5234 1335 4980 5615 1048 5351; 
28.425999999999963 0 2.6339999999999852 1 25.79199999999999 0 1 1729 4812 3634 5234 1335 4980 5615 1048 5351 2411; 
31.381999999999962 0 2.827999999999984 1 28.553999999999977 0 1 3449 1335 3634 5234 1048 4980 5615 2411 2628 5351 4985; 
33.857999999999976 0 2.9059999999999864 1 30.951999999999973 0 1 3449 1335 3634 5234 1048 4980 5615 2411 2628 5351 4985 5082; 
35.969999999999935 0 4.283999999999975 1 31.68599999999996 0 3623; 1 3449 1335 3634 5234 1048 4980 5615 2411 2628 5351 4985 5082; 
37.48400000000002 0 4.413999999999976 1 33.06999999999998 0 3623; 1 3449 1335 3634 5234 1048 4980 5615 2411 2628 5351 4985 5082 593; 
39.51599999999999 0 4.753999999999977 1 34.76199999999999 0 3623; 1 3449 1335 3634 5234 1048 4980 5615 2411 2628 5351 4985 5082 593 5785; 
40.878000000000014 0 4.6599999999999735 1 36.217999999999996 0 3623; 1 3449 1335 3634 5234 1048 4980 5615 2411 2628 5351 4985 5082 593 5785 1897; 
43.17200000000002 0 4.771999999999973 1 38.39999999999998 0 3623; 1 3449 1335 3634 5234 1048 4980 5615 2411 2628 5351 4985 5082 593 5785 1897 1315; 
45.52399999999999 0 6.199999999999964 1 39.324000000000055 0 3623 5135; 1 3449 1335 3634 5234 1048 4980 5615 2411 2628 5351 4985 5082 5785 1315 1897 593; 
48.18799999999999 0 6.443999999999967 1 41.74400000000001 0 3623 5135; 1 5879 1335 3634 5234 1048 4980 5615 2411 1729 5351 4985 5082 5785 1315 1897 593 813; 
49.345999999999954 0 6.563999999999964 1 42.782000000000025 0 3623 5135; 1 5879 1335 3634 5234 1048 4980 5615 2411 1729 5351 4985 677 5785 1315 1897 593 813 6109; 
51.97599999999994 0 6.701999999999971 1 45.27399999999995 0 3623 5135; 1 5879 1335 3634 5234 1048 4980 5615 2411 1729 5351 4985 677 5785 1315 1897 593 813 6109 325; 
52.865999999999964 0 6.6499999999999675 1 46.21600000000004 0 3623 5135; 1 5879 1335 3634 5234 1048 4980 5615 2411 1729 5351 4985 677 5785 1315 1897 593 6109 325 813 5107; 
54.06600000000001 0 8.389999999999967 1 45.67600000000002 0 3623 5135 583 3838; 1 5879 1335 3634 5234 1048 4980 5615 2411 1729 5351 4985 677 5785 1315 1897 593 6109 325 5107; 
55.89199999999997 0 8.82199999999997 1 47.06999999999995 0 3623 5135 583 3838; 1 5879 1335 3634 5234 1048 4980 5615 2411 1729 5351 4985 677 5785 1315 1897 593 6109 325 5107 434; 
58.51199999999998 0 7.989999999999964 1 50.52199999999992 0 3623 5135 3838; 1 5879 1335 3634 5234 1048 4980 5615 2411 1729 5351 4985 677 5785 1315 1897 593 6109 325 813 5107 434 3259; 
59.72399999999998 0 8.221999999999957 1 51.50199999999996 0 3623 3838 5135; 1 1335 6109 434 1048 4980 593 3449 5107 325 5785 4985 1315 813 1897 3259 4812 5351 677 2411 5615 5234 3634 586; 
61.726000000000006 0 8.383999999999961 1 53.34199999999986 0 3623 3838 5135; 1 1335 6109 434 1048 4980 593 3449 5107 325 5785 4985 1315 813 1897 3259 4812 5351 677 2411 5615 5234 3634 586 3348; 
63.36200000000005 0 8.397999999999968 1 54.96399999999995 0 3623 3838 5135; 1 1335 6109 434 1048 4980 593 3449 5107 325 5785 4985 1315 813 1897 3259 4812 5351 677 2411 5615 5234 3634 586 3348 3830; 
64.89400000000003 0 8.479999999999974 1 56.41399999999989 0 3623 3838 5135; 1 1335 6109 434 1048 4980 593 3449 5107 325 5785 4985 1315 813 1897 3259 4812 5351 677 2411 5615 5234 3634 586 3348 3830 1628; 
66.33199999999998 0 8.747999999999964 1 57.583999999999946 0 3623 3838 5135; 1 1335 6109 434 1048 4980 593 3449 5107 325 5785 4985 1315 813 1897 3259 4812 5351 677 2411 5615 5234 3634 586 3348 3830 1628 97; 
68.20600000000003 0 8.663999999999962 1 59.54199999999995 0 3623 3838 5135; 1 1335 6109 434 1048 4980 593 3449 5107 325 5785 4985 1315 813 1897 3259 4812 5351 677 2411 5615 5234 3634 586 3348 3830 97 1628 1849; 
70.1760000000001 0 8.76199999999997 1 61.41400000000002 0 3623 3838 5135; 1 1335 6109 434 1048 4980 593 3449 5107 325 5785 4985 1315 813 1897 3259 4812 5351 677 2411 5615 5234 3634 586 3348 3830 97 1628 1849 5879; 
71.50200000000008 0 8.955999999999975 1 62.54599999999998 0 3623 3838 5135; 1 1335 6109 434 1048 4980 593 3449 5107 325 5785 4985 1315 813 1897 3259 4812 5351 677 2411 5615 5234 3634 586 3830 1628 3348 1849 97 5879 639; 
72.4120000000001 0 8.82199999999996 1 63.58999999999997 0 3623 3838 5135; 1 1335 6109 434 1048 4980 593 3449 5107 325 5785 4985 1315 813 1897 3259 4812 5351 677 2411 5615 5234 3634 586 3830 1628 3348 1849 97 5879 639 2216; 
73.97400000000007 0 10.05399999999997 1 63.920000000000044 0 3623 3838 5135 1595; 1 1335 6109 434 1048 4980 593 3449 5107 325 5785 4985 1315 813 1897 3259 4812 5351 677 2411 5615 5234 3634 586 3830 1628 3348 1849 97 5879 639 2216; 
75.61400000000002 0 10.399999999999968 1 65.21399999999998 0 3623 3838 5135 1595; 1 1335 6109 434 1048 4980 593 3449 5107 325 5785 4985 1315 813 1897 3259 4812 5351 677 2411 5615 5234 3634 586 3830 1628 3348 1849 97 5879 639 2216 5082; 
77.5920000000002 0 10.349999999999966 1 67.24200000000005 0 3623 3838 5135 1595; 1 1335 6109 434 1048 4980 593 3449 5107 325 5785 4985 1315 813 1897 3259 4812 5351 677 2411 5615 5234 3634 586 3830 1628 3348 1849 97 5879 639 2216 5082 695; 
78.57000000000004 0 10.479999999999968 1 68.09000000000005 0 3623 3838 5135 1595; 1 1335 6109 434 1048 4980 593 3449 5107 325 5785 4985 1315 813 1897 3259 4812 5351 677 2411 5615 5234 3634 586 3830 1628 3348 1849 97 5879 639 5082 2216 695 2730; 
79.43200000000013 0 10.39799999999996 1 69.03400000000006 0 3623 3838 5135 1595; 1 1335 6109 434 1048 4980 593 3449 5107 325 5785 4985 1315 813 1897 3259 4812 5351 450 2411 5615 5234 3634 586 3830 1628 3348 1849 97 5879 639 5082 2216 695 2730 1448; 
80.96200000000016 0 10.375999999999962 1 70.58599999999997 0 3623 1595 3838 5135; 1 1628 450 434 3830 593 5082 5107 2216 97 4985 1315 813 1897 3259 1849 5351 6109 2411 5615 695 3634 639 1335 5234 3348 4812 5785 5879 2730 1448 325 3449 4980 1048 586 5306; 
