4.273999999999968 0 0.36800000000000027 1 3.9059999999999695 0 1 1335; 
7.507999999999971 0 0.6000000000000004 1 6.907999999999968 0 1 1335 1324; 
10.853999999999965 0 0.9460000000000007 1 9.907999999999962 0 1 1335 1324 5351; 
14.13399999999996 0 1.1540000000000008 1 12.979999999999965 0 1 1324 1335 5351 5234; 
16.66199999999997 0 1.338000000000001 1 15.323999999999966 0 1 1324 1335 5351 5234 737; 
18.521999999999963 0 1.348000000000001 1 17.173999999999964 0 1 1324 1335 5351 5234 737 1237; 
21.03799999999998 0 1.7040000000000013 1 19.33399999999996 0 1 1324 1335 5351 5234 737 1237 6109; 
23.75599999999999 0 1.7360000000000013 1 22.019999999999968 0 1 1324 1335 5351 5234 737 1237 6109 677; 
25.80799999999998 0 1.9440000000000015 1 23.864 0 1 5351 737 5234 1335 6109 1237 1324 677 1267; 
28.705999999999964 0 2.2839999999999954 1 26.421999999999958 0 1 5351 737 5234 1335 6109 1237 1324 677 1267 3634; 
30.987999999999975 0 2.455999999999993 1 28.531999999999968 0 1 5351 737 5234 1335 6109 1237 1324 677 1267 3634 4985; 
33.53199999999999 0 2.533999999999991 1 30.997999999999998 0 1 5351 737 5234 1335 6109 1237 1324 677 1267 3634 4985 5107; 
35.282 0 2.6919999999999873 1 32.589999999999996 0 1 3854 737 5234 1335 6109 1237 1324 677 1267 3634 4985 5107 5165; 
37.35600000000003 0 2.869999999999986 1 34.485999999999976 0 1 3854 737 5234 1335 6109 1237 1324 677 1267 3634 4985 5107 5165 4980; 
39.81600000000001 0 3.19199999999998 1 36.62400000000002 0 1 3854 737 5234 2628 6109 1237 1324 677 1267 3634 4985 5107 5165 4980 1315; 
42.01 0 3.411999999999979 1 38.59799999999999 0 1 5351 737 5234 2628 6109 1237 1324 677 1267 3634 4985 5107 5165 4980 1315 4209; 
43.72999999999996 0 3.3019999999999796 1 40.42800000000003 0 1 5351 737 5234 2628 6109 1237 1324 677 1267 3634 4985 5107 5165 4980 1315 4209 3854; 
45.04800000000001 0 3.379999999999979 1 41.66799999999996 0 1 5351 737 5234 2628 6109 1237 1324 677 1267 3634 4985 5107 5165 4980 1315 4209 3854 3010; 
47.51399999999993 0 3.879999999999976 1 43.634000000000015 0 1 5351 737 5234 1335 6109 1237 1324 677 1267 3634 5107 5165 3854 4980 4209 3010 1315 4985 2628; 
49.82799999999996 0 3.937999999999971 1 45.889999999999965 0 1 5351 737 5234 1335 6109 1237 1324 677 1267 3634 5107 5165 3854 4980 4209 3010 1315 4985 1009 2628; 
50.980000000000004 0 3.853999999999977 1 47.126000000000005 0 1 5351 737 5234 1335 6109 1237 1324 677 1267 3634 5107 5165 3854 4980 4209 3010 1315 4985 1009 2628 3374; 
52.82599999999994 0 4.021999999999974 1 48.803999999999995 0 1 5351 737 5234 1335 6109 1237 1324 638 1267 3634 5107 5165 3854 4980 4209 3010 1315 4985 1009 2628 3374 775; 
53.76199999999992 0 3.9959999999999756 1 49.76599999999999 0 1 5351 737 5234 1335 6109 1237 1324 638 1267 3634 5107 5165 3854 4980 4209 3010 1315 4985 3449 1007 3374 775 2628; 
56.10199999999995 0 4.025999999999974 1 52.07599999999996 0 1 5351 737 5234 1335 6109 1237 1324 638 1267 3634 5107 5165 3854 4980 4209 3010 1315 4985 3449 2628 1007 775 3374 3364; 
57.254000000000005 0 4.171999999999972 1 53.082000000000015 0 1 5351 737 5234 1335 6109 1237 1324 638 1267 3634 5107 5165 3854 4980 4209 3010 1315 4985 3449 2628 1007 775 3374 3364 4462; 
59.67799999999994 0 4.5639999999999725 1 55.11399999999994 0 1 5351 737 5234 1335 6109 1237 1324 638 1267 3449 1315 5165 3374 4980 775 3010 4462 4985 1007 3634 4209 3364 3854 2628 5107 4812; 
60.717999999999925 0 4.56599999999998 1 56.151999999999944 0 1 5351 737 5234 1335 6109 1237 1324 638 1267 3449 1315 5165 3374 4980 775 3010 4462 4985 1007 3634 4209 3364 3854 2628 5107 4812 434; 
63.75400000000001 0 4.945999999999974 1 58.80799999999994 0 1 5351 737 5234 1335 6109 1237 1324 638 1267 3449 1315 5165 3374 4980 775 3010 4462 4985 1007 3634 4209 3364 3854 2628 5107 4812 434 1628; 
64.57599999999996 0 4.829999999999971 1 59.745999999999945 0 1 5351 737 5234 1335 6109 1237 1324 638 1267 3449 1315 5165 3374 4980 775 3010 4462 4985 1007 3634 4209 3364 3854 2628 5107 4812 434 1628 3078; 
65.53799999999998 0 5.987999999999968 1 59.549999999999926 0 2055; 1 5351 737 5234 1335 6109 1237 1324 638 1267 3449 1315 5165 3374 4980 775 3010 4462 4985 1007 3634 4209 3364 3854 2628 5107 4812 434 3078 4436; 
67.662 0 5.8579999999999695 1 61.804 0 2055; 1 5351 737 5234 1335 6109 1237 1324 638 1267 3449 1315 5165 3374 4980 1448 3010 4462 4985 1007 3634 4209 3364 3854 2628 5107 4812 4436 3078 434 1291; 
69.01800000000007 0 6.105999999999973 1 62.91200000000005 0 2055; 1 5351 737 5234 1335 6109 1237 1324 638 1267 3449 1315 5165 3374 4980 1448 3010 4462 4985 1007 3634 4209 3364 3854 2628 5107 4812 4436 3078 434 1291 1175; 
69.78000000000006 0 5.95999999999997 1 63.82 0 2055; 1 5351 737 5234 1335 6109 1237 1324 638 1267 3449 1315 5165 3374 4980 1448 3010 4462 4985 1007 3634 4209 3364 3854 2628 5107 4812 4436 3078 434 1291 1175 2908; 
71.26000000000008 0 6.075999999999966 1 65.18400000000005 0 2055; 1 5351 737 5234 1335 6109 1237 1324 638 1267 3449 1315 5165 97 4980 1448 3010 4462 4985 1007 3634 4209 3364 3854 2628 5107 4812 4436 3078 434 1291 1175 2908 4960; 
73.50000000000003 0 7.297999999999966 1 66.20200000000008 0 2055 5614; 1 5351 737 5234 1335 6109 1237 1324 677 1267 3449 1315 5165 97 4980 1448 3010 4462 4985 1007 3634 4209 3364 3854 2628 5107 4812 4436 3078 434 1291 2908 4960 2730; 
74.94400000000002 0 7.4939999999999705 1 67.45000000000005 0 2055 5614; 1 5351 737 5234 1335 6109 1237 1324 677 1267 3449 1315 5165 97 4980 1448 3010 4462 4985 1007 3634 4209 3364 3854 2628 5107 4812 4436 3078 434 1291 2908 4960 2730 3259; 
75.98000000000009 0 7.497999999999965 1 68.48200000000007 0 2055 5614; 1 5351 737 5234 1335 6109 1237 1324 677 1267 3449 1315 5165 97 4980 1448 3010 4462 4985 1007 3634 4209 3364 3854 2628 5107 4812 4436 3078 434 1291 2908 4960 2730 3259 639; 
78.09600000000017 0 7.819999999999964 1 70.27600000000004 0 2055 5614; 1 5351 737 5234 1335 6109 1237 1324 677 1267 3449 1315 5165 97 4980 1448 3010 4462 4985 1007 3634 4209 3364 3854 2628 5107 4812 4436 3078 434 1291 2730 4960 639 2908 3259 3924; 
79.0640000000001 0 7.637999999999963 1 71.42600000000004 0 2055 5614; 1 5351 737 5234 1335 6109 1237 1324 677 1267 3449 1315 5165 97 4980 1448 3010 4462 4985 1007 3634 4209 3364 3854 2628 5107 4812 4436 3078 434 1291 2730 4960 639 2908 3259 3924 1138; 
80.49400000000017 0 7.74999999999997 1 72.74400000000016 0 2055 5614; 1 5351 737 5234 1335 6109 1237 1324 677 1267 3449 1315 5165 97 4980 1448 3010 4462 4985 1007 3634 4209 3364 3854 2628 5107 4812 4436 3078 434 1291 2730 4960 639 2908 3259 3924 1138 1318; 
