2.555999999999986 0 1.438000000000001 1 1.1180000000000008 0 3623;
1 ;
5.403999999999977 0 1.5840000000000012 1 3.8199999999999776 0 3623;
1 2411;
8.279999999999971 0 1.8080000000000014 1 6.47199999999997 0 3623;
1 2411 4980;
11.33399999999997 0 2.223999999999995 1 9.109999999999973 0 3623;
1 2411 4980 3348;
13.087999999999958 0 3.4419999999999806 1 9.645999999999965 0 3623 5135;
1 2411 4980 3348;
16.76599999999997 0 3.639999999999979 1 13.12599999999997 0 3623 5135;
1 2411 3348 4980 1335;
20.049999999999972 0 4.093999999999978 1 15.95599999999996 0 3623 5135;
1 2411 3348 4980 1335 4985;
22.380000000000006 0 4.265999999999974 1 18.11399999999998 0 3623 5135;
1 2411 3348 4980 1335 4985 1048;
23.58199999999999 0 4.417999999999976 1 19.163999999999962 0 3623 5135;
1 4985 1335 1048 3348 4980 2411 593;
27.033999999999967 0 4.695999999999969 1 22.33799999999996 0 3623 5135;
1 4985 1335 1048 3348 4980 2411 593 1315;
30.265999999999966 0 4.979999999999976 1 25.285999999999948 0 3623 5135;
1 4985 1335 1048 3348 4980 2411 593 1315 6109;
30.763999999999992 0 6.083999999999959 1 24.679999999999954 0 3623 5135 5463;
1 4985 1335 1048 3348 4980 2411 593 1315 6109;
33.68799999999997 0 7.309999999999967 1 26.377999999999997 0 3623 5135 4854 5463;
1 4985 1335 1048 3348 4980 2411 593 1315 6109;
34.62199999999995 0 7.433999999999963 1 27.18799999999995 0 3623 5135 4854 5463;
1 4985 1335 349 3348 4980 2411 593 1315 6109 5785;
37.708 0 7.5259999999999625 1 30.18199999999998 0 3623 5135 4854 1595;
1 4985 1335 349 3348 4980 2411 593 1315 6109 3449 5785;
38.815999999999974 0 8.59599999999997 1 30.219999999999988 0 3623 5135 1074 4854 1595;
1 4985 1335 349 4980 2411 593 1315 6109 3449 5785 639;
40.97799999999996 0 8.629999999999969 1 32.34800000000001 0 3623 5135 1074 4854 1595;
1 4985 1335 349 4980 2411 593 1315 6109 3449 5785 639 586;
42.228000000000016 0 9.785999999999973 1 32.44199999999995 0 3623 5135 1074 4854 1595 2121;
1 4985 1335 349 4980 2411 593 3449 1315 5785 586 6109 639;
43.95799999999999 0 10.853999999999969 1 33.10399999999996 0 3623 5135 1074 4854 1595 2121 1494;
1 4985 1335 349 4980 2411 593 3449 1315 5785 586 6109 639;
45.66800000000002 0 10.923999999999948 1 34.74399999999998 0 3623 5135 1074 4854 1595 2121 1494;
1 4985 1335 349 4980 2411 593 3449 1315 5785 586 6109 639 813;
47.84199999999993 0 11.191999999999954 1 36.65000000000002 0 3623 5135 1074 4854 1595 2121 1494;
1 4985 1335 349 4980 2411 593 3449 1315 5785 586 6109 639 813 5615;
50.64799999999997 0 11.481999999999966 1 39.166000000000054 0 3623 5135 1074 4854 1595 2121 1494;
1 4985 1335 1048 4980 2411 593 3449 1315 5785 586 6109 639 813 5615 4812;
52.357999999999954 0 11.643999999999966 1 40.71399999999994 0 3623 5135 1074 4854 1595 2121 1494;
1 4985 1335 1048 4980 2411 593 3449 1315 5785 586 6109 639 813 5615 4812 5234;
53.41399999999993 0 12.30599999999995 1 41.10800000000001 0 3623 5135 1074 4854 1595 2121 1494 4257;
1 4985 1335 349 4980 2411 593 3449 1315 5785 586 6109 639 813 5615 4812 5234;
54.601999999999975 0 12.635999999999951 1 41.96600000000004 0 1074 3623 1494 4854 5135 1595 2121 4257;
1 593 4980 3449 6109 586 5234 1315 2411 4812 349 813 5615 1335 639 5785 4985 817;
56.24599999999988 0 12.80999999999996 1 43.435999999999986 0 1074 3623 1494 4854 5135 1595 2121 4257;
1 593 4980 3449 6109 586 5234 1315 2411 4812 349 813 5615 1335 639 5785 4985 817 20;
58.15399999999993 0 13.011999999999958 1 45.14199999999999 0 1074 3623 1494 4854 5135 1595 2121 4257;
1 593 4980 3449 6109 586 5234 1315 2411 4812 349 813 5615 1335 639 5785 3897 817 20 3683;
59.77799999999999 0 13.957999999999972 1 45.82000000000004 0 57 1074 3623 1494 4854 5135 1595 2121 4257;
1 4980 3449 6109 586 5234 1315 2411 4812 349 813 5615 1335 639 5785 3897 817 20 3683 5834;
60.355999999999966 0 14.893999999999968 1 45.46200000000002 0 57 5463 1074 3623 1494 5135 1595 2121 4257 339;
1 4980 6109 586 5234 1315 2411 4812 2113 349 813 5615 1335 639 5785 3897 817 20 3683 2333;
60.999999999999964 0 14.78999999999996 1 46.21000000000001 0 57 5463 3623 1494 5135 1595 2121 4257 339 1074;
1 4980 6109 586 3348 5234 1315 2411 4812 2113 349 813 5615 1335 639 5785 3897 817 20 3683 2333;
62.986000000000004 0 14.995999999999963 1 47.98999999999996 0 57 5463 3623 1494 5135 1595 2121 4257 339 1074;
1 4980 6109 586 3348 5234 1315 2411 4812 2113 349 813 5615 1335 639 5785 3897 817 2333 3683 20 3782;
64.98400000000001 0 15.193999999999958 1 49.789999999999935 0 57 5463 3623 1494 5135 1595 2121 4257 339 1074;
1 4980 6109 586 3348 5234 1315 2411 4812 2113 349 813 5615 1335 639 5785 3897 817 2333 3683 20 3782 2216;
65.54000000000002 0 16.06199999999997 1 49.47799999999995 0 57 5463 5140 3623 1494 5135 1595 2121 4257 339 1074;
1 4980 6109 586 3348 1315 2411 4812 2113 349 813 5615 1335 639 5785 3897 817 2333 3683 20 3782 2216 677;
66.84400000000001 0 17.009999999999994 1 49.83399999999997 0 57 5463 5140 3623 1494 5135 1595 2121 4257 339 1074 1228;
1 4980 6109 586 3348 1315 2411 4812 2113 349 813 5615 1335 639 5785 3897 817 2333 3683 20 3782 2216 677;
69.29200000000004 0 14.31999999999995 1 54.97199999999992 0 57 3623 1494 5135 1595 2121 4257 1074 1228;
1 4980 3449 6109 586 3348 4629 1315 2411 4812 2113 349 813 5615 1335 639 5785 3897 817 2333 3683 5834 20 3782 2216 677 947;
70.47400000000006 0 15.34599999999997 1 55.12799999999992 0 57 3623 1494 4854 5135 1595 2121 4257 1074 1228;
1 4980 3449 6109 586 3348 4629 1315 2411 4812 349 813 5615 1335 639 5785 3897 817 2333 3683 5834 20 3782 2216 677 947 2113;
71.6040000000001 0 18.160000000000014 1 53.44399999999997 0 57 5463 5140 3623 1494 4854 5135 1595 2121 4257 1228 1074 339;
1 4980 6109 586 3348 1315 2411 4812 349 813 5615 1335 639 5785 3897 817 3782 2216 947 3683 2333 20 2113 5834 677;
73.43800000000003 0 18.35799999999999 1 55.07999999999998 0 57 5140 3623 1494 4854 5135 1595 2121 4257 1228 1074 339 5463;
1 4980 3449 6109 586 3348 1315 2411 4812 349 813 5615 1335 639 5785 3897 817 3782 2216 947 3683 2333 20 2113 5834 677;
75.50800000000004 0 19.317999999999984 1 56.189999999999955 0 57 5140 3623 1494 4854 5135 1595 5789 4257 1228 1074 339 5463 5;
1 4980 3449 6109 586 3348 1315 2411 4812 349 813 5615 1335 639 5785 3897 817 3782 2216 947 3683 2333 20 2113 5834 677;
76.07400000000013 0 19.429999999999986 1 56.644 0 57 5140 3623 1494 4854 5135 1595 5789 4257 5 5463 1074 339 1228;
1 4980 3449 6109 586 3348 1315 2411 4812 349 813 5615 1335 639 5785 3897 817 2216 947 3683 20 2113 5834 677 3782 2333 4775;
