4.163999999999975 0 0.3820000000000003 1 3.7819999999999747 0 ; 1 1335;
7.413999999999965 0 0.7000000000000005 1 6.713999999999968 0 ; 1 1335 6109;
11.49799999999998 0 1.0980000000000008 1 10.399999999999968 0 ; 1 1335 6109 3634;
13.751999999999965 0 1.1000000000000008 1 12.651999999999973 0 ; 1 1335 6109 3634 1235;
16.843999999999976 0 1.392000000000001 1 15.45199999999997 0 ; 1 1335 6109 3634 1235 5234;
19.301999999999968 0 1.7000000000000013 1 17.601999999999975 0 ; 1 1335 6109 3634 1235 5234 5351;
21.40199999999996 0 1.6120000000000012 1 19.78999999999996 0 ; 1 1335 6109 3634 1235 5234 5351 3924;
23.771999999999977 0 1.9220000000000015 1 21.84999999999995 0 ; 1 1335 6109 3634 1235 5234 5351 3924 5913;
27.063999999999986 0 2.337999999999993 1 24.725999999999996 0 ; 1 1335 6109 3634 1235 5234 5351 3924 5913 1315;
29.501999999999953 0 2.4579999999999926 1 27.043999999999986 0 ; 1 1335 6109 3634 1235 5234 5351 3924 5913 1315 813;
31.363999999999976 0 2.6039999999999885 1 28.759999999999977 0 ; 1 1335 6109 3634 1235 5234 5351 3924 5913 1315 813 4519;
33.47999999999999 0 2.7479999999999887 1 30.731999999999964 0 ; 1 1335 6109 3634 1235 5234 5351 3924 5913 1315 813 4519 2411;
36.14199999999997 0 3.0939999999999857 1 33.04799999999999 0 ; 1 1335 6109 3634 1235 5234 5351 3924 5913 1315 813 4519 2411 3364;
37.74400000000002 0 3.1419999999999826 1 34.60199999999998 0 ; 1 1335 6109 3634 1235 5234 5351 3924 5913 1315 813 4519 2411 3364 4985;
39.42799999999997 0 3.3819999999999815 1 36.04599999999999 0 ; 1 1335 6109 3634 1235 5234 5351 3924 5913 1315 813 4519 2411 3364 4985 3463;
40.92799999999999 0 3.2659999999999805 1 37.66200000000001 0 ; 1 1335 6109 3634 1235 5234 5351 3924 5913 1315 813 4519 2411 3364 4985 3463 1137;
43.14199999999999 0 3.361999999999979 1 39.780000000000015 0 ; 1 1335 6109 3634 1235 5234 5351 3924 5913 1315 813 4519 2411 3364 4985 3463 1137 4436;
45.690000000000026 0 3.4239999999999777 1 42.266 0 ; 1 1335 6109 3634 1235 5234 5351 3924 5913 1315 813 4519 2411 3364 4985 3463 1137 4436 616;
46.436000000000014 0 3.639999999999979 1 42.796000000000035 0 ; 1 1335 6109 3634 1235 5234 5351 3924 5913 1315 813 4519 2411 3364 4985 3463 1137 4436 616 1729;
48.111999999999924 0 3.615999999999978 1 44.49600000000001 0 ; 1 1335 6109 3634 1235 5234 5351 3924 5913 1315 813 4519 2411 3364 4985 3463 1137 4436 616 1729 1625;
50.784000000000034 0 3.8819999999999775 1 46.901999999999965 0 ; 1 1335 6109 3634 1235 5234 5351 3924 5913 1315 813 4519 2411 3364 4985 3463 1137 4436 616 1729 1625 586;
52.96999999999997 0 4.383999999999971 1 48.586 0 ; 1 1335 6109 3634 1235 5234 5351 3924 5913 1315 813 4519 2411 3364 4985 3463 1137 4436 616 1729 1625 586 5615;
53.82799999999994 0 4.177999999999972 1 49.650000000000034 0 ; 1 1335 6109 3634 1235 5234 5351 3924 5913 1315 813 4519 2411 3364 4985 3463 1137 4436 616 1729 1625 586 5615 1587;
57.04600000000001 0 4.491999999999976 1 52.554000000000016 0 ; 1 1335 6109 3634 1235 5234 5351 3924 5913 1315 813 4519 2411 3364 4985 3463 1137 4436 616 1729 1625 586 5615 1587 3292;
57.26199999999992 0 4.435999999999974 1 52.825999999999915 0 ; 1 1335 6109 3634 1235 5234 5351 3924 5913 1315 813 4519 2411 3364 4985 3463 1137 4436 616 1729 1625 586 5615 1587 3292 1942;
58.73599999999994 0 4.49599999999997 1 54.239999999999945 0 ; 1 1335 6109 3634 1235 5234 5351 3924 5913 1315 813 4519 2411 3364 4985 3463 1137 4436 616 1729 1625 586 5615 1587 3292 1942 1159;
60.919999999999966 0 4.553999999999972 1 56.365999999999964 0 ; 1 1335 6109 3634 1235 5234 5351 3924 5913 1315 813 4519 2411 3364 4985 3463 1137 4436 616 1729 1625 586 5615 1587 3292 1942 1159 1593;
61.88599999999996 0 4.439999999999968 1 57.44599999999996 0 ; 1 1335 6109 3634 1235 5234 5351 3924 5913 1315 813 4519 2411 3364 4985 3463 1137 4436 616 1729 1625 586 5615 1587 3292 1942 1159 1593 854;
64.18599999999996 0 4.641999999999971 1 59.54399999999997 0 ; 1 1335 6109 3634 1235 5234 5351 3924 5913 1315 813 4519 2411 3364 4985 3463 1137 4436 616 1729 1625 586 5615 1587 3292 1942 1159 1593 854 5679;
65.78200000000005 0 4.8459999999999726 1 60.93599999999996 0 ; 1 1335 6109 3634 1235 5234 5351 3924 5913 1315 813 4519 2411 3364 4985 3463 1137 4436 616 1729 1625 586 5615 1587 3292 1942 1159 1593 854 5679 3259;
66.34800000000004 0 4.819999999999972 1 61.52799999999996 0 ; 1 1335 6109 3634 1235 5234 5351 3924 5913 1315 813 4519 2411 3364 4985 3463 1137 4436 616 1729 1625 586 5615 1587 3292 1942 1159 1593 854 5679 3259 5721;
69.46000000000004 0 5.103999999999976 1 64.35599999999995 0 ; 1 1335 6109 3634 1235 5234 5351 3924 5913 1315 813 4519 2411 3364 4985 3463 1137 4436 616 1729 1625 586 5615 1587 3292 1942 1159 1593 854 5679 3259 5721 4812;
71.06800000000015 0 5.2879999999999665 1 65.78000000000006 0 ; 1 1335 6109 3634 1235 5234 5351 3924 5913 1315 813 4519 2411 3364 4985 3463 1137 4436 616 1729 1625 586 5615 1587 3292 1942 1159 1593 854 5679 3259 5721 4812 434;
71.40199999999994 0 5.331999999999965 1 66.07000000000001 0 ; 1 1335 6109 3634 1235 5234 5351 3924 5913 1315 813 4519 2411 3364 4985 3463 1137 4436 616 1729 1625 586 5615 1587 3292 1942 1159 1593 854 5679 3259 5721 4812 434 695;
73.09400000000015 0 5.50599999999997 1 67.58800000000006 0 ; 1 1335 6109 3634 1235 5234 5351 3924 5913 1315 813 4519 2411 3364 4985 3463 1137 4436 616 1729 1625 586 5615 1587 3292 1942 1159 1593 854 5679 3259 5721 4812 434 695 2317;
75.12400000000012 0 5.653999999999971 1 69.47000000000004 0 ; 1 1335 6109 3634 1235 5234 5351 3924 5913 1315 813 4519 2411 3364 4985 3463 1137 4436 616 1729 1625 586 5615 1587 3292 1942 1159 1593 854 5679 3259 5721 4812 434 695 2317 817;
77.74600000000011 0 6.005999999999965 1 71.74000000000005 0 ; 1 1335 6109 3634 1235 5234 5351 3924 5913 1315 813 4519 2411 3364 4985 3463 1137 4436 616 1729 1625 586 5615 1587 3292 1942 1159 1593 854 5679 3259 5721 4812 434 695 2317 817 593;
78.34000000000006 0 6.007999999999966 1 72.33200000000008 0 ; 1 1335 6109 3634 1235 5234 5351 3924 5913 1315 813 4519 2411 3364 4985 3463 1137 4436 616 1729 1625 586 5615 1587 3292 1942 1159 1593 854 5679 3259 5721 4812 434 695 2317 817 593 578;
80.24600000000014 0 6.183999999999974 1 74.06200000000021 0 ; 1 1335 6109 3634 1235 5234 5351 3924 5913 1315 813 4519 2411 3364 4985 3463 1137 4436 616 1729 1625 586 5615 1587 3292 1942 1159 1593 854 5679 3259 5721 4812 434 695 2317 817 593 578 2073;
80.55400000000019 0 6.051999999999968 1 74.50200000000007 0 ; 1 1335 6109 3634 1235 5234 5351 3924 5913 1315 813 4519 2411 3364 4985 3463 1137 4436 616 1729 1625 586 5615 1587 3292 1942 1159 1593 854 5679 3259 5721 4812 434 695 2317 817 593 578 2073 3721;
