3.8899999999999744 0 0.3940000000000003 1 3.4959999999999747 0 1 5234; 
6.943999999999969 0 0.6440000000000005 1 6.299999999999969 0 1 5234 4985; 
10.037999999999968 0 0.9500000000000007 1 9.087999999999969 0 1 5234 4985 3449; 
13.183999999999964 0 1.280000000000001 1 11.903999999999971 0 1 5234 3449 4985 1335; 
17.125999999999966 0 1.7600000000000013 1 15.365999999999959 0 1 5234 3449 4985 1335 3634; 
19.32599999999997 0 1.8860000000000015 1 17.43999999999996 0 1 3449 4985 1335 5234 3634 813; 
21.469999999999967 0 2.087999999999999 1 19.381999999999966 0 1 3449 4985 1335 5234 3634 813 593; 
25.005999999999986 0 2.4719999999999906 1 22.53399999999995 0 1 3449 4985 1335 5234 3634 813 593 1315; 
26.24599999999998 0 2.4959999999999907 1 23.749999999999954 0 1 3449 4985 1335 5234 3634 813 593 1315 4812; 
28.841999999999953 0 3.9319999999999764 1 24.909999999999975 0 3838; 1 2628 4985 1335 5234 3634 813 593 1315 4812; 
30.835999999999967 0 4.043999999999973 1 26.791999999999952 0 3838; 1 2628 4985 1335 5234 3634 813 593 1315 4812 1048; 
32.31799999999999 0 5.189999999999973 1 27.127999999999975 0 3838 1595; 1 2628 4985 1335 5234 3634 813 1315 4812 1048 593; 
34.92999999999997 0 5.305999999999967 1 29.623999999999963 0 3838 1595; 1 2628 4985 1335 5234 3634 813 1315 4812 1048 593 6109; 
36.827999999999996 0 5.633999999999972 1 31.19399999999996 0 3838 1595; 1 2628 4985 1335 5234 3634 813 1315 4812 1048 593 6109 2411; 
39.385999999999974 0 5.7799999999999665 1 33.60599999999994 0 3838 1595; 1 2628 4985 1335 5234 3634 813 1315 4812 1048 593 6109 2411 4980; 
41.49 0 5.953999999999968 1 35.535999999999994 0 1595 3838; 1 813 6109 1335 3634 4980 2411 4985 2628 5234 1315 593 1048 4812 5730; 
42.82800000000003 0 7.111999999999963 1 35.71599999999998 0 1595 3838 5135; 1 813 6109 1335 3634 4980 2411 4985 2628 5234 1315 593 1048 4812 5730; 
45.486000000000026 0 7.085999999999963 1 38.39999999999999 0 1595 3838 5135; 1 813 6109 1335 3634 4980 2411 4985 2628 5234 1315 593 1048 4812 5730 5615; 
46.512000000000015 0 7.327999999999969 1 39.184000000000005 0 1595 3838 5135; 1 813 6109 1335 2113 4980 2411 4985 2628 5234 1315 593 1048 4812 5730 5615 5785; 
49.15 0 7.4159999999999675 1 41.733999999999995 0 1595 3838 5135; 1 813 6109 1335 2113 4980 2411 4985 2628 5234 1315 593 1048 4812 5730 5615 5785 97; 
51.247999999999955 0 7.775999999999964 1 43.471999999999994 0 1595 3838 5135; 1 813 6109 1335 2113 4980 2411 4985 2628 5234 1315 593 1048 4812 5730 5785 5615 97 5351; 
52.87399999999998 0 7.7039999999999615 1 45.17 0 1595 3838 5135; 1 813 6109 1335 2113 4980 2411 4985 2628 5234 1315 593 1048 4812 5730 5785 5615 97 5351 1324; 
54.598 0 7.79799999999997 1 46.80000000000001 0 5463 3838 5135; 1 813 6109 1335 2113 4980 2411 4985 2628 5234 1315 593 1048 4812 5730 5785 5615 97 5351 1324 3897; 
56.18199999999994 0 8.787999999999961 1 47.39399999999999 0 5463 3838 5135 4854; 1 813 6109 1335 2113 4980 2411 4985 2628 5234 1315 593 1048 4812 5730 5785 5615 97 5351 1324 3897; 
56.67399999999994 0 8.91799999999997 1 47.756000000000014 0 5463 3838 5135 1650; 1 813 6109 1335 2113 4980 2411 4985 2628 5234 1315 593 1048 4812 5730 3051 5615 97 5351 3897 1324 4436; 
58.03799999999992 0 9.893999999999963 1 48.14399999999999 0 5463 3838 5135 1650 4854; 1 813 6109 1335 2113 4980 2411 4985 2628 5234 1315 593 1048 4812 5730 3051 5615 97 5351 3897 1324 4436; 
60.12399999999996 0 10.177999999999964 1 49.945999999999955 0 5463 3838 5135 1650 4854; 1 813 6109 1335 2113 4980 2411 4985 3449 5234 1315 593 1048 4812 5730 3051 5615 97 5351 3897 1324 4436 2628; 
62.682 0 10.163999999999959 1 52.51799999999991 0 5463 3838 5135 1650 4854; 1 813 6109 1335 2113 4980 2411 4985 3449 5234 1315 593 1048 4812 5730 3051 5615 97 5351 3897 1324 4436 2628 1235; 
63.65000000000003 0 10.289999999999967 1 53.35999999999995 0 5463 3838 5135 4854 1650; 1 813 6109 1335 2113 4980 2411 4985 3449 5234 1315 593 1048 4812 5730 3051 5615 97 5351 3897 1324 1235 2628 4436 3259; 
66.68400000000004 0 10.395999999999969 1 56.28799999999999 0 5463 3838 5135 4854 1650; 1 813 6109 1335 2113 4980 2411 4985 3449 5234 1315 593 1048 4812 5730 3051 5615 97 5351 3897 1324 1235 2628 4436 3259 677; 
65.40400000000008 0 12.367999999999963 1 53.035999999999994 0 5463 3838 5390 5135 4854 1650 3067; 1 813 6109 1335 2113 4980 2411 4985 3449 5234 1315 593 4812 5730 3051 5615 97 5351 3897 1324 1235 2628 4436 3259 2216; 
67.43800000000002 0 12.37399999999994 1 55.06399999999994 0 5463 3838 5390 5135 4854 1650 3067; 1 813 6109 1335 2113 4980 2411 4985 3449 5234 1315 593 4812 5730 3051 5615 97 5351 3897 1324 1235 2628 4436 3259 2216 817; 
67.76599999999999 0 12.48599999999996 1 55.27999999999994 0 5463 3838 5390 5135 4854 1650 3067; 1 813 6109 1335 2113 4980 2411 4985 3449 5234 1315 593 4812 5730 3051 5615 97 5351 3897 1324 1235 2628 4436 3259 817 2216 2317; 
70.04200000000009 0 12.44399999999996 1 57.59799999999996 0 3886 3838 5390 5135 4854 1650 3067; 1 813 6109 1335 2113 4980 2411 4985 3449 5234 1315 593 4812 5730 3051 5615 97 5351 3897 1324 1235 2628 4436 3259 817 2216 2317 724; 
72.21800000000002 0 12.717999999999964 1 59.49999999999996 0 3886 3838 5390 5135 4854 1650 3067; 1 813 6109 1335 2113 4980 2411 4985 3449 5234 1315 593 4812 5730 3051 5615 97 5351 3897 1324 1235 2628 4436 3259 817 2216 2317 724 4446; 
73.60200000000013 0 12.821999999999953 1 60.779999999999994 0 3886 3838 2053 5135 4854 1650 3067; 1 813 6109 1335 2113 4980 2411 4985 3449 5234 1315 593 4812 5730 3051 5615 97 5351 3897 1324 1235 2628 4436 3259 817 1048 2317 724 4446 2216; 
74.98400000000008 0 12.827999999999948 1 62.15600000000003 0 3886 3838 2053 5135 4854 1650 3067; 1 813 6109 1335 2113 4980 2411 4985 3449 5234 1315 593 4812 5730 3051 5615 97 5351 3897 1324 1235 2628 4436 3259 817 1048 2317 724 4446 2216 3939; 
76.61800000000007 0 13.073999999999963 1 63.54400000000002 0 5463 3838 2053 1650 3067 4854 5135; 1 813 6109 1335 2113 4980 2411 4985 3449 5234 1315 593 4812 5730 3259 3939 1628 724 2216 1048 3897 1324 4446 5615 3051 4436 2317 97 1235 817 5351 586; 
77.48200000000008 0 13.163999999999957 1 64.31800000000004 0 5463 3838 2053 1650 3067 4854 5135; 1 813 6109 1335 2113 4980 2411 4985 3449 5234 1315 593 4812 5730 3259 3939 1628 724 2216 1048 3897 1324 4446 5615 3051 4436 2317 97 1235 817 5351 586 5306; 
79.67200000000008 0 13.253999999999968 1 66.41800000000006 0 5463 3838 2053 1650 3067 4854 5135; 1 813 6109 1335 2113 4980 2411 4985 3449 5234 1315 593 4812 5730 3259 3939 1628 724 639 1048 3897 1324 4446 5615 3051 4436 2317 97 1235 817 5351 586 5306 2216; 
