2.447999999999986 0 1.384000000000001 1 1.0640000000000007 0 3623;
1 ;
5.225999999999971 0 1.6580000000000013 1 3.5679999999999708 0 3623;
1 5785;
7.463999999999973 0 1.7980000000000014 1 5.665999999999969 0 3623;
1 5785 3782;
10.78999999999996 0 2.159999999999997 1 8.629999999999972 0 3623;
1 3782 5785 4980;
12.859999999999973 0 2.3839999999999923 1 10.475999999999956 0 3623;
1 3782 5785 4980 817;
14.867999999999972 0 3.61399999999998 1 11.25399999999997 0 3623 5135;
1 3782 5785 4980 817;
17.983999999999956 0 3.9199999999999777 1 14.063999999999986 0 3623 5135;
1 4980 817 3782 5785 4985;
20.139999999999976 0 4.043999999999976 1 16.095999999999968 0 3623 5135;
1 4980 817 3782 5785 4985 3348;
22.291999999999977 0 4.323999999999978 1 17.967999999999975 0 3623 5135;
1 4980 817 3782 5785 4985 3348 4436;
25.139999999999958 0 5.62399999999997 1 19.515999999999973 0 3623 5135 4854;
1 4980 817 3782 5785 4985 3348 4436;
26.793999999999993 0 5.489999999999973 1 21.30399999999998 0 3623 5135 4854;
1 4980 817 3782 5785 4985 3348 4436 605;
28.981999999999978 0 5.833999999999969 1 23.147999999999982 0 3623 5135 4854;
1 4980 817 3782 5785 4985 3348 4436 605 593;
33.07599999999995 0 6.293999999999968 1 26.782000000000014 0 3623 5135 4854;
1 4980 817 3782 5785 4985 3348 4436 605 593 1335;
34.91999999999997 0 6.205999999999965 1 28.71399999999998 0 3623 5135 4854;
1 4980 817 3782 5785 4985 3348 4436 1335 593 605 6097;
36.444 0 6.333999999999969 1 30.109999999999964 0 3623 5135 4854;
1 4980 817 3782 5785 4985 3348 4436 1335 593 605 6097 2113;
39.242000000000026 0 6.581999999999971 1 32.660000000000004 0 3623 5135 4854;
1 4980 817 3782 5785 4985 3348 4436 1335 593 605 6097 2113 5234;
41.536000000000016 0 6.837999999999968 1 34.697999999999965 0 3623 5135 4854;
1 4980 817 3782 5785 4985 6097 5234 2113 605 3348 593 1335 4436 205;
42.08400000000002 0 7.665999999999963 1 34.417999999999964 0 3623 5135 4854 1595;
1 4980 817 3782 5785 3897 6097 5234 2113 605 3348 593 1335 4436 205;
43.11200000000001 0 7.727999999999972 1 35.383999999999965 0 3623 5135 4854 1595;
1 4980 817 3782 5785 3897 6097 5234 2113 605 3348 593 1335 4436 205 3683;
45.442000000000014 0 8.79999999999997 1 36.64200000000001 0 3623 5135 4854 1595 1494;
1 4980 817 3782 5785 3897 6097 5234 2113 1048 3348 593 1335 4436 205 3683;
47.17399999999997 0 8.977999999999966 1 38.195999999999955 0 3623 5135 1595 1494 4854;
1 4980 817 3782 5785 4985 205 1335 2113 3683 593 4436 6097 3348 1048 5234 3259;
49.55399999999999 0 10.081999999999963 1 39.47200000000001 0 3623 5135 1595 1494 4854 3337;
1 4980 817 3782 5785 4985 205 1335 2113 3683 593 4436 6097 3348 5165 5234 3259;
51.039999999999964 0 10.131999999999975 1 40.90800000000001 0 3623 5135 1595 1494 4854 3337;
1 4980 817 3782 5785 4985 205 1335 2113 3683 593 4436 6097 3348 5165 5234 3259 586;
52.651999999999965 0 10.423999999999964 1 42.227999999999994 0 3623 3337 4854 5135 1595 1494;
1 4985 3683 605 4436 2113 4980 3259 593 1335 5785 586 3348 3782 5234 205 6097 817 1048;
54.87399999999993 0 10.441999999999968 1 44.431999999999974 0 3623 3337 4854 5135 1595 1494;
1 4985 3683 605 4436 2113 4980 3259 593 1335 5785 586 3348 3782 5234 205 6097 817 1048 97;
57.13599999999991 0 11.615999999999959 1 45.519999999999975 0 4713 3623 3337 4854 5135 1595 1494;
1 4985 3683 4436 2113 4980 3259 593 1335 5785 586 3348 3782 5234 205 6097 817 4036 97 677;
58.40799999999992 0 11.627999999999957 1 46.77999999999995 0 4713 3623 3337 4854 5135 1595 1494;
1 4985 3683 4436 2113 4980 3259 593 1335 5785 586 3348 3782 5234 205 6097 817 4036 97 677 3449;
59.55799999999995 0 11.74199999999996 1 47.81599999999997 0 4713 3623 3337 4854 5135 1595 1494;
1 4985 3683 4436 2113 4980 3259 593 1335 5785 586 3348 3782 5234 205 6097 817 4036 97 677 3449 2411;
61.43199999999998 0 12.781999999999957 1 48.64999999999998 0 4713 3623 3337 4854 5135 1595 1494 5020;
1 4985 3683 4436 2113 4980 3259 593 1335 5785 586 3348 3782 5234 205 817 4036 677 3449 97 2411 1628;
63.563999999999986 0 13.043999999999961 1 50.51999999999996 0 4713 3623 3337 4854 5135 1595 1494 5020;
1 4985 3683 4436 2113 4980 3259 593 1335 5785 586 3348 3782 5234 205 817 4036 677 3449 97 2411 1628 1897;
65.08200000000002 0 13.241999999999948 1 51.83999999999998 0 3623 3337 4854 5135 1595 1494 16 5020;
1 4985 3683 3051 4436 2113 4980 3259 593 1335 586 3348 3782 5234 205 817 4036 1628 97 1897 2411 677 3449 1315;
66.14600000000002 0 15.14999999999995 1 50.995999999999945 0 4713 3623 3337 4854 5135 1595 1494 978 5020 4171;
1 4985 3683 4436 2113 4980 3259 593 1335 586 3348 3782 5234 205 817 4036 1628 97 1897 2411 677 3449 1315;
67.652 0 16.131999999999966 1 51.519999999999946 0 4713 3623 3337 4854 5135 1595 1494 5 5020 4171 3838;
1 4985 3683 4436 2113 4980 5635 593 1335 1984 586 3348 5234 205 817 1048 1628 97 1897 2411 677 3449 1315;
69.15000000000006 0 15.079999999999957 1 54.06999999999997 0 3623 3337 4854 5135 1595 1494 5 5020 4171 3838;
1 4985 3683 605 4436 2113 4980 5635 593 1335 5785 586 3348 5234 205 817 1048 1628 97 1897 2411 677 3449 1315 3051;
71.49000000000014 0 14.31399999999997 1 57.175999999999966 0 3623 3337 4854 5135 1595 1494 5 3838 4171;
1 4985 3683 605 4436 2113 4980 5635 593 1335 5785 586 3348 5234 205 6097 817 1048 1628 97 1897 2411 677 3449 1315 3051 5834;
73.19800000000009 0 14.25399999999994 1 58.94399999999996 0 3623 3337 4854 5135 1595 1494 5 3838 4171;
1 4985 3683 605 4436 2113 4980 5635 593 1335 5785 586 3348 5234 205 6097 817 1048 1628 97 1897 2411 677 4812 1315 3051 5834 3449;
74.94200000000019 0 14.653999999999954 1 60.28799999999995 0 3623 4854 5135 1595 1494 5 3818 3838 4171;
1 4985 3683 605 4436 2113 4980 639 5635 593 1335 5785 586 3348 5234 205 6097 817 1048 1628 97 1897 2411 4812 1315 3051 5834 3449 6109;
75.8540000000001 0 15.483999999999964 1 60.36999999999995 0 3623 4854 5135 1595 1494 5 3818 4171 3838 3123;
1 4985 3683 605 4436 2113 4980 639 5635 593 1335 5785 586 3348 5234 205 6097 817 1048 1628 97 1897 2411 4812 1315 5834 3051 6109 3449;
76.94400000000014 0 16.61999999999998 1 60.323999999999984 0 3623 4854 5135 1595 1494 3073 5 3818 4171 3838 3123;
1 4985 3683 605 4436 2113 4980 639 5635 593 1335 5785 3348 5234 205 6097 817 1048 1628 97 1897 2411 4812 1315 5834 3051 6109 3449 3939;
79.41600000000014 0 16.573999999999977 1 62.842000000000006 0 3623 3838 4854 5135 1595 4171 5 3123 3073 3818 1494;
1 1048 5234 1897 3449 4980 2411 5635 1628 1335 6109 3939 3348 3683 205 5834 817 97 4985 6097 5785 1315 4812 593 639 2113 4436 605 3051 434;
