2.469999999999987 0 1.364000000000001 1 1.1060000000000008 0 3623;
1 ;
6.363999999999971 0 1.7640000000000013 1 4.599999999999967 0 3623;
1 5234;
8.769999999999973 0 2.0180000000000007 1 6.75199999999996 0 3623;
1 5234 5785;
11.795999999999964 0 2.3459999999999916 1 9.449999999999964 0 3623;
1 5234 5785 4812;
13.833999999999962 0 3.5599999999999796 1 10.27399999999996 0 3623 5135;
1 5234 5785 4812;
16.733999999999973 0 3.7779999999999774 1 12.955999999999959 0 3623 5135;
1 5234 5785 4812 3449;
18.407999999999973 0 5.007999999999973 1 13.399999999999965 0 5135 3623 3838;
1 4812 5234 3449 5785;
20.682 0 5.255999999999974 1 15.425999999999966 0 5135 3623 3838;
1 4812 5234 3449 5785 593;
22.651999999999976 0 5.403999999999972 1 17.24799999999995 0 5135 3623 3838;
1 4812 5234 3449 5785 593 3348;
25.44999999999997 0 5.52199999999997 1 19.92799999999995 0 5135 3623 3838;
1 4812 5234 3449 5785 593 3348 4985;
27.49199999999998 0 5.789999999999971 1 21.701999999999977 0 3838 3623 5135;
1 4812 5785 5234 3449 593 3348 4985 4980;
29.603999999999942 0 5.861999999999969 1 23.742000000000022 0 3838 3623 5135;
1 4812 5785 5234 3449 593 3348 4985 4980 817;
31.887999999999952 0 6.1179999999999675 1 25.769999999999992 0 3838 3623 5135;
1 4812 5785 5234 3449 593 3348 4985 4980 817 2730;
33.17399999999998 0 7.1859999999999635 1 25.987999999999964 0 3838 3623 5135 4854;
1 4812 5785 5234 3449 593 3348 4985 4980 817 2730;
35.646 0 7.415999999999966 1 28.229999999999976 0 3838 3623 5135 4854;
1 4812 5785 5234 3449 593 3348 4985 4980 817 2730 6109;
37.88799999999999 0 7.559999999999969 1 30.32799999999997 0 3838 3623 5135 4854;
1 4812 5785 5234 3449 593 3348 4985 4980 817 2730 6109 639;
39.505999999999965 0 8.639999999999972 1 30.865999999999953 0 3838 3623 5135 4854 1228;
1 4980 2730 5234 3449 6109 4985 4812 3348 593 639 817 5785;
41.69799999999998 0 8.609999999999973 1 33.08799999999996 0 3838 3623 5135 4854 1228;
1 4980 2730 5234 3449 6109 4985 4812 3348 593 639 817 5785 1048;
43.458000000000034 0 8.77199999999997 1 34.68599999999999 0 3838 3623 5135 4854 1228;
1 4980 2730 5234 3449 6109 4985 4812 3348 593 639 817 5785 1048 4436;
45.41199999999995 0 9.07799999999997 1 36.33399999999999 0 3838 3623 5135 4854 1228;
1 4980 2730 5234 3449 6109 4985 4812 3348 593 639 817 5785 1048 4436 1315;
48.97999999999997 0 8.243999999999968 1 40.735999999999976 0 3838 3623 5135 1228;
1 2730 4985 5234 3449 6109 2333 1048 4812 3348 593 639 817 1315 4980 4436 5785 1335;
49.92399999999999 0 9.381999999999973 1 40.542000000000016 0 3838 3623 5135 1228 4257;
1 2730 4985 5234 3449 6109 2333 1048 4812 3348 593 639 817 1315 4980 4436 5785 1335;
52.17799999999993 0 9.429999999999977 1 42.74800000000003 0 3838 3623 5135 1228 4257;
1 2730 4985 5234 3449 5082 2333 1048 4812 3348 593 639 817 1315 4980 4436 5785 1335 2411;
53.317999999999934 0 9.64599999999997 1 43.67199999999995 0 3838 3623 5135 1228 4257;
1 2730 4985 5234 3449 5082 2333 1048 4812 3348 593 639 817 1315 4980 4436 5785 1335 2411 813;
55.40199999999997 0 9.811999999999955 1 45.59000000000002 0 3838 3623 5135 1228 4257;
1 2730 4985 5234 2628 5082 2333 1048 4812 3348 593 639 817 1315 4980 4436 5785 1335 2411 813 3939;
56.46399999999996 0 10.951999999999977 1 45.511999999999965 0 3838 3623 5135 1228 4257 1595;
1 2730 4985 5234 2628 5082 2333 1048 4812 3348 593 639 817 1315 4980 4436 5785 1335 2411 813 3939;
57.99599999999994 0 11.823999999999952 1 46.17200000000002 0 3838 3623 5135 339 1228 4257 1595;
1 2730 4985 5234 1009 5082 2333 1048 4812 3348 593 639 817 1315 4980 5785 1335 2411 813 3939 5615;
59.14599999999994 0 12.731999999999946 1 46.41400000000001 0 3838 3623 5135 4854 339 1228 4257 1595;
1 2730 4985 5234 1009 5082 1048 4812 3348 593 639 817 1315 4980 5785 1335 2411 813 3939 5615 5473;
60.99200000000002 0 12.919999999999957 1 48.07200000000002 0 3838 3623 5135 4854 339 1228 4257 1595;
1 2730 4985 5234 1009 5082 1048 4812 3348 593 639 817 1315 4980 5785 1335 2411 813 3939 5615 5473 5370;
62.47199999999992 0 13.03799999999995 1 49.43399999999995 0 3838 3623 5135 4854 339 1228 4257 1595;
1 2730 4985 5234 1009 5082 1048 4812 3348 593 639 817 1315 4980 5785 1335 2411 813 3939 5615 5473 5370 3259;
64.06599999999997 0 13.155999999999944 1 50.90999999999994 0 3838 3623 5135 4854 339 1228 1595 4257;
1 2730 4985 5234 1009 5082 1048 4812 3348 593 639 817 1315 4980 5785 1335 813 3259 5370 3939 5615 5473 2411 3051;
65.85200000000005 0 13.039999999999955 1 52.811999999999934 0 3838 3623 5135 4854 339 1228 1595 4257;
1 2730 4985 5234 1009 5082 1048 4812 3348 593 639 817 1315 4980 5785 1335 813 3259 5370 3939 5615 5473 2411 3051 4209;
67.33800000000004 0 13.227999999999959 1 54.109999999999935 0 3838 3623 5135 4854 339 1228 1595 4257;
1 2730 4985 5234 1009 5082 1048 4812 3348 593 639 817 1315 4980 5785 1335 813 3259 5370 3939 5615 5473 2411 3051 4209 2113;
69.45400000000006 0 15.277999999999974 1 54.175999999999966 0 3838 3623 5135 4854 335 339 1228 3168 4257 1595;
1 2730 4985 5234 1009 5082 1048 4812 593 639 817 1315 4980 5785 1335 4209 5370 3939 5615 3051 2411 2113 813 3259 3010;
70.38600000000007 0 16.193999999999985 1 54.192 0 3838 3623 5135 4854 335 339 1228 3168 4257 1595 5;
1 2730 4985 5234 1009 5082 1048 4812 593 639 817 1315 4980 5785 1335 4209 5370 3939 5615 3051 2411 2113 813 3259 3010;
71.97000000000008 0 16.225999999999978 1 55.743999999999964 0 3838 3623 5135 4854 335 339 1228 3168 4257 1595 5;
1 2730 4985 5234 1009 5082 1048 4812 593 639 817 1315 4980 5785 1335 4209 5370 3939 5615 3051 2411 2113 813 3259 3010 3721;
74.75200000000017 0 16.393999999999973 1 58.35799999999993 0 3838 3623 5135 4854 335 339 1228 3168 4257 1595 5;
1 2730 4985 5234 1009 6109 1048 4812 593 639 817 1315 4980 5785 1335 4209 5370 3939 5615 3051 2411 2113 813 3259 3010 3721 677;
74.38400000000003 0 17.167999999999992 1 57.215999999999944 0 3838 3623 5135 4854 335 339 1228 3168 4257 1595 5 1198;
1 2730 4985 5234 1009 6109 1048 4812 593 639 817 1315 4980 5785 1335 4209 5370 3939 5615 3051 2411 2113 813 3259 3010 3721 677;
76.5200000000001 0 18.316 1 58.20399999999998 0 3838 3623 5135 4854 335 339 1228 3168 4257 1595 5 1198 4012;
1 2730 4985 5234 1009 6109 1048 4812 593 639 817 1315 4980 5785 1335 4209 5370 3939 5615 3051 2411 2113 813 3259 3010 3721 677;
78.46800000000007 0 18.50199999999998 1 59.96599999999992 0 3838 3623 5135 4854 335 339 1228 3168 4257 1595 5 1198 4012;
1 2730 4985 5234 1009 6109 1048 4812 593 639 817 1315 4980 5785 1335 4209 5370 3939 5615 3051 2411 2113 813 3259 3010 3721 677 586;
