2.651999999999983 0 0.25400000000000017 1 2.397999999999987 0 ;
1 5785;
5.719999999999974 0 0.5360000000000004 1 5.183999999999974 0 ;
1 5785 4980;
8.32799999999997 0 1.9240000000000015 1 6.403999999999965 0 3623;
1 5785 4980;
10.235999999999951 0 2.2339999999999947 1 8.00199999999997 0 3623;
1 5785 4980 3348;
13.323999999999964 0 2.4039999999999906 1 10.91999999999996 0 3623;
1 5785 4980 3348 4985;
16.037999999999975 0 2.6479999999999864 1 13.389999999999967 0 3623;
1 5785 4980 3348 4985 639;
17.94199999999997 0 3.855999999999974 1 14.085999999999954 0 3623 4854;
1 5785 4980 639 4985 3348;
19.90999999999995 0 5.033999999999972 1 14.875999999999966 0 3623 4854 1595;
1 5785 4980 639 4985 3348;
22.878 0 5.267999999999974 1 17.609999999999967 0 3623 4854 1595;
1 5785 4980 639 4985 3348 5234;
24.91599999999999 0 5.307999999999973 1 19.60799999999997 0 3623 4854 1595;
1 5785 4980 639 4985 3348 5234 3782;
27.28999999999996 0 6.615999999999961 1 20.67399999999994 0 3623 4854 1595 5135;
1 5785 4980 639 4985 3348 5234 3782;
29.109999999999953 0 6.771999999999962 1 22.337999999999965 0 3623 4854 1595 5135;
1 5785 4980 639 4985 3348 5234 3782 3939;
30.747999999999994 0 7.829999999999973 1 22.917999999999974 0 3623 4854 1595 5 5135;
1 5785 4980 639 4985 3348 5234 3939 3449;
33.213999999999956 0 8.175999999999966 1 25.037999999999986 0 3623 4854 5135 5 1595;
1 5785 4980 639 4985 3348 3449 5234 3939 817;
34.65600000000002 0 9.169999999999966 1 25.485999999999983 0 3623 4854 5135 5 1595 1074;
1 5785 4980 639 4985 3348 3449 5234 3939 817;
35.87599999999999 0 8.311999999999973 1 27.56399999999996 0 1074 3623 1595 5135 4854;
1 5785 639 4985 5234 3348 3449 4980 817 3782 3939 5338;
38.721999999999994 0 8.457999999999961 1 30.263999999999978 0 1074 3623 1595 5135 4854;
1 5785 639 4985 5234 3348 3449 4980 817 3782 3939 5338 1628;
41.432 0 8.727999999999977 1 32.70399999999997 0 1074 3623 1595 5135 4854;
1 5785 639 4985 5234 3348 2628 4980 817 3782 3939 5338 1628 813;
42.928 0 8.615999999999975 1 34.311999999999955 0 1074 3623 1595 5135 4854;
1 5785 639 4985 5234 3348 2628 4980 817 3782 3939 5338 1628 813 2411;
44.548 0 8.977999999999982 1 35.56999999999999 0 1074 3623 1595 5135 4854;
1 5785 639 4985 5234 3348 2628 4980 817 3782 3939 5338 1628 2411 813 4812;
47.06800000000004 0 9.975999999999962 1 37.09199999999997 0 1074 3623 1595 5135 4854 1228;
1 5785 639 4985 5234 3348 2628 4980 817 3782 3939 5338 1628 2411 813 4812;
48.00000000000004 0 11.199999999999957 1 36.80000000000001 0 1074 3623 1595 5135 4854 1228 4257;
1 5785 639 4985 5234 3348 2628 4980 817 3782 3939 5338 1628 2411 813 4812;
49.611999999999995 0 11.169999999999956 1 38.441999999999986 0 1074 3623 1595 5135 4854 1228 4257;
1 5785 639 4985 5234 3348 2628 4980 817 3782 3939 5338 1628 2411 813 4812 1315;
51.625999999999934 0 12.203999999999963 1 39.42200000000005 0 1074 3623 1595 5135 4854 4257 1228 1494;
1 5785 639 4985 5234 3348 3449 4980 817 3782 3939 5338 1628 2411 813 4812 1315;
53.49599999999993 0 12.333999999999952 1 41.162000000000056 0 1074 3623 1595 5135 4854 4257 1228 1494;
1 5785 639 4985 5234 3348 3449 4980 817 3782 3939 5338 1628 2411 813 4812 1315 593;
55.44799999999998 0 13.61199999999997 1 41.836000000000034 0 1074 3623 1595 5135 4854 4257 1228 1494 339;
1 5785 639 4985 5234 3348 3449 4980 817 3782 3939 5338 1628 2411 813 4812 1315 593;
56.855999999999895 0 13.481999999999971 1 43.37400000000002 0 1074 3623 1595 5135 4854 4257 1228 1494 339;
1 5785 639 4985 5234 3348 3449 4980 817 3782 3939 5338 1628 2411 813 4812 1315 593 1048;
56.89999999999991 0 15.12599999999997 1 41.77400000000002 0 335 1074 5463 3623 1595 5135 4854 4257 1228 1494 339;
1 5785 639 4985 5234 4980 817 3782 3939 5338 1628 2411 813 4812 1315 593 1048 3683;
59.558 0 15.505999999999965 1 44.05200000000003 0 335 1074 5463 3623 1595 5135 4854 4257 1228 1494 339;
1 5785 639 4985 5234 4980 817 3782 3939 5338 1628 2411 813 4812 1315 593 1048 3683 2113;
60.39399999999997 0 15.549999999999972 1 44.844000000000015 0 335 1074 5463 3623 1595 5135 4854 4257 339 1494 1228;
1 5785 639 4985 5234 4980 817 3782 3939 5338 2411 3683 2113 1628 1048 813 593 1315 4812 586;
61.80199999999998 0 16.593999999999973 1 45.20800000000001 0 335 1074 5463 3623 1595 5135 4854 3872 4257 339 1494 1228;
1 5785 639 4985 5234 4980 817 3782 3939 5338 2411 2113 1628 349 813 593 1315 4812 586 2216;
63.617999999999995 0 16.441999999999968 1 47.17599999999996 0 335 1074 5463 3623 1595 5135 4854 3872 4257 339 1494 1228;
1 5785 639 4985 5234 4980 817 4883 3939 5338 2411 2113 1628 349 813 593 1315 4812 586 2216 2317;
64.568 0 17.583999999999982 1 46.98400000000002 0 335 1074 5463 3623 1595 5135 4854 3872 4257 339 1494 1228 1550;
1 5785 639 4985 5234 4980 817 4883 3939 5338 2411 2113 1628 349 813 593 1315 4812 586 2216 2317;
66.40399999999998 0 18.70599999999997 1 47.69799999999996 0 5625 335 1074 5463 3623 1595 5135 4854 3872 4257 339 1494 1228 1550;
1 5785 4985 5234 4980 817 4883 3939 5338 2411 2113 1628 349 813 593 1315 4812 586 2216 2317 6109;
67.58000000000003 0 19.029999999999998 1 48.55000000000001 0 5625 335 5463 1494 339 3623 5135 4854 3872 1595 4257 1074 1550 1228;
1 586 1315 5234 6109 4883 2216 813 5785 3939 1628 817 4980 349 4985 4812 2411 593 2317 2113 5338 3051;
68.41000000000012 0 19.702 1 48.70799999999999 0 5625 5140 335 5463 1494 339 3623 5135 4854 3872 1595 4257 1074 1550 1228;
1 586 1315 6109 4883 2216 813 5785 3939 1628 817 4980 349 4985 4812 2411 593 2317 2113 5338 3051 5473;
70.16600000000001 0 19.89999999999999 1 50.26600000000002 0 5625 5140 335 5463 1494 339 3623 5135 4854 3872 1595 4257 1074 1550 1228;
1 586 1315 6109 4883 2216 813 5785 3939 1628 817 4980 349 4985 4812 2411 593 2317 2113 5338 3051 5473 2848;
70.67600000000007 0 20.685999999999968 1 49.98999999999998 0 5625 5140 335 5463 1494 339 3623 5135 4854 3872 1595 4257 1074 1550 1228 3307;
1 586 1315 6109 4883 2216 813 5785 3939 1628 817 4980 349 4985 4812 2411 593 2317 2113 5338 3051 5473 2848;
72.70200000000008 0 20.957999999999995 1 51.74399999999997 0 5625 5140 335 5463 1494 339 3623 5135 4854 3872 1595 4257 1074 1550 1228 3307;
1 586 1315 6109 4883 2216 813 5785 3939 1628 817 4980 349 4985 4812 2411 593 2317 2113 5338 3051 5473 2848 5879;
74.35200000000006 0 20.873999999999985 1 53.477999999999916 0 5625 5140 335 5463 1494 339 3623 5135 4854 3872 1595 4257 1074 1550 1228 3307;
1 586 1315 6109 4883 2216 813 5785 3939 1628 817 4980 349 4985 4812 2411 593 2317 2113 5338 3051 5473 2848 5879 4436;
