3.8699999999999704 0 0.39000000000000024 1 3.4799999999999756 0 ;
1 5234;
6.933999999999968 0 0.6440000000000005 1 6.2899999999999725 0 ;
1 5234 593;
9.74199999999996 0 1.0460000000000007 1 8.695999999999966 0 ;
1 5234 593 4980;
12.817999999999962 0 1.282000000000001 1 11.53599999999996 0 ;
1 5234 593 4980 3634;
15.645999999999962 0 1.480000000000001 1 14.16599999999997 0 ;
1 5234 593 4980 3634 5338;
17.369999999999933 0 1.6960000000000013 1 15.673999999999964 0 ;
1 4980 5338 593 3634 5234 817;
19.509999999999977 0 1.8400000000000014 1 17.669999999999973 0 ;
1 4980 5338 593 3634 5234 817 4985;
22.397999999999982 0 3.099999999999979 1 19.297999999999988 0 3623;
1 4980 5338 593 3634 5234 817 4985;
24.641999999999985 0 3.347999999999981 1 21.29399999999997 0 3623;
1 4980 5338 593 3634 5234 817 4985 5785;
26.01799999999999 0 3.343999999999982 1 22.67399999999996 0 3623;
1 4980 5338 593 3634 5234 817 4985 5785 2411;
28.801999999999957 0 3.583999999999977 1 25.217999999999968 0 3623;
1 4980 5338 593 3634 5234 817 5785 4985 2411 586;
30.885999999999942 0 3.9739999999999758 1 26.911999999999992 0 3623;
1 4980 5338 593 3634 5234 817 5785 4985 2411 586 3259;
32.705999999999996 0 5.033999999999977 1 27.671999999999986 0 3623 5135;
1 4980 5338 593 3634 5234 817 5785 4985 2411 586 3259;
35.06199999999997 0 5.273999999999971 1 29.78799999999997 0 3623 5135;
1 4980 5338 593 3634 5234 817 5785 4985 2411 586 3259 1048;
35.89200000000001 0 5.301999999999966 1 30.589999999999936 0 3623 5135;
1 4980 5338 593 3634 5234 817 5785 4985 2411 586 3259 1048 3348;
39.31599999999998 0 5.699999999999975 1 33.61599999999998 0 5135 3623;
1 4980 5338 593 3634 5234 817 4985 3259 1048 3348 5785 2411 586 2659;
39.715999999999994 0 6.667999999999962 1 33.04799999999993 0 5135 3623 3838;
1 4980 5338 593 3634 5234 817 4985 3259 1048 3348 5785 2411 586 2659;
42.15000000000003 0 5.795999999999969 1 36.35399999999995 0 5135 3838;
1 4980 5338 593 3634 5234 817 4985 3259 1048 3348 5785 2333 2411 586 2659 2317;
43.742000000000004 0 5.9779999999999704 1 37.763999999999996 0 5135 3838;
1 4980 5338 593 3634 5234 817 4985 3259 1048 3348 5785 2333 2411 586 2659 2317 2787;
45.67400000000005 0 6.87399999999996 1 38.79999999999998 0 5135 3623 3838;
1 4980 5338 593 3634 5234 817 4985 3259 1048 3348 5785 2411 586 2659 2317 2787 507;
48.576000000000015 0 7.385999999999964 1 41.19000000000001 0 5135 3623 3838;
1 4980 5338 593 3634 5234 817 4985 3259 1048 3348 5785 2411 586 2659 2317 2787 507 6109;
49.74400000000003 0 7.443999999999965 1 42.300000000000026 0 5135 3623 3838;
1 4980 5338 593 3634 5234 817 4985 3259 1048 3348 5785 2411 586 2659 2317 2787 507 6109 4812;
51.94999999999998 0 7.47199999999996 1 44.477999999999994 0 3623 5135 3838;
1 5338 3348 4812 5785 3259 1048 4980 817 5234 3634 2659 6109 507 4985 586 2411 2317 593 2787 3782;
53.077999999999996 0 7.61999999999996 1 45.45799999999999 0 3623 5135 3838;
1 5338 3348 4812 5785 3259 1048 4980 817 5234 3634 2659 6109 507 4985 586 2411 2317 593 2787 3782 639;
55.44999999999996 0 7.7139999999999675 1 47.736000000000004 0 3623 5135 3838;
1 5338 3348 4812 5785 3259 1048 4980 817 5234 3634 2659 6109 507 4985 586 2411 2317 593 2787 3782 639 5107;
57.09199999999996 0 10.605999999999966 1 46.48600000000003 0 339 3623 5135 3838 5 4171;
1 3348 3449 5785 3259 1048 817 5234 3634 2659 6109 507 4985 586 2411 2317 593 1324 3782 639 1628;
58.26399999999998 0 10.827999999999973 1 47.43600000000005 0 339 3623 5135 3838 5 4171;
1 3348 4812 5785 3259 1048 817 5234 3634 2659 6109 507 4985 586 2411 2317 593 1324 3782 639 1628 3449;
60.45000000000001 0 11.075999999999958 1 49.37399999999996 0 339 3623 5135 3838 5 4171;
1 3348 4812 5785 3259 1048 817 5234 3634 2659 6109 507 4985 586 2411 2317 593 1324 3782 639 1628 3449 5082;
61.192 0 11.959999999999972 1 49.23199999999998 0 339 3623 5135 3838 5 4171 4854;
1 3348 4812 5785 3259 1048 817 5234 3634 2659 6109 507 4985 586 2411 2317 593 1324 3782 3449 1628 5082 639;
62.570000000000036 0 13.875999999999951 1 48.693999999999974 0 339 4321 3623 5135 3838 5 4171 1228 4854;
1 3348 5785 3259 1048 817 5234 3634 2659 6109 507 4985 586 2411 2317 593 1324 4775 2628 1628 5082 813;
65.08399999999999 0 14.201999999999964 1 50.88200000000001 0 3623 5135 1228 3838 4854 1494 339 5 4171;
1 2628 6109 4812 5785 1048 817 5234 3634 2659 4775 4985 1628 2411 2317 593 813 1324 5082 586 3259 3348 1315;
66.42599999999997 0 13.923999999999957 1 52.501999999999995 0 3623 5135 1228 3838 4854 1494 339 5 4171;
1 2628 6109 4812 5785 1048 817 5234 3634 2659 4775 4985 1628 2411 2317 593 813 1267 5082 586 3259 3348 1315 1324;
68.86800000000008 0 14.293999999999945 1 54.574000000000034 0 3623 5135 1228 3838 4854 1494 339 5 4171;
1 2628 6109 4812 5785 1048 817 5234 3634 2659 4775 4985 2333 2411 2317 593 813 1267 5082 586 3259 3348 1315 1324 5615;
70.89800000000004 0 14.339999999999954 1 56.557999999999986 0 3623 5135 1228 3838 4854 1494 339 5 4171;
1 2628 6109 4812 5785 1048 817 5234 3634 2659 4775 4985 2333 2411 2317 593 813 1267 5082 586 3259 3348 1315 5615 1324 5730;
71.71600000000008 0 14.501999999999958 1 57.214000000000006 0 3623 5135 1228 3838 4854 1494 339 5 4171;
1 2628 6109 4812 5785 1048 817 5234 3634 2659 4775 4985 2333 2411 2317 593 813 1267 5082 586 3259 3348 1315 5615 1324 5730 134;
73.28399999999998 0 14.445999999999959 1 58.837999999999965 0 3623 5135 1228 3838 4854 1494 5 4171 339;
1 2628 6109 4812 5785 1048 817 5234 3634 2659 4775 4985 2333 2411 2317 593 813 5338 1267 5082 586 3259 3348 1315 5615 1324 5730 134;
75.01800000000006 0 13.729999999999958 1 61.28799999999994 0 3623 5135 3838 4854 1494 5 4171 339;
1 2628 6109 4812 5785 639 1048 817 5234 3634 2659 4775 4985 2333 2411 2317 593 813 5338 1267 5082 586 3259 3348 1315 5730 134 5615 1324 677;
76.06400000000012 0 13.845999999999943 1 62.217999999999975 0 3623 5135 3838 4854 1494 5 4171 339;
1 2628 6109 4812 5785 639 1048 817 5234 3634 2659 4775 4985 2333 2411 2317 593 813 5338 1267 5082 586 3259 3348 1315 5730 134 5615 1324 677 97;
78.4060000000001 0 13.773999999999972 1 64.632 0 3623 5135 3838 4854 1494 5 4171 339;
1 2628 6109 4812 5785 639 1048 817 5234 3634 2659 4775 4985 2333 2411 2317 593 813 5338 1267 5082 586 3259 3348 1315 5730 134 5615 1324 677 97 5834;
79.34200000000003 0 14.021999999999965 1 65.32000000000001 0 3623 5135 3838 4854 5 1550 4171 339;
1 3449 6109 4812 5785 639 1048 817 5234 3634 2659 4775 507 4985 1628 2411 2317 593 813 5082 586 4980 3259 3348 1315 5730 134 5615 1324 677 97 5834 205;
