2.393999999999991 0 1.372000000000001 1 1.0220000000000007 0 3623;
1 ;
5.919999999999969 0 1.7380000000000013 1 4.181999999999969 0 3623;
1 5234;
8.569999999999963 0 2.0000000000000013 1 6.569999999999971 0 3623;
1 5234 1048;
12.733999999999968 0 2.3319999999999914 1 10.401999999999962 0 3623;
1 1048 5234 3634;
15.289999999999957 0 2.5399999999999863 1 12.74999999999997 0 3623;
1 1048 5234 3634 2411;
17.521999999999956 0 2.6679999999999864 1 14.85399999999996 0 3623;
1 1048 5234 3634 2411 3449;
19.747999999999973 0 4.015999999999977 1 15.731999999999966 0 3623 3838;
1 1048 5234 3634 3449 2411;
21.74799999999998 0 4.193999999999975 1 17.553999999999974 0 3623 3838;
1 1048 5234 3634 3449 2411 4985;
24.287999999999947 0 4.3359999999999745 1 19.951999999999973 0 3623 3838;
1 1048 5234 3634 4985 3449 2411 4436;
26.183999999999983 0 5.491999999999969 1 20.691999999999965 0 3623 3838 5135;
1 1048 5234 3634 4985 3449 2411 4436;
29.23199999999997 0 5.83599999999997 1 23.39599999999997 0 3623 3838 5135;
1 1048 5234 3634 4985 3449 2411 4436 1335;
31.295999999999946 0 5.877999999999963 1 25.417999999999957 0 3623 3838 5135;
1 1048 5234 3634 4985 3449 2411 4436 1335 3348;
33.72399999999999 0 7.229999999999964 1 26.493999999999968 0 3623 3838 5135 4854;
1 1048 5234 3634 4985 3449 2411 4436 1335 3348;
35.79399999999996 0 8.359999999999966 1 27.43399999999997 0 3623 3838 5135 4854 5;
1 1048 5234 3634 4985 3449 2411 4436 1335 3348;
38.348 0 8.537999999999965 1 29.809999999999977 0 3623 3838 5135 4854 5;
1 1048 5234 3634 4985 3449 2411 4436 1335 3348 1315;
40.58999999999996 0 8.773999999999962 1 31.815999999999956 0 3623 3838 5135 4854 5;
1 1048 5234 3634 4985 3449 2411 4436 1335 3348 1315 5785;
42.75400000000001 0 9.043999999999967 1 33.70999999999998 0 3623 3838 5135 4854 5;
1 1048 5234 3634 4985 3449 2411 4436 1335 3348 1315 5785 6109;
44.73599999999998 0 8.99199999999997 1 35.74399999999995 0 3623 3838 5135 4854 5;
1 1048 5234 3634 4985 3449 2411 4436 1335 3348 1315 6109 5785 677;
46.832 0 8.119999999999965 1 38.71199999999999 0 3623 3838 5135 4854;
1 1048 5234 3634 4985 3449 2411 4436 1335 3348 4980 1315 6109 5785 677 97;
49.312 0 8.433999999999973 1 40.87800000000004 0 4854 3623 3838 5135;
1 3634 3348 4436 5234 677 1315 97 5785 4985 2411 1335 4980 3449 6109 1048 5338;
50.89599999999998 0 8.333999999999966 1 42.562 0 4854 3623 3838 5135;
1 3634 3348 4436 5234 677 1315 97 5785 4985 2411 1335 4980 3449 6109 1048 5338 4717;
52.14999999999999 0 8.399999999999968 1 43.750000000000014 0 4854 3623 3838 5135;
1 3634 3348 4436 5234 677 1315 97 5785 4985 2411 1335 4980 3449 6109 1048 5338 4717 817;
53.145999999999944 0 8.487999999999968 1 44.657999999999966 0 4854 3623 3838 5135;
1 3634 3348 4436 5234 677 1315 97 5785 4985 2411 1335 4980 3449 6109 1048 5338 817 4717 1628;
55.767999999999965 0 8.835999999999972 1 46.932 0 4854 3623 3838 5135;
1 3634 3348 4436 5234 677 1315 97 5785 4985 2411 1335 4980 3449 6109 1048 5338 817 4717 1628 5834;
57.349999999999966 0 9.10999999999997 1 48.23999999999995 0 4854 3623 3838 5135;
1 3634 3348 4436 5234 677 1315 97 5785 4985 2411 1335 4980 3449 6109 1048 5338 817 4566 1628 5834 639;
58.81799999999997 0 8.895999999999967 1 49.92199999999998 0 4854 3623 3838 5135;
1 3634 3348 4436 5234 677 1315 97 5785 4985 2411 1335 4980 3449 6109 1048 5338 817 4566 1628 5834 5635 593;
61.45799999999998 0 10.269999999999975 1 51.18799999999995 0 4854 3623 3838 16 5135;
1 3634 3348 4436 5234 677 1315 97 4985 2411 1335 4980 3449 6109 1048 5338 817 4566 1628 5834 5635 593 1448;
61.55599999999999 0 12.00199999999995 1 49.553999999999974 0 4854 3623 3838 16 5135 773 3300;
1 3634 3348 4436 5234 677 1315 97 4985 2411 1335 4980 3449 6109 1048 5338 4566 1628 5834 5635 593 1448;
63.25999999999999 0 12.069999999999972 1 51.18999999999993 0 4854 3623 3300 3838 5135 773 16;
1 1628 5834 4436 677 5635 97 1448 4566 2411 5338 4980 3449 593 3634 1048 6109 1335 4985 1315 5234 3348 5082;
64.81200000000001 0 13.223999999999966 1 51.588 0 4854 3623 3300 3838 5135 773 4762 16;
1 1628 5834 4436 677 5635 97 1448 4566 2411 5338 4980 3449 593 3634 6109 1335 4985 1315 5234 3348 5082 2730;
66.68800000000009 0 13.347999999999967 1 53.339999999999996 0 4854 3623 3300 3838 5135 773 4762 16;
1 1628 5834 4436 677 5635 97 1448 4566 2411 5338 4980 3449 593 3634 6109 1335 4985 1315 5234 3348 5082 2730 4446;
68.82000000000002 0 12.40799999999996 1 56.411999999999956 0 4854 3623 3300 3838 5135 773 16;
1 1628 5834 4436 677 5635 97 1448 4566 2411 5338 4980 3449 593 3634 1048 6109 1335 4985 1315 5234 695 5082 2730 4446 4812;
69.36200000000011 0 13.581999999999951 1 55.77999999999995 0 4854 3623 3300 3838 5135 773 4762 16;
1 1628 5834 4436 677 639 97 1448 4566 2411 5338 4980 3449 593 3634 6109 1335 4985 1315 5234 695 5082 2730 4446 4812 2659;
71.16400000000009 0 13.703999999999947 1 57.45999999999998 0 4854 3623 3300 3838 5135 773 4762 16;
1 1628 5834 4436 677 639 97 1448 4566 2411 5338 4980 3449 593 3634 6109 1335 4985 1315 5234 695 5082 2730 4446 4812 2659 578;
73.07200000000012 0 13.523999999999958 1 59.547999999999995 0 4854 3623 3300 3838 5135 773 4762 16;
1 1628 5834 4436 677 639 97 1448 4566 2411 5338 4980 3449 593 3634 6109 1335 4985 1315 5234 695 5082 2730 4446 4812 2659 578 3259;
73.76600000000009 0 15.533999999999978 1 58.23199999999991 0 4854 3623 3300 3838 5135 5463 773 4762 16 4257;
1 1628 5834 4436 677 639 97 1448 4566 2411 1771 4980 593 3634 6109 1335 4985 1315 5234 695 5082 4446 2659 2730 4812 578 3259;
74.89200000000014 0 15.559999999999974 1 59.331999999999965 0 4854 3623 3300 3838 5135 5463 773 4762 16 4257;
1 1628 5834 4436 677 639 97 1448 4566 2411 1771 4980 593 3634 6109 1335 4985 1315 5234 695 5082 4446 2659 2730 4812 578 3259 3782;
76.52000000000007 0 16.607999999999965 1 59.911999999999956 0 4854 3623 3300 3838 5789 5135 5463 773 4762 16 4257;
1 1628 5834 4436 677 639 97 4566 2411 1771 4980 593 3634 6109 1335 4985 1315 5234 695 5082 4446 2659 2730 4812 578 3259 3782 2382;
77.7220000000002 0 16.845999999999975 1 60.87599999999998 0 4854 3623 3300 3838 5789 5135 5463 773 4762 16 4257;
1 1628 5834 4436 677 639 97 4566 2411 1771 4980 593 3634 6109 1335 4985 1315 5234 695 5082 4446 2659 2730 4812 578 3259 3782 2382 5370;
79.45000000000019 0 15.853999999999969 1 63.595999999999954 0 4854 3623 3300 3838 5789 5135 773 4762 16 4257;
1 1628 5834 4436 677 639 97 4566 2411 5338 4980 3449 593 3634 6109 1335 4985 1315 5234 695 5082 4446 2659 2730 4812 578 3259 2382 3782 5370 586;
