3.7539999999999742 0 0.35200000000000026 1 3.401999999999975 0 ;
1 3634;
6.307999999999966 0 0.5580000000000004 1 5.749999999999968 0 ;
1 3634 3449;
8.841999999999963 0 1.8840000000000015 1 6.957999999999965 0 1595;
1 3634 3449;
11.261999999999961 0 2.0879999999999987 1 9.173999999999966 0 1595;
1 3634 3449 5785;
13.619999999999955 0 3.429999999999982 1 10.189999999999966 0 1595 3838;
1 5785 3634 3449;
15.19599999999997 0 4.619999999999977 1 10.575999999999983 0 1595 3838 3623;
1 5785 3634 3449;
16.815999999999956 0 4.821999999999974 1 11.993999999999968 0 1595 3838 3623;
1 5785 3634 3449 3051;
19.153999999999982 0 5.921999999999962 1 13.23199999999997 0 1595 3838 3623 4854;
1 5785 3634 3449 3051;
21.03999999999998 0 7.079999999999962 1 13.959999999999972 0 3838 4854 1595 3623 1228;
1 3449 5785 3051 3634;
23.025999999999975 0 7.351999999999955 1 15.673999999999968 0 3838 4854 1595 3623 1228;
1 3449 5785 3051 3634 20;
25.465999999999973 0 8.617999999999977 1 16.847999999999974 0 3838 4854 1595 3623 1228 5135;
1 3449 5785 3051 3634 20;
27.071999999999992 0 8.75399999999998 1 18.317999999999984 0 3838 4854 1595 3623 1228 5135;
1 3449 5785 3051 3634 20 4812;
29.765999999999973 0 9.047999999999972 1 20.717999999999968 0 3838 4854 1595 3623 1228 5135;
1 3449 5785 3051 3634 4812 20 1628;
32.07399999999997 0 9.209999999999981 1 22.86399999999997 0 3838 4854 1595 3623 1228 5135;
1 3449 5785 3051 3634 4812 20 1628 3348;
35.23399999999999 0 9.46599999999997 1 25.76799999999996 0 3838 4854 1595 3623 1228 5135;
1 3449 5785 3051 3634 4812 1048 1628 3348 6109;
36.78400000000002 0 9.437999999999974 1 27.34599999999998 0 3838 4854 1595 3623 1228 5135;
1 3449 5785 3051 3634 4812 1048 1628 3348 6109 593;
38.78999999999999 0 9.697999999999976 1 29.091999999999977 0 3838 4854 1595 3623 1228 5135;
1 3449 5785 3051 3634 1628 593 1048 6109 4812 3348 947;
40.34400000000002 0 10.581999999999978 1 29.761999999999972 0 3838 4854 1595 3623 1228 5135 4713;
1 3449 5785 3051 3634 1628 593 1048 6109 4812 3348 947;
41.570000000000014 0 10.725999999999964 1 30.843999999999976 0 3838 4854 1595 3623 1228 5135 4713;
1 3449 5785 3051 3634 1628 593 20 6109 4812 3348 947 639;
43.32799999999999 0 11.907999999999959 1 31.41999999999996 0 3838 4854 1595 3623 1228 5135 4713 2946;
1 3449 5785 3051 3634 1628 593 1048 6109 4812 3348 947 639;
44.85999999999998 0 12.961999999999955 1 31.897999999999985 0 3838 4854 1595 3623 1228 5390 5135 4713 2946;
1 3449 5785 3051 3634 1628 593 6109 4812 3348 947 639 2216;
46.87800000000001 0 12.897999999999955 1 33.979999999999976 0 3838 4854 1595 3623 1228 5390 5135 4713 2946;
1 3449 5785 3051 3634 1628 593 6109 4812 3348 947 2216 639 2730;
47.96799999999999 0 13.151999999999953 1 34.815999999999974 0 3838 4854 1595 3623 1228 5390 5135 4713 2946;
1 3449 5785 3051 3634 1628 593 6109 4812 3348 947 2216 639 2730 4985;
49.38800000000001 0 13.305999999999953 1 36.08200000000001 0 1228 5390 3623 3838 1595 4713 5135 2946 4854;
1 2216 3348 3051 639 2730 593 4985 947 3634 5785 1628 4812 6109 3449 5757;
51.71999999999998 0 14.151999999999946 1 37.56799999999996 0 1228 5390 3623 3838 1494 1595 4713 5135 2946 4854;
1 2216 3348 3051 639 2730 593 4985 3634 5785 1628 4812 6109 3449 5757 947;
51.593999999999944 0 15.18999999999997 1 36.404 0 1228 5390 3623 3838 1494 1595 4713 5135 2946 4854 2121;
1 2216 3348 3051 639 2730 593 4985 3634 5785 1628 4812 6109 3449 5757 947;
54.556 0 15.515999999999968 1 39.04000000000001 0 1228 5390 3623 3838 1494 1595 4713 5135 2946 4854 2121;
1 2216 3348 3051 639 2730 593 4985 3634 5785 1628 4812 6109 3449 5757 947 4980;
56.76199999999996 0 15.47799999999996 1 41.28400000000003 0 1228 5390 3623 3838 1494 1595 4713 5135 2946 4854 2121;
1 2216 3348 3051 639 2730 593 4985 3634 5785 1628 4812 6109 3449 5757 947 4980 3259;
58.82599999999996 0 15.663999999999959 1 43.162 0 1228 5390 3623 3838 1494 1595 4713 5135 2946 4854 2121;
1 2216 3348 3051 639 2730 593 4985 3634 5785 1628 4812 6109 3449 5757 4980 3259 947 4629;
59.71399999999996 0 15.79799999999997 1 43.91600000000002 0 1228 5390 3623 3838 1494 1595 4713 5135 2946 4854 2121;
1 2216 3348 3051 639 2730 593 4985 3634 5785 1628 4812 6109 3449 5757 4980 3259 947 4629 813;
61.469999999999956 0 16.801999999999992 1 44.66799999999994 0 1228 5390 3623 3838 1494 1595 4713 5135 2946 4854 2121 5;
1 2216 3348 3051 639 2730 593 4985 3634 5785 1628 4812 6109 3449 5757 4980 3259 947 4629 813;
64.06199999999998 0 16.98399999999998 1 47.07799999999997 0 1228 5390 3623 3838 1494 1595 4713 5135 2946 4854 2121 5;
1 2216 3348 3051 639 2730 593 4985 3634 5785 1628 4812 6109 3449 5757 4980 3259 947 4629 813 586;
64.50400000000005 0 17.091999999999974 1 47.412 0 1228 5390 3623 3838 1494 1595 4713 5135 2946 4854 2121 5;
1 2216 3348 3051 639 2730 593 4985 3634 5785 1628 4812 6109 3449 5757 4980 3259 947 4629 813 586 817;
66.47800000000002 0 16.96599999999997 1 49.51199999999993 0 1228 5390 3623 3838 1494 1595 4713 5135 2946 4854 5 2121;
1 2216 3348 3051 639 2730 593 4985 3634 5785 1628 4812 6109 3449 5757 4629 4980 817 586 947 813 3259 2411;
67.69000000000001 0 17.171999999999997 1 50.517999999999965 0 1228 5390 3623 3838 1494 1595 4713 5135 2946 4854 5 2121;
1 2216 3348 3051 639 2730 593 4985 3634 5785 1628 4812 6109 3449 5757 4629 4980 817 586 947 813 3259 2411 3939;
69.536 0 17.32799999999999 1 52.20799999999993 0 1228 5390 3623 3838 1494 1595 4713 5135 2946 4854 5 2121;
1 2216 3348 3051 639 2730 593 4985 3634 5785 1628 4812 6109 3449 5757 4629 4980 817 586 947 813 3259 2411 3939 754;
72.09000000000007 0 15.661999999999974 1 56.42799999999996 0 1228 5390 3623 1494 1595 4713 2946 4854 5 2121;
1 2216 3348 3051 639 2730 593 349 4985 3634 5785 1628 2435 4812 6109 3449 5757 4629 4980 817 586 947 813 3259 2411 3939 754 5615;
72.14400000000018 0 16.579999999999984 1 55.563999999999965 0 1228 5390 3623 1494 1595 4713 2946 4854 5 2121 4012;
1 2216 3348 3051 639 2730 593 349 4985 3634 5785 1628 2435 4812 6109 3449 5757 4629 4980 817 586 947 813 3259 2411 3939 754 5615;
73.31800000000007 0 17.401999999999973 1 55.91599999999996 0 1228 5390 3623 1494 1595 4713 2946 4854 5 2121 4012 335;
1 2216 3683 3051 639 2730 593 349 4985 3634 5785 1628 2435 4812 6109 3449 5757 4980 3939 817 586 947 754 3259 5615 4629 813 2411;
75.69800000000009 0 17.603999999999996 1 58.09399999999995 0 1228 5390 3623 1494 1595 4713 2946 4854 5 2121 4012 335;
1 2216 3683 3051 639 2730 593 349 4985 3634 5785 1628 2435 4812 6109 3449 5757 4980 3939 817 586 947 754 3259 5615 4629 813 2411 5306;
