2.763999999999981 0 1.462000000000001 1 1.302000000000001 0 3623;
1 ;
5.617999999999968 0 1.5820000000000012 1 4.03599999999997 0 3623;
1 4980;
8.741999999999967 0 1.9040000000000015 1 6.837999999999968 0 3623;
1 4980 2411;
12.27599999999996 0 2.263999999999995 1 10.011999999999967 0 3623;
1 2411 4980 6109;
14.201999999999966 0 2.4679999999999898 1 11.733999999999964 0 3623;
1 2411 4980 6109 5785;
16.613999999999972 0 2.711999999999987 1 13.901999999999964 0 3623;
1 2411 4980 6109 5785 3348;
19.153999999999954 0 3.12199999999998 1 16.03199999999997 0 3623;
1 2411 4980 6109 5785 3348 1048;
20.567999999999966 0 2.891999999999985 1 17.67599999999998 0 3623;
1 2411 4980 6109 5785 3348 1048 764;
21.989999999999974 0 3.1119999999999783 1 18.877999999999965 0 3623;
1 2411 4980 6109 5785 3348 1048 764 817;
25.467999999999957 0 3.42999999999998 1 22.03799999999999 0 3623;
1 2411 4980 6109 5785 3348 1048 764 817 1628;
27.13399999999997 0 4.585999999999971 1 22.547999999999963 0 3623 5135;
1 2411 4980 6109 764 1628 3348 817 1048 5785;
28.225999999999978 0 5.68199999999997 1 22.543999999999986 0 3623 5135 1595;
1 2411 4980 6109 764 1628 3348 817 1048 5785;
31.039999999999974 0 6.061999999999969 1 24.977999999999952 0 3623 5135 1595;
1 2411 4980 6109 764 1628 3348 817 1048 5785 5082;
32.55799999999995 0 6.065999999999968 1 26.49199999999997 0 3623 5135 1595;
1 2411 4980 6109 764 1628 3348 817 1048 5785 5082 586;
34.48199999999997 0 7.2059999999999675 1 27.27599999999998 0 3623 5135 1595 4854;
1 2411 4980 6109 764 1628 3348 817 1048 5785 586 5082;
37.605999999999995 0 7.503999999999964 1 30.101999999999958 0 3623 5135 1595 4854;
1 2411 4980 6109 764 1628 3348 817 1048 5785 586 5082 1315;
39.268 0 7.617999999999959 1 31.64999999999997 0 3623 5135 4854 1595;
1 6109 4980 817 5785 1628 586 1315 5082 764 1048 3348 2411 3782;
40.902 0 7.827999999999965 1 33.07400000000001 0 3623 5135 4854 1595;
1 6109 4980 817 5785 1628 586 1315 5082 764 1048 3348 2411 3782 593;
43.66199999999997 0 8.059999999999956 1 35.60200000000001 0 3623 5135 4854 1595;
1 6109 4980 817 5785 1628 586 1315 5082 764 1048 3348 2411 3782 593 639;
44.708000000000006 0 9.02999999999997 1 35.67799999999997 0 3623 5135 4854 1595 4713;
1 6109 4980 817 5785 1628 586 1315 5082 764 1048 3348 2411 3782 593 639;
44.89000000000002 0 9.803999999999965 1 35.086 0 5 3623 5135 4854 1595 4713;
1 6109 817 5785 1628 586 1315 5082 764 1048 3348 2411 3782 593 639 3683;
47.70799999999996 0 10.231999999999974 1 37.47599999999999 0 5 3623 5135 4854 1595 4713;
1 6109 817 5785 1628 586 1315 5082 764 1048 3348 2411 3782 593 639 3683 813;
49.80799999999999 0 10.30599999999997 1 39.50199999999995 0 5 3623 5135 4854 1595 4713;
1 813 817 5785 1628 593 1315 3683 764 1048 2411 639 6109 3348 5082 586 3782 4985;
51.02799999999997 0 10.457999999999963 1 40.570000000000014 0 5 3623 5135 4854 1595 4713;
1 813 817 5785 1628 593 1315 3683 764 1048 2411 639 6109 3348 5082 586 3782 4985 3449;
53.143999999999934 0 9.679999999999966 1 43.46399999999997 0 3623 5135 4854 1595 4713;
1 4980 813 817 5785 1628 593 1315 3683 764 1048 2411 639 6109 3348 5082 586 3782 4985 3449 2317;
55.48400000000001 0 9.919999999999975 1 45.563999999999986 0 3623 5135 4854 1595 4713;
1 4980 813 817 5785 1628 593 1315 3683 764 1048 2411 639 6109 3348 5082 586 3782 4985 4812 2317 3449;
57.75199999999997 0 9.973999999999958 1 47.77799999999996 0 3623 5135 4854 1595 4713;
1 4980 813 817 5785 1628 593 1315 3683 764 1048 2411 639 6109 3348 5082 586 3782 4985 2317 4812 3449 3634;
58.90799999999992 0 10.829999999999968 1 48.07800000000001 0 3623 5135 4854 1595 4713 1494;
1 4980 813 817 5785 1628 593 1315 3683 764 1048 2411 639 6109 3348 5082 586 3782 4985 2317 4812 3449 3634;
60.22999999999998 0 11.95599999999996 1 48.27399999999998 0 3623 5135 4854 1595 4713 1494 5140;
1 4980 813 817 5785 1628 593 1315 3683 764 1048 2411 639 6109 3348 5082 586 3782 4985 2317 4812 3449 3634;
61.67599999999993 0 13.897999999999954 1 47.77799999999998 0 3300 3623 5135 4854 1595 4713 1494 5140 3838;
1 4980 813 5785 1628 593 1315 3683 764 1048 2411 639 6109 3348 5082 586 3782 4985 2317 4812 3449 3634;
63.018 0 14.229999999999961 1 48.78800000000001 0 3300 3623 5135 4854 1595 4713 1494 5140 3838;
1 4980 813 5785 1628 593 1315 3683 764 1048 2411 639 6109 3348 5082 586 3782 4985 2317 4812 3449 3634 2216;
65.68400000000005 0 15.327999999999971 1 50.35600000000003 0 3300 3623 5135 4854 1595 4713 3337 1494 5140 3838;
1 4980 813 5785 1628 593 1315 3683 764 1048 2411 6109 3348 5082 586 3782 4985 2317 4812 3449 3634 2216 677;
66.88000000000007 0 15.199999999999966 1 51.67999999999998 0 3300 3623 5135 4854 1595 4713 3337 1494 5140 3838;
1 4980 813 5785 1628 593 1315 3683 764 1048 2411 6109 3348 5082 586 3782 4985 2317 4812 3449 3634 677 2216 2848;
67.5720000000001 0 15.21799999999997 1 52.35399999999998 0 3300 3623 5135 4854 1595 4713 3337 1494 5140 3838;
1 4980 813 5785 1628 593 1315 3683 764 1048 2411 6109 3348 5082 586 3782 4985 2317 1875 3449 3634 677 2216 2848 5834;
70.3480000000001 0 15.315999999999976 1 55.031999999999925 0 3300 3623 5135 4854 1595 4713 3337 1494 5140 3838;
1 4980 813 5785 1628 593 1315 3683 764 1048 2411 6109 3348 5082 586 3782 4985 2317 4812 3449 3634 677 2216 2848 5834 5338;
71.23000000000006 0 15.317999999999978 1 55.91199999999997 0 3300 3623 5135 4854 1595 4713 3337 1494 5140 3838;
1 4980 813 5785 1628 593 1315 3683 764 1048 2411 6109 3348 5082 586 3782 4985 2317 4812 3449 3634 677 2216 2848 5834 5338 2659;
73.10400000000003 0 17.57799999999998 1 55.52599999999999 0 3838 1494 3623 5135 4854 1595 3337 4713 5390 5140 3300 1228;
1 4985 6109 5338 593 1315 677 2659 2848 5834 2411 2317 813 3348 5082 586 3782 3634 4980 2216 764 3683 1628 3449 5785 4812;
73.98000000000008 0 17.40999999999999 1 56.56999999999994 0 3838 1494 3623 5135 4854 1595 3337 4713 5390 5140 3300 1228;
1 4985 6109 5338 593 1315 677 2659 2848 5834 2411 2317 813 3348 5082 586 3782 3634 4980 2216 764 3683 1628 3449 5785 4812 2628;
74.67600000000014 0 17.19999999999998 1 57.47599999999996 0 3838 1494 3623 5135 4854 1595 1074 3337 4713 5390 5140 1228;
1 4985 6109 5338 593 1315 677 2659 2848 5834 2411 2317 813 5082 586 3782 3634 4980 2216 764 3683 1628 3449 5785 5757 4812 2628 1897;
75.854 0 19.187999999999978 1 56.665999999999876 0 3838 1494 3623 5135 4854 1595 1198 1074 3337 4713 5390 5140 1228 339;
1 4985 6109 5338 593 1315 677 2659 2848 5834 2317 813 5082 586 3782 3634 4980 2216 764 3683 1628 3449 5785 5757 4812 2628 1897;
