2.5719999999999854 0 1.396000000000001 1 1.1760000000000008 0 3623;
1 ;
5.635999999999976 0 1.6020000000000012 1 4.0339999999999705 0 3623;
1 4980;
7.911999999999973 0 1.8860000000000015 1 6.025999999999972 0 3623;
1 4980 3348;
11.065999999999963 0 2.237999999999994 1 8.827999999999959 0 3623;
1 4980 3348 4985;
13.459999999999965 0 3.491999999999982 1 9.967999999999956 0 3623 4854;
1 4980 3348 4985;
15.613999999999946 0 3.7239999999999807 1 11.889999999999954 0 3623 4854;
1 4980 3348 4985 1048;
18.141999999999957 0 3.9999999999999774 1 14.141999999999976 0 3623 4854;
1 4980 3348 4985 1048 3939;
20.86399999999996 0 4.141999999999978 1 16.72199999999996 0 3623 4854;
1 4980 3348 1048 3939 4985 1315;
23.089999999999968 0 4.311999999999977 1 18.777999999999963 0 3623 4854;
1 4980 3348 4036 3939 4985 1315 6109;
25.945999999999994 0 4.535999999999976 1 21.409999999999954 0 3623 4854;
1 4980 3348 4036 3939 4985 1315 6109 605;
27.535999999999966 0 4.7659999999999725 1 22.76999999999999 0 3623 4854;
1 4980 3348 3939 4985 605 4036 6109 1315 2411;
30.37799999999998 0 4.853999999999975 1 25.523999999999944 0 3623 4854;
1 4980 3348 3939 4985 605 4036 6109 1315 2411 817;
31.865999999999968 0 6.031999999999968 1 25.833999999999975 0 3623 4854 3838;
1 4980 3348 3939 4985 605 1048 6109 1315 2411 817;
33.712 0 6.179999999999972 1 27.532 0 3623 4854 3838;
1 4980 3348 3939 4985 605 1048 6109 1315 2411 817 3449;
35.56199999999997 0 7.363999999999963 1 28.197999999999983 0 3623 4854 3838 5135;
1 4980 3348 3939 4985 605 1048 6109 1315 2411 817 3449;
37.59199999999998 0 7.729999999999964 1 29.861999999999956 0 3623 4854 3838 5135;
1 4980 3348 3939 4985 605 1048 6109 1315 2411 817 3449 20;
39.99000000000002 0 7.937999999999957 1 32.05199999999997 0 3623 4854 3838 5135;
1 4980 3348 3939 4985 605 1048 6109 1315 2411 817 3449 20 5785;
41.829999999999984 0 8.115999999999959 1 33.71399999999997 0 3623 4854 3838 5135;
1 4980 3348 3939 4985 605 1048 6109 1315 2411 817 3449 20 5785 639;
43.37199999999994 0 9.123999999999972 1 34.24799999999995 0 3623 4854 3838 5135 1494;
1 4980 3348 3939 4985 605 1048 6109 1315 2411 817 3449 20 639 5785;
45.05999999999997 0 10.01799999999996 1 35.04199999999998 0 3623 4854 3838 5135 1494 1228;
1 4980 3348 3939 4985 605 1048 6109 1315 2411 817 3449 20 639 5785;
46.58199999999998 0 10.997999999999967 1 35.58399999999998 0 3623 4854 3838 5135 1228 1494 1074;
1 4980 3348 3939 4985 605 1048 6109 1315 2411 817 3449 20 639 5785;
48.174000000000056 0 12.04999999999996 1 36.123999999999974 0 3623 4854 3838 5135 1228 1494 1074 1595;
1 4980 3348 3939 4985 605 1048 6109 1315 2411 817 3449 20 639 5785;
49.68599999999996 0 12.241999999999955 1 37.44399999999999 0 3623 4854 3838 5135 1228 1494 1074 1595;
1 4980 3348 3939 4985 605 1048 6109 1315 2411 817 3449 20 639 5785 5834;
51.47800000000003 0 12.151999999999946 1 39.326 0 3623 4854 3838 5135 1074 1595 1494 1228;
1 4980 3348 3939 4985 605 1048 6109 1315 2411 817 3449 20 639 5785 5834 1628;
52.73999999999995 0 12.383999999999961 1 40.356 0 3623 4854 3838 5135 1074 1595 1494 1228;
1 4980 3348 3939 4985 605 1048 6109 1315 2411 817 3449 20 639 5785 5834 1628 1897;
56.215999999999944 0 12.727999999999943 1 43.48800000000001 0 3623 4854 3838 5135 1074 1595 1494 1228;
1 4980 3348 3939 4985 605 1048 6109 1315 2411 817 3449 20 639 5785 5834 1628 1897 3634;
56.98 0 12.599999999999955 1 44.379999999999946 0 3838 1494 3623 4854 1595 5135 1074 1228;
1 3348 639 3634 2411 1897 5834 20 6109 3449 4980 3939 1315 1048 605 1628 5785 4985 817 4036;
58.658 0 12.773999999999967 1 45.884 0 3838 1494 3623 4854 1595 5135 1074 1228;
1 3348 639 3634 2411 1897 5834 20 6109 3449 4980 3939 1315 1048 605 1628 5785 4985 817 4036 4812;
59.81599999999996 0 12.861999999999957 1 46.95400000000001 0 3838 1494 3623 4854 1595 5135 1074 1228;
1 3348 639 3634 2411 1897 5834 20 6109 3449 4980 3939 1315 1048 605 1628 5785 4985 817 4036 4812 3683;
61.097999999999985 0 12.959999999999948 1 48.13799999999999 0 3838 1494 3623 4854 1595 5135 1074 1228;
1 3348 639 3634 2411 1897 5834 20 6109 3449 4980 3939 1315 1048 605 1628 5785 4985 817 4036 4812 3683 5082;
62.714 0 13.16399999999996 1 49.54999999999995 0 3838 1494 3623 4854 1595 5135 1074 1228;
1 3348 639 3634 2411 1897 5834 20 6109 3449 4980 3939 1315 1048 605 1628 5785 4985 817 4036 5082 3683 4812 2730;
64.64600000000003 0 13.049999999999962 1 51.59599999999991 0 3838 1494 3623 4854 1595 5135 1074 1228;
1 3348 639 3634 2411 1897 5834 20 6109 3449 4980 3939 1315 1048 605 1628 5785 4985 817 4036 5082 3683 4812 2730 2787;
66.30000000000003 0 14.197999999999952 1 52.10200000000001 0 3838 1494 3623 4854 1595 5135 1074 1228 2121;
1 3348 639 3634 2411 1897 5834 20 6109 3449 4980 3939 1315 1048 605 1628 5785 4985 817 4036 5082 3683 4812 2730 2787;
68.77599999999998 0 14.47799999999994 1 54.29799999999995 0 3838 1494 3623 4854 1595 5135 1074 1228 2121;
1 3348 639 3634 2411 1897 5834 20 6109 3449 4980 3939 1315 1048 605 1628 5785 4985 817 4036 5082 3683 4812 2730 2787 1335;
69.8460000000001 0 14.485999999999976 1 55.35999999999997 0 3838 1494 3623 4854 1595 5135 1074 1228 2121;
1 3348 639 3634 2411 1897 5834 20 6109 3449 4980 3939 1315 1048 605 1628 5785 4985 817 4036 5082 3683 4812 2730 2787 1335 5879;
71.56600000000003 0 15.509999999999957 1 56.055999999999926 0 3838 1494 3623 4854 1595 5135 4713 1074 1228 2121;
1 3348 639 3634 2411 1897 5834 20 6109 3449 4980 3939 1315 1048 1628 5785 4985 817 4036 5082 3683 4812 2730 2787 1335 5879 5757;
71.70200000000003 0 15.327999999999983 1 56.373999999999924 0 3838 1494 3623 4854 1595 5135 4713 1074 1228 2121;
1 3348 639 3634 2411 1897 5834 20 6109 3449 4980 3939 1315 1048 1628 5785 4985 817 4036 1335 5082 4812 5757 3683 5879 2787 2730 2216;
73.75200000000017 0 16.633999999999975 1 57.11799999999993 0 3838 1494 3623 4854 1595 5135 4713 1074 1228 2121 339;
1 3348 639 3634 2411 1897 5834 20 6109 3449 4980 3939 1315 1048 1628 5785 4985 817 4036 1335 5082 4812 5757 3683 5879 2787 2730 2216;
74.55800000000016 0 17.303999999999988 1 57.25399999999997 0 3838 1494 3623 4854 1595 5135 4713 1074 1228 2121 339 3886;
1 3348 639 3634 2411 1897 5834 20 6109 3449 4980 3939 1315 1048 1628 5785 4985 817 4036 1335 5082 4812 5757 3683 5879 2787 2730 2216;
76.72000000000017 0 15.62999999999996 1 61.08999999999999 0 3838 1494 3623 4854 1595 1074 1228 2121 339 3886;
1 3348 639 3634 2411 1897 5834 20 6109 3449 4980 3939 1315 1048 4629 605 1628 5785 4985 817 4036 1335 5082 4812 5757 3683 5879 2787 2730 2216 593;
