2.561999999999983 0 1.412000000000001 1 1.1500000000000008 0 3623;
1 ;
5.027999999999973 0 1.6460000000000012 1 3.381999999999974 0 3623;
1 3348;
7.959999999999973 0 1.9360000000000015 1 6.023999999999965 0 3623;
1 3348 4980;
10.461999999999968 0 2.1499999999999972 1 8.311999999999971 0 3623;
1 3348 4980 5785;
12.479999999999972 0 2.343999999999992 1 10.135999999999958 0 3623;
1 3348 4980 5785 605;
16.413999999999955 0 2.6759999999999864 1 13.73799999999997 0 3623;
1 3348 4980 5785 605 1315;
17.93799999999996 0 3.757999999999979 1 14.17999999999996 0 3623 1228;
1 3348 4980 5785 605 1315;
20.35199999999999 0 3.9879999999999765 1 16.363999999999976 0 3623 1228;
1 605 5785 1315 4980 3348 2411;
21.74399999999998 0 6.275999999999956 1 15.467999999999968 0 3623 3838 1228 5135;
1 5785 1315 4980 3348 2411;
23.469999999999953 0 6.343999999999958 1 17.12599999999997 0 3623 3838 1228 5135;
1 5785 1315 4980 3348 2411 817;
25.59399999999996 0 7.545999999999968 1 18.047999999999973 0 3623 3838 1228 5135 1595;
1 5785 1315 4980 3348 2411 817;
27.701999999999995 0 7.745999999999966 1 19.955999999999996 0 3623 3838 1228 5135 1595;
1 5785 1315 4980 3348 2411 817 3782;
30.373999999999967 0 7.947999999999972 1 22.425999999999988 0 3623 3838 1228 5135 1595;
1 5785 1315 4980 3348 2411 817 3782 4985;
33.618 0 8.095999999999968 1 25.52199999999999 0 3623 3838 1228 1595 5135;
1 5785 1315 4980 3348 2411 817 4985 3782 6109;
35.12799999999993 0 8.33399999999997 1 26.793999999999965 0 3623 3838 1228 1595 5135;
1 5785 1315 4980 3348 2411 817 4985 3782 6109 325;
36.93399999999996 0 8.403999999999968 1 28.52999999999994 0 3623 5390 1228 1595 5135;
1 5785 1315 4980 3348 2411 4985 3782 6109 817 325 3449;
39.59600000000001 0 7.667999999999957 1 31.927999999999965 0 3623 1228 1595 5135;
1 605 5785 1315 4980 3348 2411 4985 3782 6109 817 325 3449 20;
40.63599999999995 0 7.549999999999962 1 33.085999999999984 0 3623 1228 1595 5135;
1 605 5785 1315 4980 3348 2411 4985 3782 6109 817 325 3449 20 2216;
42.104000000000035 0 8.481999999999978 1 33.62199999999998 0 3623 1228 1595 5135 1074;
1 605 5785 1315 4980 3348 2411 4985 3782 6109 817 325 3449 2216 20;
44.979999999999976 0 8.957999999999972 1 36.02200000000002 0 3300 1228 1595 5135 1074;
1 605 5785 1315 4980 3348 2411 4985 3782 6109 817 325 3449 2216 4036 813;
46.16799999999999 0 8.94199999999997 1 37.22599999999997 0 3300 1228 1595 5135 1074;
1 605 5785 1315 4980 3348 2411 4985 3782 6109 817 325 3449 2216 4036 813 695;
47.22799999999997 0 10.391999999999964 1 36.83600000000003 0 3300 1228 1595 5135 4241 1074;
1 605 5785 1315 4980 3348 2411 4985 3782 6109 817 325 3449 2216 813 695 1048;
49.682000000000016 0 10.313999999999954 1 39.36800000000003 0 1228 4241 3300 1074 5135 1595;
1 2411 6109 1315 2216 4980 3348 3782 695 817 3449 4985 325 813 1048 5785 605 3634;
50.83399999999996 0 11.561999999999971 1 39.27200000000001 0 1228 4241 3300 1074 5135 1595 4713;
1 2411 6109 1315 2216 4980 3348 3782 695 817 3449 4985 325 813 1048 5785 605 3634;
53.238000000000014 0 12.685999999999957 1 40.55200000000004 0 1228 4241 3300 1074 5135 4854 1595 4713;
1 2411 6109 1315 2216 4980 3348 3782 695 817 4985 325 813 1048 5785 605 3634 3449;
53.99600000000001 0 11.573999999999959 1 42.42200000000001 0 1228 4241 1074 5135 4854 1595 4713;
1 2411 6109 1315 2216 4980 3348 3782 5757 695 817 4985 325 813 1048 5785 605 3634 3449 3683;
55.412 0 10.71399999999996 1 44.69800000000004 0 1228 1074 5135 4854 1595 4713;
1 2411 6109 1315 2216 4980 3348 4036 3782 5757 695 817 4985 325 813 1048 5785 605 3634 3449 3683 650;
56.348000000000006 0 10.727999999999962 1 45.61999999999997 0 1228 1074 5135 4854 1595 4713;
1 2411 6109 1315 2216 4980 3348 4036 3782 5757 695 817 4985 325 813 1048 5785 605 3634 650 3449 3683 3939;
58.38199999999998 0 11.641999999999959 1 46.74 0 1228 1074 5135 4854 1595 4713 3838;
1 2411 6109 1315 2216 4980 3348 20 3782 5757 695 817 4985 325 813 1048 5785 605 3634 650 3449 3683 3939;
60.38399999999993 0 11.915999999999963 1 48.467999999999996 0 1228 4713 3838 5135 1595 4854 1074;
1 650 1315 2216 4980 3348 20 3683 5757 695 817 3634 4985 3449 813 1048 5785 605 2411 325 3782 6109 3939 1897;
61.24399999999999 0 12.93999999999995 1 48.304 0 1228 4713 3838 5135 1595 4854 1074 1198;
1 650 1315 2216 4980 3348 20 3683 5757 695 817 3634 4985 3449 813 1048 5785 605 2411 325 3782 6109 3939 1897;
63.37400000000002 0 13.239999999999942 1 50.13399999999997 0 1228 4713 3838 5135 1595 4854 1074 1198;
1 650 1315 2216 4980 3348 20 3683 5757 695 817 3634 4985 3449 813 1048 5785 605 2411 325 3782 6109 3939 1897 593;
64.694 0 13.261999999999952 1 51.431999999999974 0 1228 4713 3838 5135 1595 4854 1074 1198;
1 650 1315 2216 4980 3348 20 3683 5757 695 817 3634 4985 3449 813 1048 5785 605 2411 325 3782 6109 3939 1897 593 5927;
65.924 0 15.23999999999997 1 50.683999999999955 0 1228 4713 5020 3838 5135 1595 4854 1074 1198 3307;
1 1315 2216 4980 3348 20 3683 5757 695 817 3634 4985 3449 813 1048 5785 605 2411 325 3782 6109 3939 1897 593 5927;
68.85800000000009 0 15.475999999999967 1 53.38199999999994 0 1228 4713 5020 3838 5135 1595 4854 1074 1198 3307;
1 1315 2216 4980 3348 20 3683 5757 695 817 3634 4985 3449 813 1048 5785 605 2411 325 3782 6109 3939 1897 593 5927 677;
69.31200000000003 0 16.32399999999999 1 52.98799999999999 0 1228 4257 5020 3838 5135 1595 4854 1074 1198 3307 16;
1 1315 2216 4980 3348 20 3683 5757 695 817 3634 4985 3449 813 1048 5785 605 2411 325 3782 6109 3939 1897 593 5927 677;
71.0020000000001 0 17.331999999999965 1 53.67 0 1228 4257 5020 3838 5135 1595 4854 1074 1198 3307 16 1494;
1 1315 2216 4980 3348 20 3683 5757 695 817 3634 4985 3449 813 1048 5785 605 2411 325 3782 6109 3939 1897 593 5927 677;
72.43400000000007 0 17.395999999999994 1 55.037999999999926 0 1228 4257 5020 3838 5135 1595 4854 1074 1198 3307 16 1494;
1 1315 2216 4980 3348 20 3683 5757 695 817 3634 4985 3449 813 1048 5785 605 2411 325 3782 6109 3939 1897 593 5927 677 3825;
71.97200000000004 0 17.157999999999987 1 54.81400000000001 0 4257 3838 5135 3307 1494 1595 4854 1074 1198 1228 16 3994;
1 1048 650 1315 2216 4980 3348 20 3683 5757 695 817 3449 677 593 5785 605 2411 325 3782 6109 3939 3825 813 4985 5927 2993 1897;
74.38600000000008 0 19.143999999999984 1 55.241999999999955 0 4257 3623 3838 5135 3307 1494 1595 4854 1074 1198 1228 16 3994 3300;
1 1048 650 1315 2216 4980 3348 20 3683 695 817 3449 677 593 5785 605 2411 325 3782 6109 3939 3825 813 4985 5927 2993 1897;
