2.4879999999999853 0 1.304000000000001 1 1.1840000000000008 0 3623; 1 
5.665999999999973 0 1.7180000000000013 1 3.9479999999999746 0 3623; 1 4980; 
8.229999999999968 0 1.9140000000000015 1 6.315999999999971 0 3623; 1 4980 3348; 
10.797999999999966 0 2.1499999999999977 1 8.647999999999959 0 3623; 1 4980 3348 2411; 
13.645999999999981 0 2.427999999999991 1 11.217999999999968 0 3623; 1 2411 3348 4980 3449; 
16.889999999999972 0 2.6719999999999877 1 14.217999999999973 0 3623; 1 2411 3348 4980 3449 1315; 
18.44199999999995 0 2.917999999999983 1 15.523999999999964 0 3623; 1 2411 3348 4980 3449 1315 817; 
20.591999999999977 0 3.1179999999999817 1 17.47399999999997 0 3623; 1 2411 3348 4980 3449 1315 817 3782; 
22.183999999999983 0 4.081999999999981 1 18.10199999999998 0 4854 3623; 1 2411 817 1315 4980 3348 3782 3449; 
25.587999999999973 0 4.5439999999999765 1 21.04399999999997 0 4854 3623; 1 2411 817 1315 4980 3348 3782 3449 593; 
26.863999999999997 0 4.645999999999973 1 22.21799999999998 0 4854 3623; 1 2411 817 1315 4980 3348 3782 3449 593 2317; 
29.501999999999967 0 4.6459999999999715 1 24.855999999999927 0 4854 3623; 1 2411 817 1315 4980 3348 3782 3449 2317 593 677; 
31.98199999999996 0 4.995999999999975 1 26.985999999999954 0 4854 3623; 1 2411 817 1315 4980 3348 3782 3449 2317 593 677 5234; 
34.11599999999997 0 6.193999999999966 1 27.921999999999972 0 4854 3623 5135; 1 2411 817 1315 4980 3348 3782 3449 677 5234 2317 593; 
36.14599999999996 0 6.301999999999962 1 29.843999999999944 0 4854 3623 5135; 1 2411 817 1315 4980 3348 3782 3449 677 5234 2317 593 4985; 
38.666000000000004 0 6.447999999999964 1 32.217999999999996 0 4854 3623 5135; 1 2411 817 1315 4980 3232 3782 3449 677 5234 2317 593 4985 3939; 
41.124 0 6.865999999999967 1 34.25799999999998 0 4854 3623 5135; 1 2411 817 1315 4980 3232 3782 3449 677 5234 2317 593 4985 3939 6109; 
43.123999999999995 0 6.873999999999964 1 36.24999999999998 0 4854 3623 5135; 1 2411 817 1315 4980 3232 3782 3449 593 4985 5234 677 2317 3939 6109 5785; 
45.37399999999998 0 7.151999999999961 1 38.22200000000004 0 4854 3623 5135; 1 2411 817 1315 4980 3232 3782 3449 593 4985 5234 677 2317 3939 6109 5785 1628; 
46.72000000000002 0 8.13799999999996 1 38.58199999999999 0 4854 3623 5135 4713; 1 2411 817 1315 4980 3232 3782 3449 593 4985 5234 677 2317 3939 6109 1628 813; 
47.764000000000024 0 10.185999999999963 1 37.57799999999999 0 4854 3623 5 5463 5135 5390; 1 2411 817 1315 3232 3782 593 4985 5234 677 2317 3939 6109 5785 1628 813; 
50.583999999999975 0 10.457999999999965 1 40.12599999999997 0 4854 3623 5 5463 5135 5390; 1 2411 817 1315 3232 3782 593 4985 5234 677 2317 3939 6109 5785 813 1628 1335; 
51.945999999999984 0 10.419999999999972 1 41.52599999999999 0 4854 3623 5 5463 5135 5390; 1 2411 817 1315 3232 3782 593 4985 5234 677 2317 3939 6109 5785 813 1628 1335 4446; 
54.4799999999999 0 11.55199999999997 1 42.92799999999998 0 4854 3623 5 5463 5135 5390 1595; 1 2411 817 1315 3232 3782 593 4985 5234 677 2317 3939 6109 5785 813 1628 1335 4446; 
55.277999999999935 0 11.733999999999957 1 43.54400000000003 0 4854 3623 5463 5135 5390 1595 4257; 1 2411 817 1315 4980 3232 3782 593 4985 5234 677 2317 3939 6109 5785 813 1628 1335 4446; 
57.19399999999991 0 11.587999999999955 1 45.605999999999995 0 4854 3623 5463 5135 5390 1595 4257; 1 2411 817 1315 4980 3232 3782 593 4985 5234 677 2317 3939 6109 5785 813 1628 1335 4446 3259; 
59.362 0 11.789999999999955 1 47.57200000000003 0 4854 3623 5463 5135 1595 4257 16; 1 2411 817 1315 4980 3232 3782 593 4985 5234 677 2317 3939 6109 5785 813 1628 349 1335 4446 3259; 
60.50999999999998 0 11.939999999999962 1 48.569999999999986 0 4854 3623 5463 5135 1595 4257 16; 1 2411 817 1315 4980 3232 3782 593 4985 5234 677 2317 3939 6109 5785 813 1628 349 1335 4446 3259 2113; 
62.914 0 12.167999999999951 1 50.74600000000001 0 4854 3623 5463 5135 1595 4257 16; 1 2411 817 1315 4980 3232 3782 593 4985 5234 677 2317 3939 6109 5785 813 1628 349 1335 4446 3259 2113 97; 
64.38000000000002 0 12.151999999999965 1 52.22799999999996 0 4854 3623 5135 1595 5463 4257 16; 1 593 2317 4446 677 97 1335 2411 3782 813 2113 3939 6109 3259 5785 3232 4980 5234 349 1628 3854 1315 817 3010; 
65.46 0 14.991999999999967 1 50.46799999999999 0 4854 3623 5135 1595 5463 3307 5390 4257 16 3838; 1 593 2317 4446 677 97 1335 2411 3782 813 2113 3939 6109 5785 3232 4980 5234 1628 5351 1315 817 3010; 
66.84800000000001 0 15.169999999999963 1 51.67799999999993 0 4854 3623 5135 1595 5463 3307 5390 4257 16 3838; 1 593 2317 4446 677 97 1335 2411 3782 813 2113 3939 6109 5785 3232 4980 5234 1628 5351 1315 817 3010 4812; 
68.90400000000014 0 15.157999999999976 1 53.74599999999992 0 4854 3623 5135 1595 5463 3307 5390 4257 16 3838; 1 593 2317 4446 677 97 1335 2411 3782 813 2113 3939 6109 5785 3232 4980 5234 1628 5351 1315 817 3010 4812 5338; 
70.13200000000012 0 15.233999999999961 1 54.897999999999925 0 4854 3623 5135 1595 5463 3307 5390 4257 16 3838; 1 593 2317 4446 677 97 1335 2411 3782 813 2113 3939 6109 5785 3232 4980 5234 1628 5351 1315 817 3010 4812 5338 5306; 
71.47400000000007 0 15.435999999999956 1 56.03799999999997 0 4854 3623 5135 1595 5463 3307 5390 4257 16 3838; 1 593 2317 4446 677 97 1335 2411 3782 813 2113 3939 6109 5785 3232 4980 5234 1628 5351 1315 817 3010 4812 5338 5306 639; 
73.28600000000009 0 15.439999999999968 1 57.84599999999993 0 4854 3623 5135 1595 5463 3307 5390 4257 16 3838; 1 593 2317 4446 677 97 1335 2411 3782 813 2113 3939 6109 5785 3232 4980 5234 1628 5351 1315 817 3010 4812 5338 5306 639 5834; 
74.27800000000008 0 16.369999999999962 1 57.90799999999995 0 4854 3623 5135 1595 5463 3307 5390 4257 16 3838 1494; 1 593 2317 4446 677 97 1335 2411 3782 813 2113 3939 6109 5785 3232 4980 5234 1628 5351 1315 817 3010 4812 5338 5306 639 5834; 
76.53200000000015 0 16.483999999999977 1 60.04799999999996 0 4854 3623 5135 1595 5463 3307 5390 4257 16 3838 1494; 1 593 2317 4446 677 97 1335 2411 3782 813 2113 3939 6109 5785 3232 4980 5234 1628 5351 1315 817 3010 4812 5338 5306 639 5834 2730; 
76.93600000000008 0 16.231999999999978 1 60.70399999999998 0 4854 3623 5135 1595 5463 3307 5390 4257 16 3838 1494; 1 593 2317 4446 677 97 1335 2411 3782 813 2113 3939 6109 5785 3232 4980 5234 1628 3854 1315 817 3010 4812 5338 5306 2730 639 5834 2787; 
78.86200000000005 0 16.56199999999997 1 62.29999999999998 0 4854 3623 5135 1595 5463 3307 5390 4257 16 3838 1494; 1 593 2317 4446 677 97 1335 2411 3782 813 2113 3939 6109 5785 3232 4980 5234 1628 3854 1315 817 3010 4812 5338 5306 2730 639 5834 2787 5082; 
