2.6599999999999793 0 1.436000000000001 1 1.2240000000000009 0 3623;
1 ;
5.039999999999972 0 2.709999999999993 1 2.329999999999997 0 3623 4854;
1 ;
8.027999999999977 0 2.845999999999991 1 5.181999999999963 0 3623 4854;
1 2411;
10.403999999999963 0 3.1519999999999837 1 7.2519999999999625 0 4854 3623;
1 2411 5785;
12.569999999999975 0 4.495999999999978 1 8.073999999999968 0 4854 3623 1595;
1 5785 2411;
14.923999999999959 0 4.62599999999997 1 10.29799999999996 0 4854 3623 1595;
1 5785 2411 3449;
18.087999999999983 0 5.897999999999958 1 12.189999999999966 0 4854 3623 1595 5135;
1 5785 2411 3449;
20.735999999999997 0 6.0779999999999665 1 14.657999999999973 0 4854 3623 1595 5135;
1 5785 2411 3449 1335;
23.795999999999964 0 6.3779999999999575 1 17.417999999999967 0 4854 3623 1595 5135;
1 5785 2411 3449 1335 4812;
25.44399999999999 0 7.583999999999961 1 17.859999999999967 0 4854 3623 1595 5135 3838;
1 5785 2411 3449 1335 4812;
27.859999999999992 0 7.713999999999964 1 20.14599999999997 0 4854 3623 1595 5135 3838;
1 5785 2411 1335 3449 4812 593;
29.91199999999997 0 7.86799999999996 1 22.043999999999993 0 4854 3623 1595 5135 3838;
1 5785 2411 1335 3449 4812 593 605;
30.653999999999925 0 8.83199999999997 1 21.821999999999985 0 4854 3623 1595 5135 3838 1074;
1 5785 2411 1335 3449 4812 593 605;
32.72399999999998 0 9.049999999999965 1 23.674 0 4854 3623 1595 5135 3838 1074;
1 5785 2411 1335 3449 4812 593 605 1628;
36.22799999999999 0 9.333999999999971 1 26.893999999999995 0 3623 3838 4854 1074 5135 1595;
1 593 1628 5785 1335 2411 605 4812 3449 4980;
37.497999999999976 0 9.371999999999968 1 28.125999999999955 0 3623 3838 4854 1074 5135 1595;
1 593 1628 5785 1335 2411 605 4812 3449 4980 1267;
40.688000000000066 0 9.575999999999983 1 31.111999999999966 0 3623 3838 4854 1074 5135 1595;
1 593 1628 5785 1335 2411 605 4812 3449 4980 1267 3634;
42.12800000000006 0 9.783999999999965 1 32.34399999999996 0 3623 3838 4854 1074 5135 1595;
1 593 1628 5785 1335 2411 605 4812 3449 4980 1267 3634 3259;
44.73999999999997 0 10.941999999999965 1 33.79799999999999 0 3838 3623 4854 1074 5135 1595 916;
1 4980 4812 1628 5785 1335 2411 605 1267 593 3449 3634 3259;
45.782000000000025 0 10.10799999999997 1 35.67399999999997 0 3838 3623 4854 1074 5135 1595;
1 4980 4812 1628 5785 1335 2411 605 1267 593 3449 2113 3259 1048 1315;
48.64999999999999 0 10.305999999999962 1 38.343999999999994 0 3838 3623 4854 1074 5135 1595;
1 4980 4812 1628 5785 1335 2411 605 1267 593 3449 2113 3259 1048 1315 2730;
50.02999999999999 0 10.333999999999968 1 39.696 0 3838 3623 4854 1074 5135 1595;
1 4980 4812 1628 5785 1335 2411 605 1267 593 3449 2113 3259 1048 1315 2730 677;
52.37199999999994 0 10.385999999999976 1 41.98599999999997 0 3838 3623 4854 1074 5135 1595;
1 4980 4812 1628 5785 1335 2411 605 1267 593 3449 2113 3259 1048 1315 2730 677 3010;
53.922000000000004 0 11.445999999999959 1 42.476000000000006 0 3838 3623 4854 1074 5135 1595 5;
1 4980 4812 1628 5785 1335 2411 605 1267 593 3449 2113 3259 1048 1315 2730 677 3010;
55.390000000000015 0 11.659999999999965 1 43.73000000000001 0 3838 3623 4854 1074 5135 1595 5;
1 4980 4812 1628 5785 1335 2411 605 1267 593 3449 2113 3259 1048 1315 2730 677 3010 6109;
57.48799999999995 0 12.739999999999956 1 44.74800000000006 0 3838 3623 4854 1074 5135 1595 5 4257;
1 4980 4812 1628 5785 1335 2411 605 1267 593 3449 2113 3259 1048 1315 2730 677 6109 3010;
58.43599999999995 0 13.651999999999935 1 44.78400000000002 0 3838 3623 4854 1074 5135 1595 5 4257 1228;
1 4980 4812 1628 5785 1335 2411 605 1267 593 3449 2113 3259 4621 1315 2730 677 6109 3010;
60.54799999999997 0 14.033999999999956 1 46.51400000000001 0 3838 3623 4854 1074 5135 1595 5 4257 1228;
1 4980 4812 1628 5785 1335 2411 605 1267 593 3449 2113 3259 4621 1315 2730 677 6109 3010 5834;
62.18000000000001 0 13.833999999999952 1 48.34600000000002 0 3838 3623 4854 1074 5135 1595 5 4257 1228;
1 4980 4812 1628 5785 1335 2411 605 1267 593 3449 2113 3259 4621 1315 2730 677 6109 3010 5834 586;
63.61199999999998 0 13.851999999999961 1 49.759999999999955 0 3838 3623 4854 1074 5135 1595 5 4257 1228;
1 4980 4812 1628 5785 1335 2411 605 1267 593 3449 2113 3259 4621 1315 2730 677 6109 3010 5834 586 817;
64.89199999999997 0 13.829999999999966 1 51.06200000000002 0 3838 3623 4854 1074 5135 1595 4257 1228 5;
1 4980 4812 1628 5785 1335 2411 605 1267 593 3449 2113 3259 4621 586 677 6109 1315 3010 2730 817 5834 3830;
65.90600000000006 0 13.98599999999996 1 51.920000000000016 0 3838 3623 4854 1074 5135 1595 4257 1228 5;
1 4980 4812 1628 5785 1335 2411 605 1267 593 3449 2113 3259 4621 586 677 6109 1315 3010 2730 817 5834 3830 2216;
67.70400000000008 0 14.059999999999965 1 53.64399999999996 0 3838 3623 4854 1074 5135 1595 4257 1228 5;
1 4980 4812 1628 5785 1335 2411 605 1267 593 3449 2113 3259 4621 586 677 6109 1315 3010 2730 817 5834 5635 2216 5234;
69.32800000000012 0 14.25399999999995 1 55.073999999999955 0 3838 3623 4854 1074 5135 1595 4257 1228 5;
1 4980 4812 1628 5785 1335 2411 605 1267 593 3449 2113 3259 4621 586 677 6109 1315 3010 2730 817 5834 5635 2216 5234 639;
69.70000000000002 0 15.953999999999972 1 53.74599999999998 0 3838 3623 4854 1074 5135 1595 1228 5 5140 4257 339;
1 4812 5635 677 5834 1335 2411 2730 639 6109 2216 586 3259 4980 2113 3010 3449 593 1267 605 817 5785 1315 1628 4621;
72.28200000000017 0 17.06399999999998 1 55.21799999999993 0 3838 3623 4854 1074 5135 1595 1228 5 5140 4257 339 1494;
1 4812 5635 677 5834 1335 2411 2730 639 6109 2216 586 3259 4980 2113 3010 3449 593 1267 605 817 5785 1315 1628 4621;
73.53400000000009 0 17.087999999999976 1 56.44599999999999 0 3838 3623 4854 1074 5135 1595 1228 5 5140 4257 1494 339;
1 4812 3830 677 5834 1335 2411 2730 639 6109 2216 586 3259 4980 2113 3010 3449 593 1267 605 817 5785 1315 1628 4621 5338;
75.02600000000011 0 17.19199999999998 1 57.83399999999994 0 3838 3623 4854 1074 5135 1595 1228 5 5140 4257 1494 339;
1 4812 3830 677 5834 1335 2411 2730 639 6109 2216 586 3259 4980 2113 3010 3449 593 1267 605 817 5785 1315 1628 4621 5338 3939;
75.2940000000001 0 17.077999999999964 1 58.21599999999997 0 3838 3623 4854 1074 5135 1595 1228 5 5140 4257 1494 339;
1 4812 3830 677 5834 1335 2411 2730 639 6109 2216 586 3259 4980 2113 3010 3449 593 1267 605 817 5785 1315 1628 4621 5338 3939 5306;
77.75200000000004 0 18.357999999999972 1 59.394000000000034 0 3838 3623 4854 1074 5135 1595 1228 5 5140 4257 1494 339 1198;
1 4812 3830 677 5834 1335 2411 2730 639 6109 2216 586 3259 4980 2113 3010 3449 593 1267 605 817 5785 1315 1628 4621 5338 3939 5306;
