4.297999999999968 0 0.35600000000000026 1 3.941999999999968 0 1 1335; 
7.171999999999972 0 0.6240000000000004 1 6.547999999999976 0 1 1335 5351; 
10.947999999999972 0 0.9260000000000007 1 10.021999999999974 0 1 1335 5351 5234; 
14.143999999999968 0 1.1880000000000008 1 12.955999999999978 0 1 5234 1335 5351 1324; 
16.785999999999966 0 1.332000000000001 1 15.453999999999965 0 1 5234 1335 5351 1324 677; 
19.505999999999958 0 1.5340000000000011 1 17.97199999999997 0 1 5234 1335 5351 1324 677 3634; 
22.391999999999957 0 2.010000000000001 1 20.38199999999996 0 1 5234 1335 5351 1324 3634 677 4985; 
24.759999999999966 0 2.1619999999999977 1 22.597999999999956 0 1 5234 1335 5351 1324 3634 677 4985 4209; 
27.267999999999983 0 2.1999999999999957 1 25.067999999999994 0 1 5234 1335 5351 1324 3634 677 4985 4209 4980; 
29.59399999999999 0 2.52999999999999 1 27.063999999999947 0 1 5234 1335 5351 1324 3634 677 4985 4209 4980 3854; 
31.425999999999956 0 2.47799999999999 1 28.947999999999954 0 1 4985 4980 3634 3854 1335 4209 677 5234 5351 1324 1267; 
33.609999999999964 0 2.789999999999988 1 30.819999999999965 0 1 4985 4980 3634 3854 1335 4209 5082 5234 5351 1324 1267 4436; 
36.482 0 3.0039999999999827 1 33.47800000000004 0 1 4985 4980 3634 3854 1335 4209 677 5234 5351 1324 1267 4436 6109; 
38.886 0 3.14999999999998 1 35.735999999999976 0 1 4985 4980 3634 3854 1335 4209 677 5234 5351 1324 1267 4436 6109 97; 
41.208000000000006 0 3.2799999999999825 1 37.92799999999999 0 1 4436 677 3634 3854 6109 4209 1267 97 5351 1324 4985 5234 1335 4980 5107; 
42.87000000000003 0 3.3179999999999796 1 39.55200000000001 0 1 4436 677 3634 3854 6109 4209 1267 97 5351 1324 4985 5234 1335 4980 5107 205; 
44.42200000000002 0 3.457999999999977 1 40.963999999999956 0 1 4436 677 3634 3854 6109 4209 1267 97 5351 1324 4985 5234 1335 4980 5107 2628 1424; 
46.515999999999984 0 3.7559999999999785 1 42.76000000000005 0 1 4436 677 3634 3854 6109 4209 1267 97 5351 1324 4985 5234 1335 4980 5107 2628 1424 3449; 
46.16399999999992 0 3.48599999999998 1 42.678000000000004 0 1 4436 638 3634 3854 2216 4209 1267 97 5351 1324 72 5234 1335 4980 5107 1424 2628 3449 775; 
48.45399999999999 0 3.5159999999999787 1 44.93800000000001 0 1 4436 638 3634 3854 2216 4209 1267 97 5351 1324 72 5234 1335 4980 5107 1424 2628 3449 775 1237; 
50.582000000000036 0 3.8199999999999763 1 46.76200000000003 0 1 4436 638 3634 3854 2216 4209 1267 97 5351 1324 72 5234 1335 4980 5107 1424 2628 3449 775 1237 1315; 
52.28 0 4.049999999999978 1 48.230000000000025 0 1 4436 638 3634 3854 2216 4209 1267 97 5351 1324 72 5234 1335 4980 5107 1315 3449 2628 1237 1424 775 3364; 
54.84799999999995 0 5.111999999999971 1 49.73600000000002 0 3300; 1 4436 638 3634 3854 2216 4209 1267 97 5351 1324 72 5234 1335 4980 5107 1315 3449 2628 1237 1424 775 3364; 
55.26599999999999 0 4.999999999999971 1 50.26599999999996 0 3300; 1 4436 638 3634 3854 2216 4209 1267 97 5351 1324 72 5234 1335 4980 5107 1315 3449 205 1237 1424 775 3364 1628; 
57.841999999999985 0 5.395999999999973 1 52.44599999999994 0 3300; 1 4436 638 3634 3854 2216 4209 1267 3374 5351 1324 72 5234 1335 4980 5679 1315 3449 205 1237 1424 1448 3364 1628 5615; 
60.089999999999975 0 5.533999999999975 1 54.555999999999926 0 3300; 1 3449 1335 3634 1315 2216 1448 5615 97 5351 1424 72 5234 638 4980 1628 4436 1324 1267 1237 3364 4209 3854 205 5679 1261; 
60.803999999999974 0 5.413999999999968 1 55.38999999999995 0 3300; 1 3449 1335 3634 1315 2216 1448 5615 97 5351 1424 72 5234 638 4980 1628 4436 1324 1267 1237 3364 4209 3854 205 5679 1261 134; 
62.97400000000002 0 5.679999999999973 1 57.293999999999905 0 3300; 1 3449 1335 3634 1315 6109 1448 5615 97 5351 1424 72 5234 638 4980 1628 4436 1324 1267 1237 3364 4209 3854 205 5679 1261 4812 5165; 
64.60000000000002 0 5.84599999999997 1 58.75399999999992 0 3300; 1 3449 1335 3634 1315 6109 1448 5615 97 5351 1424 72 5234 638 4980 1628 4436 1324 1267 1237 3364 4209 3854 205 5679 1261 4812 5165 434; 
65.566 0 6.015999999999967 1 59.549999999999955 0 3300; 1 3449 1335 3634 1315 6109 1448 5615 97 5351 1424 72 5234 638 4980 1628 4436 1324 1267 1237 3364 4209 3854 2628 5679 1261 4812 5165 434 5513; 
68.82600000000008 0 6.0799999999999725 1 62.746000000000016 0 3300; 1 3449 1335 3634 1315 6109 1448 5615 97 5351 1424 72 5234 638 4980 1628 4436 1324 1267 1237 3364 4209 3854 205 5679 1261 4812 5165 434 5513 1009; 
69.52800000000006 0 6.259999999999969 1 63.268000000000036 0 3300; 1 3449 1335 3634 1315 6109 1448 5615 97 6152 1424 72 5234 638 4980 1628 4436 1324 1267 1237 3364 4209 3854 205 5679 1261 4812 5165 1009 5513 434 3259; 
70.59600000000005 0 7.257999999999967 1 63.33799999999997 0 3300 16; 1 3449 1335 3634 1315 6109 1448 5615 97 6152 1424 72 5234 638 4980 1628 4436 1324 1267 1237 3364 4209 3854 205 5679 1261 5165 1009 5513 434 3259 3341; 
72.72000000000007 0 6.217999999999964 1 66.50200000000008 0 3300; 1 3449 1335 3634 1315 6109 1448 5615 97 6152 1424 72 5234 638 4980 1628 4436 1324 1267 1237 3364 4209 3854 205 5679 1261 4812 5165 1009 5513 434 3259 3341 1291; 
73.64800000000008 0 6.227999999999962 1 67.42000000000013 0 3300; 1 3449 1335 3634 1315 2216 1448 5615 97 6152 1424 72 5234 638 4980 1628 4436 1324 1267 1237 3364 4209 3854 205 5679 1261 4812 5165 1009 5513 434 3259 3341 1291 4446; 
75.20800000000011 0 6.511999999999966 1 68.69600000000004 0 3300; 1 3449 1335 3634 1315 2216 1448 5615 97 6152 1424 72 5234 638 4980 1628 4436 1324 1267 1237 3364 4209 3854 205 5679 1261 4812 5165 1009 5513 434 3259 3341 1291 2411 4446; 
76.27600000000011 0 7.507999999999969 1 68.76800000000001 0 2055 3300; 1 3449 1335 3634 1315 2216 1448 5615 97 6152 1424 72 5234 638 4980 4436 1324 1267 1237 3364 4209 3854 205 5679 1261 4812 5165 3259 1009 2411 5513 1291 434 3341 4446 5306; 
77.29400000000011 0 7.561999999999965 1 69.7320000000001 0 2055 3300; 1 3449 1335 3634 1315 2216 1448 5615 97 6152 1424 72 5234 638 4980 4436 1324 1267 1237 3364 4209 3854 4566 5679 1261 4812 5165 3259 1009 2411 5513 1291 434 3341 4446 4279 5879; 
79.68600000000015 0 7.503999999999967 1 72.18200000000012 0 2055 3300; 1 3449 1335 3634 1315 2216 1448 5615 97 6152 1424 72 5234 638 4980 4436 1324 1267 1237 3364 4209 3854 4566 5679 1261 4812 5165 3259 1009 2411 5513 1291 434 3341 4446 4279 5879 3010; 
79.8960000000002 0 7.563999999999963 1 72.33200000000002 0 2055 3300; 1 3449 1335 3634 1315 2216 1448 5615 97 6152 1424 72 5234 638 4980 4436 1324 1267 1237 3364 4209 3854 4566 5679 1261 4812 5165 3259 1009 2411 5513 1291 434 3341 4446 4279 5879 3010 4727; 
