1.478000000000001 0 0.002 1 1.476000000000001 0 1 50; 
2.9739999999999895 0 0.0 1 2.9739999999999895 0 1 50 226; 
4.271999999999978 0 0.008 1 4.263999999999978 0 1 50 226 318; 
5.63999999999997 0 0.004 1 5.635999999999971 0 1 50 226 318 123; 
7.423999999999957 0 0.008 1 7.415999999999958 0 1 50 226 318 123 110; 
8.431999999999963 0 0.008 1 8.423999999999964 0 1 50 226 318 123 110 62; 
10.267999999999978 0 0.012 1 10.255999999999977 0 1 50 226 318 123 110 62 262; 
11.559999999999956 0 0.012 1 11.547999999999956 0 1 50 226 318 123 110 62 262 167; 
12.857999999999949 0 0.016 1 12.84199999999995 0 1 110 262 167 226 62 50 123 318 270; 
13.807999999999947 0 0.01 1 13.797999999999947 0 1 110 262 167 226 62 50 123 318 270 12; 
15.743999999999975 0 0.016 1 15.727999999999977 0 1 110 262 167 226 62 50 123 318 270 12 146; 
17.191999999999997 0 0.016 1 17.175999999999995 0 1 110 262 167 226 62 50 123 318 270 12 146 301; 
18.635999999999967 0 0.030000000000000006 1 18.60599999999997 0 1 110 262 167 226 62 50 123 318 270 12 146 301 314; 
19.947999999999972 0 0.022000000000000006 1 19.925999999999974 0 1 110 262 167 226 62 50 123 318 270 12 146 301 314 298; 
21.179999999999996 0 0.02800000000000001 1 21.151999999999997 0 1 298 123 301 226 62 50 270 12 110 146 314 318 167 262 196; 
22.789999999999974 0 0.03800000000000002 1 22.751999999999978 0 1 298 123 301 226 62 50 270 12 110 146 314 318 167 262 196 141; 
24.189999999999944 0 0.03800000000000001 1 24.151999999999937 0 1 298 123 301 226 62 50 270 12 110 146 314 318 167 262 196 141 14; 
25.46599999999995 0 0.03800000000000002 1 25.427999999999948 0 1 298 123 301 226 62 50 270 12 110 146 314 318 167 262 196 14 141 347; 
27.121999999999954 0 0.03800000000000001 1 27.08399999999995 0 1 298 123 301 226 62 50 270 12 110 146 314 318 167 262 196 14 141 347 337; 
28.05199999999991 0 0.040000000000000015 1 28.011999999999915 0 1 196 146 301 226 14 50 337 347 110 123 314 318 167 262 298 12 270 62 141 139; 
29.46799999999995 0 0.04800000000000002 1 29.419999999999945 0 1 196 146 301 226 14 50 337 347 110 123 314 318 167 262 298 12 270 62 141 139 348; 
30.889999999999972 0 0.03800000000000001 1 30.851999999999965 0 1 196 146 301 226 14 50 337 347 110 123 314 318 167 262 298 12 270 62 141 139 348 83; 
32.291999999999945 0 0.04600000000000003 1 32.245999999999945 0 1 196 146 301 226 14 50 337 347 110 123 314 318 167 262 298 12 270 62 342 139 348 83 57; 
33.469999999999985 0 0.054000000000000034 1 33.41599999999999 0 1 196 146 301 226 14 50 337 347 110 123 314 318 167 262 298 12 270 62 342 139 348 83 57 328; 
34.464 0 0.07600000000000003 1 34.388 0 1 196 146 301 226 14 50 337 347 110 123 314 318 167 262 298 12 270 62 141 139 348 83 57 328 149; 
36.08600000000004 0 0.06200000000000003 1 36.02400000000003 0 1 196 146 301 226 14 50 337 347 110 123 314 318 167 262 298 12 270 62 141 139 348 83 57 328 149 115; 
37.28 0 0.07400000000000005 1 37.20600000000001 0 1 196 146 301 226 14 50 337 347 110 123 314 318 167 262 298 12 270 62 141 16 83 348 115 328 149 57 181; 
38.55600000000006 0 0.07400000000000004 1 38.482000000000056 0 1 196 146 301 226 14 50 337 347 110 123 314 318 167 262 298 12 270 62 141 16 83 348 115 328 149 57 181 58; 
39.890000000000015 0 0.05400000000000002 1 39.83600000000003 0 1 196 146 301 226 14 50 337 347 110 123 314 318 167 262 298 12 270 62 141 16 83 348 115 328 149 57 181 58 212; 
40.926000000000045 0 0.06000000000000004 1 40.86600000000006 0 1 196 146 301 226 14 50 337 347 110 123 314 318 167 262 298 12 270 62 141 139 83 348 115 328 149 57 181 58 212 193; 
42.37400000000006 0 1.1940000000000008 1 41.18 0 421; 1 196 146 301 226 14 50 337 347 123 314 318 167 262 298 12 270 62 141 139 83 348 115 328 149 57 181 58 212 193 276; 
43.22599999999999 0 2.24 1 40.98599999999999 0 421 356; 1 196 146 301 226 14 50 337 347 123 314 318 167 262 298 12 270 62 141 139 83 348 115 328 149 57 181 58 212 193 276; 
45.675999999999995 0 4.689999999999978 1 40.986000000000026 0 365 421 375 356; 1 196 146 301 226 50 337 347 123 314 318 167 262 298 12 270 62 141 139 212 276 115 328 149 348 83 193 57 181 206; 
46.507999999999996 0 4.701999999999979 1 41.806000000000054 0 365 421 375 356; 1 196 146 301 226 50 337 347 123 314 318 167 262 298 12 270 62 141 139 212 276 115 328 149 348 83 193 57 181 206 125; 
47.94199999999997 0 5.773999999999949 1 42.16799999999997 0 386 365 421 375 356; 1 146 301 226 50 337 347 123 314 318 167 262 298 12 270 62 141 139 212 276 115 328 149 348 83 193 57 181 206 125 72; 
48.691999999999986 0 7.099999999999966 1 41.59200000000007 0 386 421 451 375 371 356; 1 146 301 226 14 50 337 347 123 314 318 167 262 298 12 62 141 139 212 276 115 328 149 348 83 193 181 206 125 72 91; 
50.56599999999988 0 7.041999999999974 1 43.52400000000005 0 386 421 451 375 371 356; 1 146 301 226 14 50 337 347 123 314 318 167 262 298 12 62 141 139 212 276 115 328 149 348 83 193 181 206 125 72 91 182; 
52.185999999999964 0 7.127999999999966 1 45.05800000000001 0 386 421 451 375 371 356; 1 146 301 226 14 50 337 347 123 314 318 167 262 298 12 62 141 139 212 276 115 328 149 348 83 193 132 206 72 125 91 182 252; 
53.04599999999993 0 8.219999999999986 1 44.82600000000006 0 386 365 421 375 371 356 384; 1 146 301 226 50 337 347 123 314 318 167 262 298 12 270 62 141 139 212 276 115 328 149 348 83 193 132 206 72 125 91 252 345; 
54.487999999999836 0 8.221999999999985 1 46.26599999999996 0 386 365 421 375 371 356 384; 1 146 301 226 50 337 347 123 314 318 167 262 298 12 270 62 141 139 212 276 115 328 149 348 83 193 132 206 72 125 91 252 345 307; 
