1.410000000000001 0 0.0 1 1.410000000000001 0 1 123; 
2.83999999999999 0 0.0 1 2.83999999999999 0 1 123 347; 
4.289999999999968 0 0.01 1 4.279999999999967 0 1 123 347 135; 
5.801999999999971 0 0.004 1 5.797999999999971 0 1 123 347 135 139; 
7.459999999999966 0 0.012 1 7.4479999999999675 0 1 123 347 135 139 250; 
8.805999999999964 0 0.012 1 8.793999999999963 0 1 135 139 347 250 123 284; 
10.669999999999959 0 0.028 1 10.64199999999996 0 1 135 139 347 250 123 284 262; 
11.863999999999969 0 0.028000000000000004 1 11.835999999999967 0 1 135 139 347 250 123 284 262 196; 
13.231999999999953 0 0.04000000000000001 1 13.191999999999952 0 1 135 139 347 250 123 284 262 196 271; 
14.783999999999956 0 0.030000000000000013 1 14.753999999999953 0 1 135 139 347 250 123 284 262 196 89 161; 
16.357999999999965 0 0.056000000000000036 1 16.301999999999968 0 1 135 139 347 250 123 284 262 196 89 161 18; 
17.44599999999997 0 0.07600000000000004 1 17.369999999999976 0 1 135 139 347 250 123 284 262 196 89 18 161 4; 
18.677999999999987 0 0.12600000000000008 1 18.551999999999992 0 1 135 139 347 250 123 284 262 196 271 18 161 4 32; 
20.233999999999984 0 0.19200000000000014 1 20.041999999999984 0 1 139 135 347 4 161 262 284 123 32 18 250 271 196 345; 
21.975999999999996 0 0.25600000000000017 1 21.72 0 1 139 135 347 180 161 262 284 123 32 18 250 271 196 345 17; 
23.161999999999956 0 0.22200000000000017 1 22.939999999999962 0 1 139 135 347 180 161 262 284 123 32 18 250 271 196 345 17 125; 
24.371999999999954 0 0.20000000000000015 1 24.17199999999996 0 1 139 135 347 180 161 262 284 123 32 18 250 271 196 182 17 125 45; 
25.719999999999946 0 0.21400000000000016 1 25.505999999999954 0 1 139 135 347 180 161 262 284 123 32 18 250 271 196 182 125 17 45 227; 
27.129999999999946 0 0.2780000000000002 1 26.851999999999958 0 1 139 135 347 180 161 262 284 123 32 18 250 271 196 182 125 17 45 227 257; 
28.125999999999937 0 0.2440000000000002 1 27.881999999999934 0 1 139 135 347 180 161 262 284 123 32 18 250 271 196 345 125 17 45 227 257 274; 
29.07799999999994 0 0.2800000000000002 1 28.79799999999993 0 1 139 135 347 180 161 262 284 123 32 18 250 271 196 345 125 286 45 227 257 274 256; 
30.605999999999963 0 0.3720000000000003 1 30.233999999999956 0 1 139 135 347 180 161 262 284 123 32 18 250 271 196 345 125 286 45 227 257 274 256 246; 
32.518000000000015 0 0.5080000000000003 1 32.01000000000001 0 1 139 135 347 180 161 262 284 123 32 18 250 271 196 345 125 286 45 227 257 274 256 246 291; 
33.69000000000002 0 0.46600000000000036 1 33.22399999999997 0 1 135 214 246 180 257 262 256 45 32 18 250 345 196 274 227 139 123 284 161 291 347 125 286 138; 
34.81200000000003 0 0.34600000000000025 1 34.466000000000044 0 1 135 214 246 180 257 262 256 45 32 18 250 345 196 274 227 139 123 284 161 291 347 125 119 138 104; 
35.72000000000003 0 1.5720000000000012 1 34.14800000000003 0 402; 1 135 246 180 257 262 256 45 32 18 250 345 196 274 227 139 123 284 161 291 347 125 119 333 104 168; 
36.98000000000005 0 1.5780000000000012 1 35.40200000000002 0 402; 1 135 246 180 257 262 256 45 32 18 250 345 196 274 227 139 123 284 161 291 347 125 119 333 104 168 193; 
38.520000000000074 0 1.6040000000000012 1 36.91600000000001 0 402; 1 135 246 180 257 262 256 45 32 187 250 345 196 274 227 139 123 284 161 291 347 125 119 333 104 168 193 18; 
39.93400000000001 0 2.8299999999999925 1 37.10400000000007 0 402 462; 1 135 246 180 257 262 256 45 32 187 250 345 196 274 227 139 123 284 161 291 347 125 119 333 104 168 193 18; 
40.77400000000002 0 2.8639999999999888 1 37.910000000000025 0 466 402; 1 168 227 246 180 193 262 256 45 32 187 250 196 274 333 139 123 284 161 291 347 18 119 135 224 125 345 257 234; 
42.52799999999998 0 2.8419999999999894 1 39.68600000000003 0 466 402; 1 168 227 246 180 193 262 256 45 32 187 250 196 274 333 139 123 284 161 291 347 18 119 135 224 125 345 257 234 1; 
43.53000000000002 0 2.883999999999989 1 40.64600000000001 0 466 402; 1 168 227 246 180 193 262 256 45 32 187 250 196 274 333 139 123 284 161 291 347 18 119 135 224 125 345 257 234 1 95; 
44.54600000000003 0 5.141999999999966 1 39.40400000000004 0 432 466 360 402; 1 168 227 246 4 193 262 256 32 187 250 196 274 333 139 123 284 161 291 18 119 135 224 125 345 226 234 1 95 248; 
45.588000000000065 0 3.993999999999969 1 41.593999999999994 0 357 364 402; 1 168 227 115 4 193 262 256 45 32 187 250 196 274 333 139 123 284 161 291 18 286 135 224 125 345 226 234 1 95 248 246; 
47.277999999999984 0 5.089999999999976 1 42.18799999999999 0 357 364 365 393; 1 168 227 115 4 193 262 256 45 32 187 250 196 274 333 139 123 284 161 291 18 286 135 224 125 345 257 234 1 95 246 106; 
48.52200000000001 0 5.225999999999969 1 43.29600000000003 0 357 364 365 393; 1 168 227 115 4 193 262 256 45 32 187 250 196 274 333 139 123 284 161 291 18 286 135 224 125 345 257 234 1 95 246 106 247; 
49.421999999999855 0 4.061999999999972 1 45.35999999999997 0 357 402 393; 1 168 227 115 4 193 262 256 45 32 218 250 196 274 333 139 123 284 161 291 347 18 286 135 224 125 345 257 234 117 95 246 106 247 212; 
50.679999999999836 0 4.189999999999974 1 46.48999999999997 0 357 402 393; 1 168 227 135 4 193 262 256 45 32 218 250 196 274 333 139 123 284 161 291 347 18 286 81 224 125 345 257 234 117 95 246 106 247 212 132; 
51.98799999999986 0 4.263999999999974 1 47.72399999999997 0 357 402 393; 1 168 227 135 4 322 167 256 45 32 218 250 196 274 333 56 123 284 161 291 347 18 286 81 224 125 345 257 234 117 95 247 44 106 212 246 132; 
53.265999999999906 0 6.433999999999957 1 46.83199999999993 0 398 357 364 365 481; 1 168 227 135 127 262 256 45 32 218 250 196 274 333 56 123 284 161 291 18 286 81 224 125 345 257 150 117 95 247 44 106 212 246 132 180; 
