1.5380000000000011 0 0.006 1 1.5320000000000011 0 1 347; 
3.0039999999999916 0 0.006 1 2.9979999999999913 0 1 347 262; 
4.353999999999972 0 0.006 1 4.347999999999972 0 1 347 262 21; 
5.94199999999997 0 0.014 1 5.92799999999997 0 1 262 347 21 115; 
7.479999999999955 0 0.018000000000000002 1 7.461999999999954 0 1 115 347 262 21 307; 
8.953999999999974 0 0.024000000000000007 1 8.929999999999977 0 1 115 347 262 21 307 139; 
10.549999999999956 0 0.016 1 10.533999999999958 0 1 115 347 262 21 307 139 123; 
11.92599999999995 0 0.020000000000000004 1 11.90599999999995 0 1 139 21 262 307 115 123 347 138; 
13.219999999999958 0 0.016 1 13.203999999999954 0 1 139 21 262 307 115 123 347 138 284; 
14.605999999999959 0 0.03400000000000001 1 14.571999999999958 0 1 139 21 262 307 115 123 347 138 284 149; 
15.773999999999958 0 0.06800000000000003 1 15.705999999999964 0 1 139 21 262 307 310 123 347 138 284 149 146; 
17.393999999999984 0 0.07000000000000005 1 17.32399999999998 0 1 139 21 262 307 310 123 347 138 149 146 284 196; 
18.91799999999998 0 0.06800000000000005 1 18.84999999999998 0 1 139 21 262 307 310 123 347 138 149 146 284 196 329; 
20.682000000000006 0 0.08000000000000004 1 20.602 0 1 139 21 262 307 310 123 347 138 149 146 284 196 329 261; 
22.04999999999996 0 0.08800000000000005 1 21.96199999999996 0 1 196 261 262 284 310 123 21 329 146 139 347 149 307 138 50; 
23.243999999999964 0 0.12400000000000005 1 23.119999999999962 0 1 196 261 262 284 310 123 21 4 146 139 347 149 307 138 50 125; 
24.537999999999954 0 0.09600000000000007 1 24.441999999999954 0 1 196 261 262 284 310 123 21 4 146 139 347 149 307 138 50 125 321; 
25.803999999999935 0 0.09400000000000006 1 25.70999999999992 0 1 196 261 262 284 310 123 21 329 146 139 347 149 307 138 50 125 321 45; 
27.197999999999947 0 0.16800000000000012 1 27.02999999999994 0 1 196 261 262 284 310 123 21 4 146 139 347 149 307 138 50 286 321 45 274; 
28.31799999999994 0 0.16400000000000012 1 28.153999999999925 0 1 196 261 262 284 115 123 21 4 146 139 347 149 307 138 50 286 321 45 182 252; 
29.711999999999918 0 0.11400000000000007 1 29.597999999999928 0 1 261 139 45 284 115 182 21 4 146 50 347 149 307 252 196 321 138 123 262 286 225; 
31.177999999999994 0 0.14400000000000007 1 31.034 0 1 261 139 45 284 115 182 21 4 146 50 347 149 307 252 196 321 138 123 262 125 225 3; 
32.567999999999984 0 0.16200000000000012 1 32.40599999999998 0 1 261 139 45 284 115 182 21 4 146 50 347 149 307 252 196 321 138 123 262 125 225 3 203; 
33.840000000000025 0 0.2620000000000002 1 33.57800000000002 0 1 261 139 45 284 310 182 21 4 146 50 347 149 307 252 196 321 138 123 262 125 225 203 3 1; 
35.366 0 0.3080000000000002 1 35.05799999999997 0 1 261 139 45 284 310 182 21 4 146 50 347 149 307 252 196 321 138 123 262 125 225 203 3 1 18; 
36.29200000000002 0 0.20800000000000016 1 36.084 0 1 261 139 45 284 310 182 21 4 146 50 347 149 307 252 196 321 138 123 262 125 225 203 250 1 187 173; 
37.91600000000004 0 0.22600000000000017 1 37.690000000000055 0 1 261 139 45 284 310 182 21 4 146 50 347 149 307 252 196 321 138 123 262 125 225 203 250 1 187 173 105; 
39.14800000000001 0 0.2840000000000002 1 38.864000000000026 0 1 261 139 45 284 310 182 21 4 146 50 347 149 307 252 196 321 138 123 262 125 247 250 187 173 105 203 1 193; 
40.38999999999998 0 0.32000000000000023 1 40.07000000000001 0 1 261 139 45 284 310 182 21 4 39 50 347 149 307 252 196 321 138 123 262 125 247 250 187 173 105 203 1 193 64; 
41.59600000000001 0 0.2820000000000002 1 41.31400000000001 0 1 261 139 45 284 115 182 21 4 39 50 347 149 307 252 196 321 138 123 262 125 247 250 187 173 105 203 1 193 64 310; 
42.89600000000002 0 0.32000000000000023 1 42.576000000000036 0 1 261 139 45 284 115 182 21 4 39 50 347 149 307 252 196 321 138 123 262 125 247 193 203 173 105 187 1 250 64 310 18; 
44.800000000000026 0 0.2580000000000002 1 44.54200000000003 0 1 261 139 45 284 115 182 21 4 39 50 347 149 307 252 196 321 138 123 262 125 225 193 203 173 105 187 1 250 64 310 18 141; 
45.19600000000006 0 1.490000000000001 1 43.705999999999996 0 387; 1 261 139 45 284 115 182 232 4 39 50 347 149 307 252 196 321 138 123 262 125 225 193 203 173 105 187 1 250 64 310 18 230; 
46.61799999999998 0 1.482000000000001 1 45.13600000000004 0 387; 1 261 139 45 284 115 182 232 4 39 50 347 149 307 252 196 321 138 123 262 125 225 193 203 173 105 187 1 250 64 310 18 230 135; 
47.709999999999994 0 1.5560000000000012 1 46.153999999999996 0 387; 1 261 139 45 284 115 182 232 4 39 50 347 149 307 252 196 321 138 123 262 125 247 193 203 173 105 187 1 250 64 310 18 135 230 316; 
48.95199999999992 0 1.5300000000000011 1 47.421999999999954 0 387; 1 261 139 45 284 115 182 132 4 39 50 347 149 307 252 196 321 138 123 262 125 247 193 203 173 105 187 212 250 64 310 18 135 230 316 84; 
49.90999999999994 0 1.484000000000001 1 48.42599999999998 0 387; 1 48 139 45 284 115 182 21 4 39 50 347 149 307 252 196 321 138 123 262 125 247 193 203 173 105 187 212 250 64 310 18 135 230 316 84 331; 
51.635999999999875 0 1.5640000000000012 1 50.07199999999991 0 387; 1 48 139 45 284 115 182 132 4 39 50 347 149 307 252 196 321 138 123 262 125 247 193 203 173 105 187 212 250 64 310 18 135 230 316 271 84 248; 
53.125999999999856 0 1.7220000000000013 1 51.403999999999925 0 387; 1 48 139 45 284 115 182 132 4 39 50 150 149 307 252 196 321 138 123 262 125 247 193 203 173 105 187 1 250 64 310 18 135 230 316 271 84 248 315; 
53.94199999999987 0 1.6780000000000013 1 52.26399999999989 0 387; 1 48 139 45 284 115 182 132 4 39 50 150 149 307 252 196 321 138 123 262 125 247 193 203 173 105 187 1 250 64 310 18 135 230 316 271 84 248 315 276; 
