1.5220000000000011 0 0.004 1 1.5180000000000011 0 1 270; 
2.9839999999999898 0 0.002 1 2.9819999999999895 0 1 270 308; 
4.543999999999972 0 0.008 1 4.535999999999971 0 1 270 308 262; 
6.295999999999964 0 0.01 1 6.285999999999964 0 1 308 262 270 301; 
7.58199999999996 0 0.008 1 7.57399999999996 0 1 308 262 270 301 226; 
8.929999999999977 0 0.008 1 8.921999999999976 0 1 308 262 270 301 226 149; 
10.24199999999998 0 0.018000000000000002 1 10.223999999999979 0 1 308 262 270 301 226 149 146; 
12.115999999999962 0 0.018000000000000002 1 12.097999999999965 0 1 308 262 270 301 226 149 146 321; 
13.251999999999946 0 0.022000000000000006 1 13.229999999999947 0 1 226 321 270 262 146 149 308 301 241; 
14.729999999999967 0 0.024000000000000007 1 14.70599999999997 0 1 226 321 270 262 146 149 308 301 241 328; 
16.149999999999956 0 0.018000000000000002 1 16.131999999999955 0 1 226 321 270 262 146 149 308 301 241 328 110; 
17.27599999999998 0 0.020000000000000004 1 17.255999999999972 0 1 226 321 270 262 146 149 308 301 241 328 110 347; 
18.859999999999985 0 0.11600000000000008 1 18.74399999999999 0 1 226 321 270 262 146 149 308 301 241 110 246 347 50; 
20.67599999999998 0 0.12000000000000009 1 20.555999999999983 0 1 226 321 270 262 146 149 308 301 241 110 246 347 50 105; 
21.78799999999998 0 0.11200000000000006 1 21.67599999999997 0 1 226 321 270 262 146 149 308 301 241 110 246 347 50 105 137; 
22.983999999999952 0 0.1880000000000001 1 22.79599999999996 0 1 132 347 270 262 146 137 110 241 226 105 301 246 308 149 50 318; 
24.741999999999962 0 0.24000000000000019 1 24.50199999999997 0 1 132 347 270 262 146 137 110 241 226 105 301 246 308 149 50 18 273; 
25.969999999999928 0 0.17200000000000013 1 25.797999999999924 0 1 132 347 270 262 146 137 110 241 226 105 301 328 308 149 50 18 273 285; 
27.001999999999928 0 0.16400000000000012 1 26.83799999999992 0 1 132 347 270 262 146 137 39 241 226 105 301 328 308 149 50 18 285 273 35; 
28.36199999999996 0 0.19600000000000015 1 28.165999999999958 0 1 132 347 270 262 146 137 39 241 226 105 301 328 308 149 50 18 285 273 35 135; 
29.601999999999926 0 0.1680000000000001 1 29.433999999999948 0 1 132 347 270 262 146 137 39 241 226 105 301 328 308 149 50 18 285 273 35 135 15; 
31.061999999999962 0 0.18800000000000014 1 30.873999999999985 0 1 132 347 270 262 146 137 39 241 226 105 301 328 308 149 50 18 285 273 35 135 15 298; 
32.27999999999999 0 0.20800000000000013 1 32.07199999999999 0 1 132 347 270 262 146 137 39 241 226 105 301 328 308 149 50 18 35 135 273 298 285 15 141; 
33.67399999999997 0 0.22000000000000014 1 33.45399999999998 0 1 132 347 270 262 146 137 39 241 226 105 301 328 308 149 50 18 35 135 273 298 285 15 342 316; 
34.56399999999999 0 0.1320000000000001 1 34.43199999999998 0 1 321 347 270 262 146 137 39 241 226 105 301 328 308 149 50 18 35 135 273 298 285 15 342 316 132; 
36.18000000000002 0 0.20000000000000015 1 35.980000000000004 0 1 321 347 270 262 146 137 39 241 226 105 301 328 308 149 50 18 35 135 273 298 285 15 342 316 132 123; 
37.53000000000002 0 0.23400000000000015 1 37.296000000000035 0 1 321 347 270 262 146 137 39 241 226 105 301 328 308 149 50 18 35 135 273 298 285 15 342 316 132 123 235; 
38.73400000000004 0 0.21400000000000016 1 38.52000000000004 0 1 342 149 235 262 146 137 39 298 35 285 301 316 132 347 50 321 308 15 123 328 105 135 226 241 270 273 18 314; 
39.976000000000035 0 0.20800000000000013 1 39.76800000000007 0 1 342 149 235 262 146 137 39 298 35 285 301 316 132 347 50 321 308 15 123 328 105 135 226 241 270 273 18 314 284; 
41.636000000000045 0 0.22000000000000014 1 41.41600000000004 0 1 342 149 235 262 146 137 39 298 35 285 301 316 132 347 50 321 308 15 123 328 105 135 226 241 270 273 18 314 12 193; 
42.74200000000002 0 0.18200000000000013 1 42.560000000000024 0 1 342 149 235 262 146 137 39 298 35 285 301 316 132 347 50 321 308 15 123 328 105 135 226 241 270 273 18 314 284 193 12; 
44.102000000000004 0 0.21600000000000016 1 43.886 0 1 342 149 235 262 146 99 39 298 35 285 301 316 132 347 50 321 308 15 123 328 105 135 226 241 270 273 18 314 284 193 12 237; 
45.108000000000004 0 2.5599999999999943 1 42.54800000000008 0 462 481; 1 342 149 235 262 146 137 39 298 35 285 301 316 132 347 50 321 308 15 123 328 105 226 241 270 273 18 314 284 193 237 12; 
46.22600000000003 0 2.7159999999999926 1 43.51000000000006 0 462 481; 1 342 149 235 262 146 137 39 298 35 285 301 316 132 347 50 321 308 15 123 328 105 226 254 270 273 18 314 284 193 237 12 230; 
47.593999999999994 0 2.603999999999994 1 44.99000000000007 0 481 462; 1 149 308 235 262 284 137 12 298 35 83 301 316 132 347 50 321 15 123 328 105 193 226 254 237 273 18 342 230 270 39 146 314 285; 
49.29199999999989 0 1.434000000000001 1 47.85799999999999 0 481; 1 149 308 235 262 284 137 12 298 35 83 301 316 132 347 50 321 15 123 328 105 193 226 241 237 273 18 342 230 270 310 39 54 314 285 250; 
50.19599999999995 0 1.480000000000001 1 48.715999999999916 0 481; 1 149 308 235 262 284 137 12 298 35 83 301 316 132 347 50 321 15 123 328 105 193 226 241 237 273 18 342 230 270 310 39 54 314 285 250 198; 
51.395999999999894 0 1.416000000000001 1 49.97999999999993 0 481; 1 149 308 235 262 284 137 12 298 35 83 301 316 132 347 50 321 15 123 328 105 193 226 241 237 273 18 342 230 270 310 39 54 314 285 250 198 220; 
52.457999999999906 0 3.749999999999971 1 48.70799999999995 0 481 370 365; 1 149 308 235 262 284 137 12 298 35 83 301 316 132 347 50 321 15 123 328 105 193 226 237 273 18 342 270 310 39 54 314 285 250 220 198 180; 
54.03199999999983 0 3.7039999999999704 1 50.32799999999992 0 481 370 365; 1 149 308 235 262 284 137 12 298 35 83 301 316 132 347 50 321 15 123 328 105 193 226 237 273 18 141 270 310 39 54 314 285 250 220 198 180 20; 
