1.478000000000001 0 0.004 1 1.474000000000001 0 1 262; 
3.1059999999999865 0 0.018000000000000002 1 3.0879999999999868 0 1 262 347; 
4.511999999999975 0 0.012 1 4.499999999999975 0 1 262 347 115; 
6.113999999999966 0 0.012 1 6.101999999999966 0 1 115 347 262 124; 
7.427999999999962 0 0.024 1 7.403999999999961 0 1 115 347 262 124 193; 
9.025999999999977 0 0.016 1 9.009999999999977 0 1 124 262 193 115 347 50; 
10.525999999999968 0 0.028000000000000008 1 10.497999999999967 0 1 124 262 193 115 347 50 110; 
11.923999999999957 0 0.028000000000000004 1 11.895999999999956 0 1 124 262 193 115 347 50 110 123; 
13.149999999999958 0 0.020000000000000004 1 13.129999999999956 0 1 124 262 193 115 347 50 110 123 306; 
14.267999999999965 0 0.020000000000000004 1 14.24799999999997 0 1 110 347 193 83 50 124 123 306 262 227; 
15.791999999999975 0 0.022000000000000006 1 15.769999999999976 0 1 110 347 193 83 50 124 123 306 262 227 139; 
17.59199999999999 0 0.014 1 17.577999999999992 0 1 110 347 193 115 50 124 123 306 262 227 139 138; 
18.859999999999978 0 0.05000000000000002 1 18.809999999999977 0 1 110 347 193 115 50 124 123 306 262 227 139 138 274; 
20.54799999999997 0 0.022000000000000006 1 20.525999999999975 0 1 110 347 193 115 50 124 123 306 262 227 139 138 274 250; 
22.035999999999984 0 0.08400000000000005 1 21.95199999999998 0 1 250 123 193 139 50 124 227 306 262 110 115 138 274 347 18; 
23.027999999999953 0 0.05200000000000003 1 22.975999999999956 0 1 250 123 193 139 50 124 227 306 262 110 115 138 274 347 18 32; 
24.90199999999997 0 0.08600000000000005 1 24.815999999999974 0 1 250 123 193 139 50 124 227 306 262 110 115 138 274 347 18 32 301; 
26.57599999999994 0 0.08000000000000003 1 26.49599999999994 0 1 250 123 193 139 50 124 227 306 262 110 115 138 274 347 18 32 301 173; 
27.67999999999994 0 0.08400000000000006 1 27.595999999999936 0 1 250 123 193 139 50 124 227 306 262 110 115 138 274 347 18 173 301 32 307; 
29.537999999999954 0 0.11000000000000007 1 29.427999999999948 0 1 250 123 193 139 50 124 227 306 262 110 115 138 274 347 18 173 301 32 307 146; 
30.40799999999997 0 0.11200000000000007 1 30.295999999999964 0 1 250 123 193 139 50 124 227 306 262 110 115 138 274 347 18 307 32 146 173 301 45; 
31.475999999999967 0 0.11000000000000006 1 31.36599999999999 0 1 250 123 193 139 50 124 227 306 262 110 115 138 274 347 18 307 32 146 173 301 45 187; 
32.844 0 0.09800000000000006 1 32.745999999999995 0 1 250 123 193 139 50 124 227 306 262 110 115 138 274 347 18 307 32 146 173 301 45 187 127; 
34.17400000000001 0 0.16600000000000012 1 34.007999999999996 0 1 250 123 193 139 50 124 227 306 262 110 115 138 274 347 18 307 32 146 173 301 45 187 127 232; 
35.41600000000003 0 0.22800000000000017 1 35.18800000000005 0 1 250 123 193 139 50 124 227 306 262 110 246 138 274 347 18 307 32 146 173 301 45 187 127 232 203; 
36.468 0 0.1560000000000001 1 36.31200000000001 0 1 250 123 193 139 50 124 227 306 262 110 115 138 274 347 18 307 32 146 173 301 45 187 127 232 203 83; 
38.00400000000004 0 0.2440000000000002 1 37.76000000000005 0 1 250 123 193 139 50 124 227 306 262 110 115 138 274 4 18 307 32 146 173 301 45 187 127 232 203 83 1; 
39.20600000000007 0 1.408000000000001 1 37.79800000000002 0 493; 1 250 123 193 139 50 124 227 306 262 110 115 138 274 4 232 307 146 203 127 32 301 173 83 187 1 45 314; 
40.41000000000002 0 1.410000000000001 1 39.0 0 493; 1 250 123 193 139 50 124 227 306 262 110 115 138 274 4 232 307 146 203 127 32 301 173 83 187 1 45 314 105; 
41.860000000000056 0 0.25200000000000017 1 41.60800000000006 0 1 250 123 193 139 50 124 227 306 262 110 115 138 274 4 18 232 307 146 203 127 32 301 173 83 187 1 45 314 105 261; 
43.467999999999996 0 0.3140000000000002 1 43.15399999999998 0 1 250 123 193 139 50 124 227 306 262 110 115 138 274 4 18 232 307 146 203 127 32 301 173 83 187 1 45 314 105 261 132; 
44.874000000000024 0 0.3060000000000002 1 44.568000000000055 0 1 250 123 193 139 50 124 227 306 262 110 115 138 274 4 18 232 307 146 203 127 32 301 173 83 187 1 45 314 105 261 132 270; 
46.21800000000002 0 0.2840000000000002 1 45.934000000000026 0 1 250 123 193 139 50 124 227 306 262 110 115 138 274 4 18 307 83 270 203 127 261 301 173 132 187 105 45 232 1 32 146 314 42; 
47.139999999999944 0 0.34800000000000025 1 46.792 0 1 250 123 193 139 50 124 227 306 262 110 115 138 274 4 18 307 83 270 203 127 261 301 173 132 187 105 45 232 1 32 146 314 42 247; 
48.403999999999925 0 1.444000000000001 1 46.959999999999994 0 357; 1 250 123 193 139 50 124 227 306 262 110 115 138 274 4 18 307 83 270 127 261 301 173 132 187 105 45 232 1 32 146 314 42 247 176; 
49.27799999999999 0 1.480000000000001 1 47.79800000000003 0 357; 1 250 123 193 139 50 124 338 306 262 110 115 138 274 4 18 307 83 270 127 261 301 173 132 187 105 45 232 1 32 146 314 42 247 176 88; 
50.915999999999904 0 1.5020000000000011 1 49.41399999999991 0 357; 1 18 270 193 139 232 124 338 1 42 110 115 138 261 176 247 250 105 83 4 274 301 173 132 187 262 45 88 306 32 146 314 307 50 127 123 102; 
52.325999999999944 0 1.474000000000001 1 50.851999999999904 0 357; 1 18 270 193 139 232 124 338 1 42 110 115 138 261 176 247 250 105 83 4 274 301 173 132 187 262 45 88 306 32 146 314 307 50 127 123 102 125; 
53.093999999999895 0 1.450000000000001 1 51.64399999999991 0 357; 1 18 270 193 139 232 124 338 1 42 110 115 138 261 176 247 250 105 83 4 274 301 173 132 187 262 45 88 306 32 146 314 307 50 127 123 102 125 316; 
54.61599999999986 0 1.444000000000001 1 53.171999999999876 0 357; 1 18 270 193 139 232 124 338 1 42 110 115 138 261 176 225 250 105 83 4 274 301 173 132 187 262 45 88 306 32 146 314 307 50 127 123 11 125 316 141; 
