1.2400000000000009 0 1.1620000000000008 1 0.07800000000000004 0 485; 1 
2.407999999999998 0 2.2100000000000004 1 0.19800000000000012 0 485 387; 1 
3.6279999999999686 0 3.419999999999968 1 0.20800000000000013 0 485 387 398; 1 
5.043999999999974 0 3.377999999999967 1 1.6660000000000013 0 398 485 387; 1 213; 
6.331999999999955 0 4.633999999999983 1 1.6980000000000013 0 364 485 387 398; 1 213; 
8.097999999999967 0 3.589999999999972 1 4.5079999999999805 0 364 485 398; 1 271 213 225; 
9.743999999999977 0 2.551999999999993 1 7.191999999999968 0 485 496; 1 1 271 213 180 225; 
11.02599999999997 0 3.6419999999999693 1 7.383999999999963 0 485 496 462; 1 1 271 213 180 225; 
12.109999999999957 0 3.6839999999999717 1 8.425999999999963 0 496 462 485; 1 180 271 286 150 225 256; 
13.395999999999955 0 3.717999999999971 1 9.677999999999964 0 496 365 485; 1 180 271 286 150 310 256 45; 
14.48199999999994 0 4.8859999999999735 1 9.595999999999968 0 496 397 365 485; 1 180 271 286 310 256 45 234; 
15.48399999999997 0 7.013999999999975 1 8.469999999999965 0 496 362 397 365 485 403; 1 180 286 310 256 45 234; 
16.631999999999987 0 7.0579999999999705 1 9.573999999999975 0 496 362 415 365 485 403; 1 180 150 310 256 234 45 127; 
18.150000000000013 0 8.231999999999982 1 9.917999999999989 0 496 362 415 365 485 403 364; 1 180 95 310 256 234 45 127; 
19.581999999999983 0 7.173999999999976 1 12.407999999999957 0 496 415 365 403 364 362; 1 180 271 95 310 132 256 234 45 127; 
21.188000000000006 0 7.233999999999972 1 13.953999999999944 0 496 415 365 490 362 364; 1 180 271 95 310 132 256 234 45 127 342; 
21.927999999999972 0 8.347999999999985 1 13.579999999999957 0 496 415 494 490 362 364 489; 1 180 271 95 230 310 132 256 299 127 345; 
23.54599999999998 0 7.137999999999974 1 16.40799999999998 0 473 415 362 489 494 364; 1 180 271 95 209 310 132 256 299 107 286 225 90; 
24.36799999999997 0 8.179999999999987 1 16.187999999999985 0 473 415 362 489 475 494 364; 1 180 271 95 344 310 132 256 299 107 286 90 342; 
25.90399999999992 0 8.281999999999988 1 17.621999999999968 0 473 415 362 489 475 494 364; 1 4 271 95 344 310 132 256 299 107 213 90 342 119; 
27.113999999999926 0 8.351999999999986 1 18.761999999999983 0 415 496 362 489 475 494 364; 1 150 180 271 344 310 132 256 299 107 286 90 342 119 95; 
28.831999999999972 0 8.32799999999998 1 20.503999999999976 0 415 496 362 489 475 494 364; 1 150 180 271 344 310 132 256 299 107 127 90 342 119 95 286; 
30.265999999999945 0 8.323999999999996 1 21.941999999999975 0 415 496 362 489 475 494 364; 1 150 180 271 344 310 132 256 299 107 127 90 342 119 95 286 139; 
31.87399999999996 0 7.43799999999997 1 24.43599999999993 0 415 496 489 387 494 364; 1 150 180 271 344 310 132 256 299 11 107 127 90 342 119 283 3 139 235; 
33.598000000000006 0 6.299999999999953 1 27.297999999999945 0 415 496 364 387 489; 1 150 180 271 344 310 132 256 139 107 342 3 245 11 235 119 299 283 127 90 347; 
34.60600000000004 0 7.585999999999967 1 27.019999999999925 0 415 496 393 364 387 489; 1 150 180 271 344 310 132 139 107 342 3 245 11 235 119 299 283 127 90 347 50; 
36.40400000000003 0 7.635999999999971 1 28.767999999999912 0 451 398 415 393 387 489; 1 271 72 344 310 132 139 116 107 342 3 245 11 235 119 299 283 127 90 347 50 180; 
37.33000000000002 0 8.637999999999977 1 28.691999999999936 0 387 459 451 398 489 415 393; 1 347 132 271 127 72 245 116 235 107 50 310 344 11 180 119 299 283 90 139 342 3; 
38.03200000000005 0 9.503999999999976 1 28.52799999999994 0 475 459 451 398 432 489 415 393; 1 347 132 271 127 72 245 116 235 107 50 310 344 180 119 299 283 90 139 342 3 11; 
39.46400000000007 0 9.763999999999976 1 29.699999999999985 0 475 459 451 398 432 489 415 393; 1 347 132 271 127 72 245 116 235 107 50 310 344 180 119 299 283 90 139 342 3 11 56; 
40.44200000000002 0 10.753999999999973 1 29.687999999999942 0 435 475 459 473 398 432 489 415 393; 1 347 132 271 127 72 116 235 107 50 310 344 180 119 299 283 90 139 342 3 11 56 234; 
41.848000000000006 0 12.22399999999995 1 29.623999999999935 0 435 475 459 364 473 398 432 489 415 393; 1 347 132 271 127 72 235 107 50 310 344 180 119 299 283 90 16 78 3 11 56 234 345; 
41.906 0 12.835999999999943 1 29.06999999999994 0 388 357 494 475 459 364 473 398 432 489 415; 1 132 271 127 235 107 50 310 344 70 119 299 283 90 16 78 256 3 345 11 234 56 180; 
43.15800000000003 0 13.797999999999943 1 29.359999999999914 0 388 357 494 475 459 364 473 398 432 489 415 403; 1 132 271 127 235 107 50 310 209 70 119 299 283 90 16 78 256 3 345 11 234 56 180; 
44.41 0 13.825999999999931 1 30.583999999999964 0 388 357 494 475 459 364 473 398 432 489 415 403; 1 132 271 127 235 107 50 310 209 70 119 299 283 90 16 78 256 3 345 11 234 56 180 71; 
45.96399999999999 0 13.957999999999945 1 32.00599999999996 0 388 357 494 475 459 364 473 398 432 489 415 403; 1 132 271 127 235 107 50 310 209 70 119 299 283 90 16 78 256 3 345 11 234 80 180 71 150; 
47.40399999999997 0 13.88799999999996 1 33.51600000000002 0 357 494 459 473 398 432 415 388 489 403 364 475; 1 132 234 271 127 80 345 235 107 180 310 209 3 119 299 283 150 90 139 78 256 70 50 71 11 42; 
48.47199999999993 0 14.93199999999999 1 33.54000000000003 0 357 494 459 473 398 432 415 365 388 489 403 364 475; 1 132 234 271 127 80 345 235 107 180 310 209 3 119 299 283 150 139 78 256 70 50 71 11 42 92; 
49.24399999999998 0 16.18 1 33.064000000000014 0 357 494 459 473 398 432 415 365 388 489 403 364 475 358; 1 132 234 271 127 56 345 218 107 180 310 209 3 119 299 283 150 139 78 256 70 126 71 11 42 92; 
50.76799999999994 0 15.113999999999994 1 35.65399999999998 0 357 494 473 398 432 415 365 481 489 403 436 475 358; 1 132 234 271 127 80 116 345 218 107 180 310 209 213 119 299 283 22 139 78 256 70 126 71 11 42 92 3; 
