1.5880000000000012 0 0.008 1 1.5800000000000012 0 1 262; 
3.0739999999999874 0 0.006 1 3.067999999999987 0 1 262 347; 
4.735999999999973 0 0.016 1 4.719999999999973 0 1 262 347 115; 
6.185999999999966 0 0.016 1 6.169999999999966 0 1 262 347 115 110; 
7.701999999999963 0 0.014 1 7.6879999999999615 0 1 262 347 115 110 139; 
9.319999999999967 0 0.016 1 9.303999999999967 0 1 262 347 115 110 139 301; 
10.741999999999976 0 0.012 1 10.729999999999974 0 1 262 347 115 110 139 301 270; 
12.433999999999953 0 0.038000000000000006 1 12.39599999999996 0 1 262 347 115 110 301 270 139 105; 
14.001999999999956 0 0.022000000000000002 1 13.979999999999956 0 1 262 347 115 110 301 270 139 105 102; 
15.321999999999953 0 0.03000000000000001 1 15.291999999999952 0 1 262 347 115 110 301 270 139 105 102 196; 
16.569999999999965 0 0.052000000000000025 1 16.51799999999996 0 1 262 347 115 110 301 270 139 105 102 196 50; 
17.89999999999997 0 0.05000000000000003 1 17.849999999999973 0 1 262 347 115 110 301 270 139 105 102 196 50 307; 
19.28999999999999 0 0.04600000000000002 1 19.243999999999993 0 1 262 347 115 110 307 102 50 270 301 196 139 105 83; 
20.69999999999996 0 0.034000000000000016 1 20.665999999999954 0 1 262 347 115 110 307 102 50 270 301 196 139 105 83 306; 
22.10399999999996 0 0.04000000000000001 1 22.06399999999996 0 1 262 347 115 110 307 102 50 270 301 196 139 105 83 306 261; 
23.44199999999996 0 0.060000000000000026 1 23.381999999999955 0 1 262 347 115 110 307 102 50 270 301 196 139 105 83 306 261 82; 
24.717999999999964 0 0.05800000000000004 1 24.659999999999965 0 1 262 347 115 110 307 102 50 270 301 196 139 105 83 306 261 82 190; 
25.921999999999965 0 0.056000000000000015 1 25.86599999999997 0 1 262 347 115 110 307 102 50 270 301 196 139 105 83 261 190 306 82 203; 
27.321999999999942 0 0.07400000000000004 1 27.24799999999993 0 1 262 347 115 110 307 102 50 270 301 196 139 105 83 261 190 306 82 203 207; 
28.273999999999933 0 0.056000000000000036 1 28.217999999999925 0 1 262 347 115 110 307 102 50 270 301 196 139 105 83 261 190 306 82 203 207 124; 
29.631999999999955 0 0.09200000000000007 1 29.539999999999957 0 1 262 347 115 110 307 102 50 270 301 196 139 105 83 261 190 306 82 203 207 124 123; 
31.157999999999966 0 0.06200000000000004 1 31.09599999999996 0 1 262 347 115 110 307 102 50 270 301 196 139 105 83 261 190 306 82 203 207 124 123 42; 
32.31799999999994 0 0.07000000000000003 1 32.247999999999934 0 1 262 347 115 110 102 306 50 42 301 124 139 190 203 207 261 307 123 105 196 270 82 83 321; 
33.82399999999999 0 0.08400000000000005 1 33.73999999999999 0 1 262 347 115 110 102 306 50 42 301 124 139 190 203 207 261 307 123 105 196 270 82 83 321 173; 
34.99599999999998 0 0.08800000000000005 1 34.90799999999999 0 1 262 347 115 110 102 306 50 42 301 124 139 190 203 207 261 307 123 105 196 270 82 83 321 173 276; 
36.65600000000008 0 0.07600000000000004 1 36.58000000000006 0 1 347 203 123 42 306 276 50 262 301 124 139 190 173 207 321 307 115 105 196 270 82 83 102 261 110 185; 
37.873999999999974 0 0.09200000000000005 1 37.781999999999975 0 1 347 203 123 42 306 276 50 262 301 124 139 190 173 207 321 307 115 105 196 270 82 83 102 261 110 185 18; 
39.27400000000003 0 0.11600000000000008 1 39.15800000000005 0 1 347 203 123 42 306 276 50 262 301 124 139 190 173 207 321 307 115 105 196 270 82 83 102 261 110 185 18 146; 
40.43600000000008 0 0.08200000000000006 1 40.35400000000008 0 1 347 203 123 42 306 276 50 262 301 124 139 190 173 207 321 307 115 105 196 270 82 83 102 261 110 185 18 146 314; 
41.35400000000006 0 2.353999999999998 1 39.000000000000064 0 376 500; 1 347 123 42 306 276 50 262 301 124 139 190 173 321 307 115 105 302 270 82 83 102 261 110 185 18 146 314 193; 
42.96600000000001 0 2.321999999999999 1 40.64400000000006 0 376 500; 1 347 123 42 306 276 50 262 301 124 139 190 173 321 307 115 105 302 270 82 83 102 261 110 185 18 146 314 193 30; 
44.36600000000004 0 2.371999999999996 1 41.993999999999986 0 376 500; 1 347 123 42 306 276 50 262 301 124 139 190 173 321 307 115 105 302 270 82 83 102 261 110 185 18 146 314 193 30 226; 
45.53400000000001 0 3.451999999999968 1 42.082000000000015 0 376 500 421; 1 347 123 42 306 276 50 262 301 124 139 190 173 321 307 115 105 196 270 82 83 102 261 185 18 146 314 193 30 226 34; 
47.006000000000014 0 3.5199999999999716 1 43.48600000000006 0 376 500 421; 1 347 123 42 306 276 50 262 301 124 139 190 173 321 307 115 105 196 270 82 83 102 261 185 314 193 226 30 34 18 146 225; 
48.27799999999996 0 3.4459999999999686 1 44.83199999999996 0 376 500 421; 1 347 123 42 306 276 50 262 301 124 139 190 173 321 307 115 105 196 270 82 83 102 261 185 314 193 226 30 34 18 146 225 31; 
49.091999999999906 0 3.4759999999999684 1 45.616 0 376 500 421; 1 347 123 42 306 276 50 262 301 124 139 190 173 321 307 115 105 196 270 82 83 102 261 185 314 193 226 30 34 18 146 225 31 127; 
50.689999999999955 0 3.471999999999968 1 47.21800000000011 0 376 500 421; 1 347 123 42 306 276 50 262 301 124 139 190 173 321 307 115 105 196 270 82 83 102 261 185 314 193 226 30 34 18 146 225 31 127 293; 
51.881999999999906 0 3.52799999999997 1 48.35399999999996 0 376 500 421; 1 347 123 42 306 276 50 262 301 124 139 190 173 321 307 115 105 196 270 82 83 102 261 185 314 193 226 30 34 18 146 225 31 127 293 125; 
53.59199999999993 0 3.531999999999969 1 50.05999999999989 0 376 500 421; 1 347 123 42 306 276 50 262 301 124 139 190 173 321 307 115 227 196 270 82 83 102 168 185 31 293 226 30 34 225 146 314 125 127 18 193 214; 
54.7479999999999 0 2.4339999999999957 1 52.313999999999936 0 376 421; 1 347 123 42 306 276 50 262 301 124 139 132 173 207 321 307 115 105 196 270 82 83 102 168 185 31 293 226 30 34 225 146 314 125 127 18 193 214 348; 
