1.5680000000000012 0 0.01 1 1.5580000000000012 0 1 262; 
3.3819999999999846 0 0.016 1 3.3659999999999846 0 1 262 196; 
4.54399999999998 0 0.018000000000000002 1 4.52599999999998 0 1 262 196 110; 
6.14999999999996 0 0.020000000000000004 1 6.12999999999996 0 1 110 196 262 347; 
7.537999999999961 0 0.018000000000000002 1 7.519999999999962 0 1 110 196 262 347 139; 
8.947999999999963 0 0.012 1 8.935999999999963 0 1 110 196 262 347 139 261; 
10.71799999999998 0 0.030000000000000013 1 10.68799999999998 0 1 139 262 347 110 261 196 123; 
12.299999999999963 0 0.022000000000000006 1 12.27799999999996 0 1 139 262 347 110 261 196 123 105; 
13.531999999999957 0 0.028000000000000004 1 13.50399999999996 0 1 139 262 347 110 261 196 123 105 115; 
15.313999999999949 0 0.08400000000000005 1 15.22999999999995 0 1 139 262 347 110 261 196 123 105 115 18; 
16.609999999999985 0 0.06600000000000004 1 16.543999999999986 0 1 139 262 347 110 261 196 123 105 115 18 307; 
18.125999999999973 0 0.058000000000000024 1 18.067999999999977 0 1 123 196 347 105 261 262 115 139 110 307 18 266; 
19.41199999999999 0 0.07000000000000005 1 19.341999999999988 0 1 123 196 347 105 261 262 115 139 110 307 18 266 203; 
20.48199999999998 0 0.09200000000000005 1 20.389999999999986 0 1 123 196 347 105 261 262 115 139 110 307 18 266 203 135; 
21.895999999999976 0 0.09400000000000006 1 21.801999999999964 0 1 123 196 347 105 261 262 115 139 110 307 18 266 135 203 125; 
23.373999999999974 0 0.11400000000000007 1 23.259999999999973 0 1 123 196 347 105 261 262 115 139 110 307 18 266 135 203 125 102; 
24.48999999999998 0 0.08400000000000005 1 24.40599999999998 0 1 123 196 347 105 261 262 115 139 110 307 18 266 135 203 125 102 82; 
25.837999999999937 0 0.08200000000000003 1 25.755999999999936 0 1 123 196 347 105 261 262 115 139 110 307 18 266 82 102 203 135 125 227; 
27.38999999999993 0 0.10200000000000006 1 27.287999999999936 0 1 123 196 347 105 261 262 115 139 110 307 18 266 82 102 203 135 125 227 124; 
28.713999999999963 0 0.07400000000000004 1 28.63999999999995 0 1 123 196 347 105 261 262 115 139 110 307 18 266 82 102 203 135 125 227 124 226; 
29.95799999999996 0 0.07400000000000004 1 29.88399999999995 0 1 123 196 347 105 261 262 115 139 110 307 18 266 226 135 124 227 125 82 203 102 50; 
31.32400000000001 0 0.08800000000000005 1 31.236 0 1 123 196 347 105 261 262 115 139 110 307 18 266 226 135 124 227 125 82 203 102 50 32; 
32.64199999999997 0 0.11200000000000007 1 32.529999999999966 0 1 123 196 347 105 261 262 115 139 110 307 18 266 226 135 124 227 125 82 203 102 50 32 185; 
34.11600000000001 0 0.09200000000000005 1 34.023999999999994 0 1 123 196 347 105 261 262 115 139 110 307 18 266 226 135 124 227 125 82 203 102 50 185 32 42; 
35.654000000000046 0 0.09400000000000006 1 35.56000000000004 0 1 123 196 347 105 261 262 115 139 110 307 18 266 226 135 124 227 125 82 203 102 50 185 32 42 321; 
37.03600000000005 0 0.12200000000000008 1 36.914000000000044 0 1 123 196 347 105 261 262 115 139 110 307 18 266 226 135 124 227 125 82 203 102 50 185 32 42 321 318; 
38.18400000000003 0 0.12600000000000006 1 38.058000000000035 0 1 123 196 347 105 261 262 115 139 110 307 18 266 226 135 124 227 125 82 203 102 50 42 321 32 185 318 31; 
39.28200000000005 0 0.1300000000000001 1 39.15200000000004 0 1 123 196 347 105 261 262 115 139 110 307 18 266 226 135 124 227 125 82 203 102 50 42 321 32 185 318 31 217; 
40.540000000000035 0 0.1720000000000001 1 40.36800000000003 0 1 123 196 347 105 261 262 115 139 110 307 18 266 226 135 124 227 125 82 203 102 50 42 132 32 185 318 31 217 316; 
42.41800000000001 0 0.20400000000000015 1 42.21400000000002 0 1 123 196 347 105 261 262 115 139 110 307 18 266 226 83 124 227 125 82 203 102 50 42 132 32 185 318 31 316 217 39; 
43.580000000000034 0 0.21200000000000016 1 43.36800000000006 0 1 123 196 347 105 261 262 115 139 110 307 18 266 226 83 124 227 125 82 203 102 50 42 132 32 185 318 31 316 217 39 274; 
44.343999999999966 0 0.2920000000000002 1 44.051999999999985 0 1 123 196 347 105 261 262 115 139 110 307 18 266 226 83 124 227 125 82 203 102 50 42 132 32 185 318 31 316 217 39 274 333; 
45.84800000000005 0 0.2640000000000002 1 45.584000000000046 0 1 123 196 347 105 261 262 115 139 110 307 18 266 226 83 124 227 125 82 203 102 50 42 132 47 185 318 31 316 217 39 274 333 34; 
47.01799999999997 0 0.25600000000000017 1 46.76200000000001 0 1 123 196 347 105 261 262 115 139 110 307 18 266 132 316 274 42 217 82 203 31 318 333 135 47 185 226 102 125 34 39 227 124 50 83; 
48.406 0 0.36400000000000027 1 48.042000000000016 0 1 123 196 347 105 261 262 115 139 110 307 18 266 132 316 274 42 217 82 203 286 318 333 135 47 185 226 11 125 34 39 227 124 50 83 14; 
49.457999999999934 0 0.32400000000000023 1 49.13399999999996 0 1 123 196 347 105 261 262 115 139 110 307 18 6 132 316 274 42 217 82 203 286 318 333 135 47 185 226 54 125 34 39 227 124 50 83 14 212; 
50.817999999999934 0 0.3060000000000002 1 50.511999999999965 0 1 123 196 347 105 261 262 115 139 110 307 18 6 132 316 274 42 217 82 203 31 318 333 135 47 185 226 54 125 34 39 227 124 50 83 14 212 141; 
52.11199999999995 0 1.424000000000001 1 50.68799999999993 0 426; 1 123 196 105 261 262 115 139 110 307 18 266 132 316 274 42 217 82 203 31 318 333 135 47 185 226 11 125 34 39 311 124 50 83 14 1 141 4; 
53.05999999999989 0 1.496000000000001 1 51.56399999999989 0 435; 1 123 196 105 261 262 115 139 110 307 18 266 132 316 274 42 217 82 203 31 318 333 135 47 185 226 54 125 34 39 311 124 50 83 141 212 4 14 127; 
54.76999999999991 0 1.464000000000001 1 53.3059999999999 0 435; 1 123 196 105 261 262 115 139 110 307 18 266 132 316 274 42 217 82 203 31 318 333 135 47 185 226 54 125 34 39 311 124 50 83 141 212 4 14 127 252; 
