1.6460000000000012 0 0.006 1 1.6400000000000012 0 1 196; 
3.069999999999987 0 0.006 1 3.0639999999999867 0 1 196 110; 
4.5619999999999745 0 0.008 1 4.553999999999975 0 1 196 110 301; 
5.979999999999965 0 0.006 1 5.973999999999965 0 1 110 196 301 38; 
7.69599999999996 0 0.014 1 7.68199999999996 0 1 196 38 110 301 105; 
9.179999999999966 0 0.024000000000000007 1 9.155999999999963 0 1 196 38 110 301 105 83; 
10.447999999999972 0 0.03200000000000001 1 10.415999999999976 0 1 196 38 110 301 105 83 115; 
12.133999999999975 0 0.016 1 12.117999999999975 0 1 196 38 110 301 105 115 83 139; 
13.31999999999996 0 0.022000000000000006 1 13.297999999999961 0 1 196 38 110 301 105 115 83 139 124; 
14.649999999999963 0 0.02600000000000001 1 14.62399999999996 0 1 38 196 110 124 83 139 301 115 105 64; 
15.877999999999965 0 0.02600000000000001 1 15.851999999999968 0 1 38 196 110 124 83 139 301 115 105 64 276; 
17.001999999999974 0 0.04000000000000002 1 16.96199999999998 0 1 64 139 110 124 83 276 301 115 105 38 196 146; 
18.425999999999984 0 0.014 1 18.41199999999998 0 1 64 139 110 124 83 276 301 115 105 38 196 146 307; 
19.703999999999972 0 0.038000000000000006 1 19.66599999999997 0 1 64 139 110 124 83 276 301 115 105 38 196 146 307 280; 
21.139999999999976 0 0.03800000000000001 1 21.101999999999975 0 1 64 139 110 124 83 276 301 115 105 38 196 146 307 280 266; 
22.569999999999986 0 1.354000000000001 1 21.21599999999999 0 375; 1 139 110 124 83 276 301 115 105 38 196 146 307 280 266 123; 
24.111999999999963 0 1.264000000000001 1 22.847999999999995 0 375; 1 139 110 124 83 276 301 115 105 38 196 146 280 307 123 266 328; 
25.389999999999947 0 1.322000000000001 1 24.067999999999948 0 375; 1 139 110 124 83 276 301 115 105 38 196 146 280 307 123 266 328 270; 
26.80199999999994 0 1.332000000000001 1 25.46999999999995 0 375; 1 139 110 124 83 276 301 115 105 38 196 146 280 307 123 266 328 270 262; 
28.087999999999955 0 1.316000000000001 1 26.771999999999927 0 375; 1 139 110 124 83 276 301 115 105 38 196 146 280 307 123 266 328 270 262 102; 
29.309999999999963 0 0.048000000000000015 1 29.261999999999958 0 1 64 139 110 124 83 276 301 115 105 38 196 146 280 307 123 266 328 270 262 102 203; 
30.907999999999937 0 0.04000000000000002 1 30.867999999999945 0 1 64 139 110 124 83 276 301 115 105 38 196 146 280 307 227 266 328 270 262 102 203 185; 
32.63999999999999 0 1.320000000000001 1 31.31999999999998 0 375; 1 139 110 124 83 276 301 115 105 38 196 146 280 307 227 266 328 270 262 102 203 185 82; 
33.777999999999984 0 1.404000000000001 1 32.37400000000001 0 375; 1 139 110 124 83 276 301 115 105 38 196 146 280 307 227 266 328 270 262 102 203 185 82 340; 
34.77000000000002 0 0.07400000000000004 1 34.69600000000002 0 1 64 139 110 124 83 276 301 115 105 38 196 146 280 307 227 266 328 270 185 82 262 203 102 340 103; 
36.51000000000004 0 0.04800000000000003 1 36.462000000000046 0 1 64 139 110 124 83 276 301 115 105 38 196 146 280 307 227 266 328 270 185 82 262 203 102 340 103 141; 
37.74000000000004 0 0.06000000000000004 1 37.68000000000003 0 1 64 139 110 124 83 276 301 115 105 38 196 146 280 307 227 266 328 270 185 82 262 203 102 340 103 141 181; 
39.218000000000046 0 0.06800000000000003 1 39.15000000000005 0 1 64 139 110 124 83 276 301 115 105 38 196 146 307 82 181 103 203 141 280 328 262 266 102 340 270 227 185 148; 
40.452000000000005 0 0.07600000000000004 1 40.37600000000002 0 1 64 139 110 124 83 276 301 115 105 38 196 146 307 82 181 103 203 141 280 328 262 266 102 340 270 227 185 148 32; 
41.58 0 0.07800000000000004 1 41.501999999999995 0 1 64 139 110 124 83 276 301 115 105 38 196 146 307 82 181 103 203 141 280 328 262 266 102 340 270 227 185 148 32 348; 
43.00200000000004 0 0.07400000000000004 1 42.928000000000054 0 1 64 139 110 124 83 276 301 115 105 38 196 146 307 82 181 103 203 141 280 328 262 266 102 340 270 227 185 148 348 32 283; 
44.17000000000007 0 0.17400000000000013 1 43.996000000000066 0 1 64 139 110 124 246 276 301 115 105 38 196 146 307 82 181 103 203 141 280 328 262 266 102 340 270 227 185 148 348 32 283 309; 
45.474000000000046 0 1.364000000000001 1 44.11000000000001 0 481; 1 64 139 110 124 246 276 301 115 105 38 196 146 82 32 181 348 203 141 283 328 262 148 102 340 270 227 185 307 266 280 103 309; 
46.21600000000003 0 2.4459999999999957 1 43.7700000000001 0 481 351; 1 64 139 110 124 83 276 301 115 105 38 196 146 82 32 181 348 203 141 283 328 262 148 102 340 270 227 185 307 266 280 103 309; 
47.34399999999996 0 2.433999999999996 1 44.91000000000005 0 481 351; 1 64 139 110 124 83 276 301 115 105 38 196 146 82 32 181 348 203 141 283 328 262 148 102 340 270 227 185 307 266 280 103 309 337; 
49.56799999999992 0 1.470000000000001 1 48.09799999999996 0 351; 1 64 139 110 124 246 276 301 115 105 38 196 146 82 32 181 348 203 141 283 328 262 148 102 340 270 227 185 307 266 280 103 309 233 337 73; 
50.20799999999992 0 3.7499999999999694 1 46.45799999999996 0 370 481 351; 1 64 139 110 124 246 276 301 115 105 38 196 146 32 181 348 203 141 283 328 262 148 102 340 270 227 185 307 266 280 103 309 337 73 173; 
51.56799999999992 0 3.663999999999971 1 47.90399999999997 0 370 481 351; 1 64 139 110 124 246 276 301 115 105 38 196 146 32 181 348 203 141 283 328 262 148 102 340 270 227 185 307 266 280 103 309 337 73 173 50; 
52.74199999999988 0 3.727999999999971 1 49.01399999999993 0 370 481 351; 1 64 139 110 124 246 276 301 115 105 38 196 146 32 181 348 203 141 283 328 262 148 102 340 270 227 185 307 266 280 103 309 337 73 173 50 167; 
54.48599999999993 0 3.615999999999968 1 50.869999999999955 0 358 481 351; 1 64 139 110 124 246 276 301 115 105 38 196 146 32 181 348 203 141 283 328 262 148 102 340 270 227 185 307 266 280 103 309 337 73 173 50 167 206; 
