1.6780000000000013 0 0.016 1 1.6620000000000013 0 1 301; 
3.2399999999999864 0 0.006 1 3.2339999999999867 0 1 301 50; 
4.5539999999999745 0 0.002 1 4.551999999999974 0 1 301 50 83; 
6.259999999999964 0 0.012 1 6.247999999999965 0 1 301 50 83 196; 
7.823999999999966 0 0.020000000000000004 1 7.803999999999967 0 1 301 50 196 83 139; 
9.523999999999972 0 0.022000000000000006 1 9.501999999999972 0 1 301 50 196 83 139 105; 
10.661999999999972 0 0.018000000000000002 1 10.643999999999973 0 1 301 50 196 83 139 105 203; 
11.995999999999949 0 0.024000000000000007 1 11.97199999999995 0 1 203 105 196 139 301 83 50 181; 
13.73599999999995 0 0.03400000000000001 1 13.701999999999947 0 1 203 105 196 139 301 83 50 181 173; 
15.161999999999953 0 0.030000000000000002 1 15.131999999999953 0 1 203 105 196 139 301 83 50 181 173 337; 
16.41399999999997 0 0.022 1 16.39199999999997 0 1 203 105 196 139 301 83 50 181 173 337 110; 
17.803999999999967 0 0.03800000000000001 1 17.765999999999966 0 1 203 105 196 139 301 83 50 181 173 337 110 115; 
19.03799999999998 0 0.03400000000000001 1 19.00399999999998 0 1 203 105 196 139 301 83 50 181 173 337 110 115 125; 
20.40999999999999 0 0.03800000000000002 1 20.37199999999999 0 1 203 105 196 139 301 83 50 181 173 337 110 115 125 149; 
21.465999999999973 0 0.028 1 21.437999999999974 0 1 203 105 196 139 301 83 50 181 337 115 125 173 149 110 123; 
22.987999999999968 0 0.04600000000000003 1 22.941999999999968 0 1 203 105 196 139 301 83 50 181 337 115 125 173 149 110 123 98; 
24.24199999999996 0 0.04200000000000002 1 24.199999999999957 0 1 203 105 196 139 301 83 50 181 337 115 125 173 149 110 123 98 266; 
25.443999999999946 0 0.056000000000000036 1 25.38799999999994 0 1 203 105 196 139 301 83 50 181 337 115 125 173 149 110 123 98 266 30; 
27.39199999999992 0 0.04800000000000002 1 27.343999999999912 0 1 203 105 196 139 301 83 50 181 337 115 125 173 149 110 123 98 266 30 262; 
28.03599999999992 0 0.060000000000000026 1 27.975999999999914 0 1 203 105 196 139 301 83 50 181 115 110 125 173 149 123 262 98 337 30 266 124; 
29.59999999999992 0 0.05000000000000002 1 29.549999999999926 0 1 203 105 196 139 301 83 50 181 115 110 125 173 149 123 262 98 337 30 266 124 328; 
31.443999999999967 0 0.08200000000000003 1 31.361999999999963 0 1 203 105 196 139 301 83 50 181 115 110 125 173 149 123 262 98 337 30 266 124 328 261; 
32.51199999999998 0 0.054000000000000034 1 32.457999999999984 0 1 203 105 196 139 301 83 50 181 115 110 125 173 149 123 262 98 337 30 266 124 328 261 64; 
33.40600000000002 0 0.08200000000000005 1 33.324000000000034 0 1 203 105 196 139 301 83 50 181 115 110 125 173 149 123 262 98 337 30 266 124 328 261 64 342; 
34.828 0 0.06400000000000003 1 34.76400000000002 0 1 203 105 196 139 301 83 50 181 115 110 125 173 149 123 262 98 337 30 266 124 328 261 64 342 148; 
36.32200000000003 0 0.08000000000000004 1 36.24200000000003 0 1 203 105 196 139 301 83 50 181 115 110 125 173 149 123 262 98 337 30 266 124 328 261 64 148 342 348; 
37.280000000000044 0 0.07400000000000005 1 37.20600000000003 0 1 203 105 196 139 301 83 50 181 115 110 125 173 149 123 262 98 337 30 266 124 328 261 64 148 342 348 280; 
38.59000000000002 0 0.08200000000000005 1 38.50800000000004 0 1 203 105 196 139 301 83 50 181 115 110 125 173 149 123 262 98 337 30 266 124 328 261 64 148 342 348 280 317; 
39.69200000000007 0 0.07600000000000004 1 39.61600000000007 0 1 203 105 196 139 301 83 50 181 110 317 125 173 148 348 262 98 337 64 328 115 261 266 30 342 280 123 149 124 136; 
41.28000000000004 0 0.08000000000000004 1 41.20000000000005 0 1 203 105 196 139 301 83 50 181 110 317 125 173 148 348 262 98 337 64 328 115 261 266 30 342 280 123 149 124 136 314; 
42.08200000000005 0 1.318000000000001 1 40.764 0 375; 1 203 105 196 139 301 83 50 181 110 317 125 173 148 348 262 98 337 328 115 261 266 30 342 280 123 149 124 136 314 38; 
43.374 0 1.356000000000001 1 42.018000000000065 0 375; 1 203 105 196 139 301 83 50 181 110 317 125 173 148 348 262 98 337 328 115 261 266 30 342 280 123 149 124 136 314 38 215; 
45.10000000000006 0 1.390000000000001 1 43.70999999999998 0 375; 1 203 105 196 139 301 83 50 181 110 317 125 173 148 348 262 98 337 328 115 261 266 30 342 280 123 149 124 136 314 38 215 318; 
45.71599999999996 0 1.360000000000001 1 44.35600000000002 0 375; 1 203 105 196 139 301 83 50 181 110 317 125 173 148 348 262 98 337 328 115 261 266 30 342 280 123 149 124 136 38 215 318 314 340; 
47.63999999999997 0 2.565999999999994 1 45.074000000000005 0 390 375; 1 203 105 196 139 301 83 50 181 110 125 173 148 348 262 98 337 328 115 261 266 30 342 280 123 149 124 136 38 215 318 314 340 34; 
48.55199999999995 0 2.477999999999997 1 46.073999999999984 0 390 375; 1 203 105 196 139 301 83 50 181 110 125 173 148 348 262 98 337 328 115 261 266 30 342 280 123 149 124 136 38 215 318 314 340 34 146; 
49.84999999999988 0 2.5179999999999967 1 47.33199999999995 0 390 375; 1 203 105 196 139 301 83 50 181 110 125 173 148 348 262 98 337 328 115 261 266 30 342 280 123 149 124 136 38 215 318 314 340 34 146 137; 
51.04199999999987 0 2.479999999999994 1 48.56199999999995 0 390 375; 1 203 105 196 139 301 83 50 181 110 125 173 148 348 262 98 337 328 115 261 266 30 342 280 123 149 124 136 146 314 318 215 38 34 137 340 321; 
52.299999999999926 0 2.5639999999999943 1 49.73599999999998 0 390 375; 1 203 105 196 139 301 83 50 181 110 125 173 148 348 262 98 337 328 115 261 266 30 342 280 123 149 124 136 146 314 318 215 38 34 137 340 321 185; 
53.90799999999992 0 2.5059999999999967 1 51.401999999999944 0 390 375; 1 203 105 196 139 301 83 50 181 110 125 173 148 348 262 98 337 328 115 261 266 30 342 280 123 149 124 136 146 314 318 215 38 34 137 340 321 185 24; 
