1.422000000000001 0 0.002 1 1.420000000000001 0 1 125; 
2.9279999999999893 0 0.002 1 2.9259999999999895 0 1 125 105; 
4.327999999999972 0 0.008 1 4.319999999999971 0 1 125 105 307; 
5.625999999999966 0 0.01 1 5.615999999999966 0 1 105 125 307 62; 
7.08599999999996 0 0.008 1 7.077999999999959 0 1 105 125 307 62 347; 
8.31199999999997 0 0.014 1 8.297999999999968 0 1 105 125 307 62 347 187; 
10.089999999999973 0 0.014 1 10.07599999999997 0 1 105 125 307 62 347 187 139; 
11.47599999999997 0 0.016 1 11.45999999999997 0 1 105 125 307 139 62 187 347 262; 
13.005999999999966 0 0.02600000000000001 1 12.979999999999967 0 1 105 125 307 139 62 187 347 262 89; 
14.437999999999954 0 0.022000000000000006 1 14.415999999999958 0 1 105 125 307 139 62 187 347 262 89 250; 
15.829999999999972 0 0.10000000000000006 1 15.729999999999967 0 1 105 125 307 139 62 187 347 299 89 250 227; 
17.187999999999974 0 0.1420000000000001 1 17.045999999999975 0 1 62 250 139 299 89 307 227 105 347 187 125 310; 
18.503999999999976 0 0.1360000000000001 1 18.367999999999984 0 1 62 250 139 299 89 307 227 105 347 187 125 310 225; 
20.09 0 0.1380000000000001 1 19.952 0 1 62 250 139 299 89 307 227 105 347 187 125 310 225 308; 
21.426 0 0.14800000000000008 1 21.278000000000002 0 1 250 227 139 299 89 307 308 105 347 187 225 62 125 310 53; 
22.68599999999995 0 0.15600000000000008 1 22.529999999999962 0 1 250 227 139 299 89 307 308 105 347 187 225 62 125 310 53 88; 
24.097999999999963 0 0.1360000000000001 1 23.961999999999968 0 1 250 227 139 299 89 307 308 105 347 187 225 62 125 310 53 88 193; 
25.499999999999925 0 0.13600000000000007 1 25.36399999999991 0 1 250 227 139 299 89 307 308 105 347 187 225 62 125 310 53 88 193 173; 
26.593999999999937 0 0.2740000000000002 1 26.319999999999915 0 1 250 227 139 299 89 307 308 105 180 187 225 62 125 246 53 88 193 173 212; 
28.247999999999944 0 0.3160000000000002 1 27.931999999999956 0 1 250 227 139 299 89 307 308 105 180 187 225 62 125 246 53 72 193 212 173 82; 
29.621999999999954 0 0.3700000000000003 1 29.251999999999963 0 1 250 227 139 299 89 307 308 105 180 187 225 62 125 246 53 72 193 212 173 82 168; 
30.871999999999968 0 0.3000000000000002 1 30.57199999999998 0 1 250 227 139 299 271 307 308 105 180 187 225 62 125 246 53 88 168 193 173 212 230 314; 
32.85800000000001 0 0.44800000000000034 1 32.40999999999999 0 1 250 227 139 299 271 307 308 105 180 187 225 62 125 246 53 72 168 193 173 340 230 314 110; 
34.36800000000001 0 0.5680000000000004 1 33.80000000000001 0 1 250 227 139 299 271 307 308 105 180 132 225 62 125 246 199 72 168 193 173 340 230 314 110 18; 
35.50600000000004 0 0.44400000000000034 1 35.06200000000005 0 1 250 227 139 167 271 307 308 105 180 132 225 62 125 246 199 72 168 193 173 340 230 314 110 18 203; 
36.83200000000002 0 0.4880000000000004 1 36.34400000000003 0 1 250 227 139 167 271 307 308 105 180 132 225 62 125 246 199 314 203 193 173 18 110 72 230 340 168 261; 
38.18800000000004 0 1.6040000000000012 1 36.584000000000046 0 357; 1 250 227 139 299 271 307 308 105 180 132 225 62 125 246 199 314 193 173 18 110 72 230 340 168 261 213; 
38.84600000000002 0 2.7519999999999882 1 36.09400000000003 0 357 408; 1 250 227 139 299 271 307 308 105 180 132 225 62 125 246 199 314 193 173 18 110 72 230 168 261 213 234; 
39.86000000000002 0 2.879999999999988 1 36.980000000000004 0 357 408; 1 250 227 139 299 89 307 308 105 180 132 225 62 125 246 199 314 193 173 18 110 72 230 168 261 234 213 333; 
41.582 0 2.9439999999999884 1 38.638000000000005 0 357 408; 1 250 227 139 299 89 307 308 105 180 132 225 62 125 246 199 314 193 173 18 110 72 230 168 261 234 213 333 34; 
42.82600000000003 0 2.8479999999999888 1 39.97800000000002 0 357 408; 1 199 230 18 299 89 307 168 105 333 225 72 110 173 213 261 250 193 246 234 125 62 132 180 34 314 308 139 227 274; 
43.471999999999966 0 3.959999999999969 1 39.51200000000003 0 357 408 435; 1 199 230 18 299 89 307 168 105 333 225 72 110 173 213 261 250 193 246 117 125 62 132 180 34 314 308 139 227 274; 
45.093999999999966 0 4.163999999999972 1 40.93000000000002 0 357 408 435; 1 199 230 18 299 89 307 168 105 333 225 72 110 173 213 261 250 193 246 117 125 62 132 180 34 314 150 139 227 274 25; 
45.933999999999976 0 4.083999999999972 1 41.85000000000002 0 357 408 435; 1 199 230 18 299 89 307 168 105 333 225 72 110 173 213 261 158 193 246 117 125 62 132 347 34 314 150 139 227 274 25 4; 
47.56399999999997 0 4.203999999999972 1 43.360000000000056 0 357 408 435; 1 199 230 18 299 89 194 168 105 333 225 72 110 173 213 261 158 193 246 117 125 62 132 347 34 314 150 139 227 182 95 4 39; 
49.21599999999994 0 4.253999999999975 1 44.96200000000001 0 357 408 437; 1 199 230 18 299 89 233 168 105 333 225 72 110 173 213 261 158 193 246 117 125 62 322 347 34 314 150 139 227 182 95 4 39 132; 
50.77599999999987 0 4.449999999999975 1 46.326 0 357 408 437; 1 199 230 18 299 89 233 168 105 333 225 72 110 173 213 261 158 193 246 117 125 62 322 347 34 314 150 139 227 182 132 39 4 95 78; 
51.50999999999994 0 4.393999999999975 1 47.116 0 357 408 437; 1 199 230 18 299 89 233 168 105 333 225 72 110 173 213 261 158 193 246 117 125 62 322 347 34 314 150 56 227 94 132 39 4 95 78 182; 
52.66599999999991 0 4.433999999999975 1 48.23199999999998 0 365 408 437; 1 199 230 18 167 89 233 168 105 333 203 225 88 110 173 213 158 193 246 117 125 62 322 347 34 314 150 56 227 277 39 95 4 182 132 78 235; 
53.3599999999999 0 5.509999999999972 1 47.84999999999993 0 357 365 408 435; 1 199 230 18 167 89 233 168 105 333 225 88 110 173 213 158 193 246 117 125 62 322 347 208 291 150 56 227 277 104 95 4 182 132 78 235 102; 
