1.440000000000001 0 0.0 1 1.440000000000001 0 1 226; 
2.849999999999992 0 0.004 1 2.845999999999992 0 1 226 123; 
4.225999999999975 0 0.002 1 4.223999999999974 0 1 226 123 314; 
6.175999999999966 0 0.008 1 6.1679999999999655 0 1 123 226 314 301; 
7.671999999999962 0 0.012 1 7.659999999999963 0 1 123 226 314 301 262; 
9.075999999999969 0 0.01 1 9.065999999999969 0 1 301 314 262 123 226 307; 
10.531999999999984 0 0.01 1 10.521999999999982 0 1 301 314 262 123 226 307 146; 
11.989999999999968 0 0.02800000000000001 1 11.961999999999968 0 1 307 123 262 146 226 301 314 139; 
13.271999999999954 0 0.030000000000000006 1 13.24199999999995 0 1 307 123 262 146 226 301 314 139 225; 
15.059999999999937 0 0.012 1 15.047999999999934 0 1 307 123 262 146 226 301 314 139 225 173; 
16.197999999999972 0 0.01 1 16.187999999999974 0 1 307 123 262 146 226 301 314 139 225 173 50; 
18.02799999999998 0 0.040000000000000015 1 17.987999999999975 0 1 50 301 173 146 226 123 314 225 307 262 139 185; 
19.317999999999987 0 0.03800000000000001 1 19.279999999999983 0 1 50 301 173 146 226 123 314 225 307 262 139 185 318; 
20.631999999999977 0 0.03600000000000002 1 20.595999999999975 0 1 50 301 173 146 226 123 314 225 307 262 139 185 318 110; 
21.83399999999996 0 0.04000000000000002 1 21.793999999999958 0 1 50 301 173 146 226 123 314 225 307 262 139 185 318 110 83; 
23.413999999999955 0 0.03800000000000001 1 23.375999999999962 0 1 50 301 173 146 226 123 314 225 307 262 139 185 83 110 318 149; 
24.75199999999994 0 0.05000000000000003 1 24.701999999999938 0 1 50 301 173 146 226 123 314 225 307 262 139 185 83 110 318 149 115; 
26.375999999999966 0 0.04000000000000002 1 26.33599999999996 0 1 50 301 173 146 226 123 314 225 307 262 139 185 83 110 318 149 115 273; 
27.47399999999994 0 0.11600000000000009 1 27.357999999999947 0 1 301 307 273 146 226 110 318 149 185 262 139 6 225 314 123 83 173 115 150; 
28.64599999999995 0 0.18200000000000013 1 28.463999999999967 0 1 301 307 273 146 226 110 318 149 185 262 139 6 225 314 123 83 173 115 150 299; 
30.13399999999999 0 0.17800000000000013 1 29.955999999999975 0 1 301 307 273 146 226 110 318 149 185 262 139 6 225 314 123 83 173 115 150 299 14; 
31.105999999999973 0 0.16600000000000012 1 30.93999999999998 0 1 301 307 273 146 226 110 318 149 185 262 139 6 225 314 123 83 173 115 150 299 14 220; 
32.49999999999998 0 1.402000000000001 1 31.09799999999999 0 406; 1 301 307 273 146 226 110 318 149 185 262 139 6 225 314 123 83 173 115 150 299 14 132; 
33.66400000000005 0 3.779999999999968 1 29.88399999999995 0 496 365 406; 1 301 307 273 146 226 110 318 149 185 262 139 6 225 314 123 83 115 150 299 132 213; 
34.73800000000002 0 5.96999999999995 1 28.767999999999958 0 387 449 496 365 406; 1 301 307 146 226 110 149 185 262 139 6 225 314 123 83 115 150 299 132 213 193; 
35.838000000000015 0 6.075999999999955 1 29.761999999999933 0 387 449 496 365 406; 1 301 307 146 226 39 149 185 262 139 6 225 314 123 83 115 150 299 213 132 193 298; 
37.45800000000004 0 4.919999999999977 1 32.53799999999998 0 387 449 365 406; 1 301 307 146 226 39 149 185 262 139 6 225 314 123 83 92 115 150 299 213 132 193 298 4; 
38.494000000000014 0 3.7499999999999667 1 34.744 0 387 449 365; 1 301 307 146 226 39 149 185 262 139 6 225 314 123 83 173 115 150 299 213 132 193 220 298 4 126; 
39.552000000000014 0 4.779999999999979 1 34.77200000000003 0 387 449 365 376; 1 301 307 146 226 39 149 185 262 139 6 225 314 123 83 173 115 150 299 213 132 193 220 298 4 126; 
41.676 0 4.939999999999972 1 36.73600000000002 0 387 449 365 375; 1 301 307 146 226 39 149 185 262 139 6 225 314 123 83 173 115 150 299 132 193 220 298 4 126 72 270; 
42.44600000000005 0 6.027999999999948 1 36.418000000000056 0 387 449 365 375 370; 1 301 307 146 226 39 149 185 262 139 6 225 314 123 83 173 115 150 299 132 193 220 298 4 126 72 270; 
44.076 0 5.1719999999999695 1 38.904000000000046 0 387 365 375 370; 1 301 307 146 226 39 18 149 185 262 139 6 225 314 123 83 92 115 150 220 126 270 132 298 72 193 4 299 345; 
45.885999999999974 0 5.205999999999969 1 40.68000000000003 0 387 365 375 370; 1 301 307 146 226 39 18 149 185 262 139 6 225 314 123 83 92 115 150 220 126 270 132 298 72 193 4 299 345 1; 
47.25200000000001 0 6.4439999999999555 1 40.808000000000014 0 387 365 406 375 370; 1 301 307 146 226 39 18 149 185 262 139 6 225 314 123 83 92 115 150 126 270 132 298 72 193 4 299 345 1 271; 
48.19199999999994 0 7.449999999999973 1 40.742000000000075 0 387 406 375 370 365 483; 1 301 307 146 226 39 18 149 185 262 139 6 225 314 123 83 92 115 150 72 126 270 1 298 271 193 4 299 132 345; 
49.223999999999926 0 7.495999999999975 1 41.72800000000002 0 387 406 375 370 365 483; 1 301 307 146 226 39 18 149 185 262 139 6 225 314 123 83 92 115 150 72 126 270 1 298 271 193 4 299 132 345 252; 
51.125999999999905 0 7.377999999999969 1 43.74800000000003 0 387 406 375 370 365 483; 1 301 307 146 226 39 318 149 185 262 139 50 225 314 123 83 92 115 150 72 126 270 1 298 271 193 4 299 132 345 252 102; 
52.28599999999992 0 7.409999999999975 1 44.87600000000003 0 387 406 375 370 365 483; 1 301 307 146 226 39 318 149 185 262 139 50 225 314 123 83 92 115 150 72 126 270 1 298 271 193 4 299 132 345 102 252 60; 
53.41399999999991 0 8.515999999999988 1 44.897999999999996 0 387 406 375 370 365 483 404; 1 301 307 146 226 39 318 149 185 262 139 50 225 314 123 83 92 115 150 72 126 270 1 298 271 193 4 299 132 345 102 252 60; 
54.08399999999984 0 9.57199999999998 1 44.512 0 387 406 375 370 365 483 404 436; 1 301 307 146 226 39 318 149 185 262 139 50 225 314 123 83 92 115 22 72 126 270 1 298 271 193 4 299 132 345 102 252 60; 
