1.5800000000000012 0 0.0 1 1.5800000000000012 0 1 262; 
2.973999999999989 0 0.016 1 2.9579999999999895 0 1 262 307; 
4.525999999999975 0 0.006 1 4.519999999999976 0 1 262 307 50; 
5.87399999999997 0 0.016 1 5.857999999999971 0 1 262 307 50 203; 
7.327999999999954 0 0.016 1 7.311999999999952 0 1 307 50 262 203 347; 
8.955999999999973 0 0.014 1 8.941999999999972 0 1 307 50 262 203 347 115; 
10.379999999999974 0 0.028000000000000004 1 10.35199999999997 0 1 307 50 262 203 347 115 146; 
11.763999999999957 0 0.018000000000000002 1 11.745999999999954 0 1 307 50 262 203 347 115 146 102; 
13.241999999999953 0 0.034000000000000016 1 13.207999999999954 0 1 307 50 262 203 347 115 146 102 270; 
14.369999999999946 0 0.042000000000000016 1 14.327999999999946 0 1 50 307 115 270 146 203 102 262 347 83; 
16.201999999999988 0 0.03400000000000001 1 16.16799999999999 0 1 50 307 115 270 146 203 102 262 347 83 196; 
17.42199999999998 0 0.026000000000000002 1 17.395999999999976 0 1 50 307 115 270 146 203 102 262 347 83 196 314; 
18.745999999999988 0 0.030000000000000013 1 18.715999999999983 0 1 50 307 115 270 146 203 102 262 347 83 196 314 125; 
20.269999999999992 0 0.032000000000000015 1 20.237999999999996 0 1 50 307 115 270 146 203 102 262 347 83 196 314 125 261; 
21.585999999999988 0 0.07600000000000005 1 21.509999999999984 0 1 261 102 115 270 146 203 83 314 347 50 125 262 196 307 127; 
23.098 0 0.07400000000000004 1 23.024 0 1 261 102 115 270 146 203 83 314 347 50 125 262 196 307 127 139; 
24.175999999999945 0 0.10400000000000006 1 24.071999999999964 0 1 261 102 115 270 146 203 83 314 347 50 125 262 196 307 127 139 226; 
25.79799999999993 0 0.07600000000000005 1 25.721999999999948 0 1 261 102 115 270 146 203 83 314 347 50 125 262 196 307 127 139 226 328; 
26.967999999999932 0 0.10200000000000008 1 26.86599999999991 0 1 261 102 115 270 146 203 83 314 347 50 125 262 196 307 127 226 328 139 14; 
28.32999999999996 0 0.07000000000000005 1 28.259999999999962 0 1 261 102 115 270 146 203 83 314 347 50 125 262 196 307 127 226 328 139 14 105; 
29.38999999999995 0 0.09200000000000007 1 29.29799999999996 0 1 261 102 115 270 146 203 83 314 347 50 125 262 196 307 127 226 328 139 14 105 276; 
30.58999999999999 0 0.08000000000000006 1 30.509999999999987 0 1 261 102 115 270 146 203 83 314 347 50 125 262 196 307 127 226 328 139 14 105 276 274; 
31.831999999999994 0 0.09400000000000004 1 31.737999999999985 0 1 261 102 115 270 146 203 83 314 347 50 125 262 196 307 127 226 328 139 14 274 105 276 44; 
33.45800000000002 0 0.11200000000000009 1 33.34600000000002 0 1 261 102 115 270 146 203 83 314 347 50 125 262 71 307 127 226 328 139 14 274 105 276 44 110; 
34.748 0 1.360000000000001 1 33.387999999999984 0 462; 1 261 102 115 270 146 203 83 314 347 50 125 262 71 307 127 226 328 139 14 274 105 276 44 110; 
36.43200000000001 0 1.344000000000001 1 35.08800000000003 0 462; 1 261 102 115 270 146 203 83 314 347 50 125 262 71 307 127 226 328 139 14 274 105 276 44 110 301; 
37.836000000000055 0 1.456000000000001 1 36.38 0 462; 1 261 102 115 270 146 203 83 314 347 50 125 262 71 307 127 226 328 139 14 182 345 276 44 110 301 321; 
38.81200000000007 0 2.553999999999996 1 36.25800000000007 0 384 462; 1 261 102 115 270 146 203 83 314 347 50 125 262 71 307 127 226 328 139 14 345 276 44 110 301 321 193; 
40.33600000000003 0 2.659999999999994 1 37.676000000000016 0 384 462; 1 261 102 115 270 146 203 83 314 347 50 125 262 71 307 127 226 328 139 14 345 299 44 110 301 321 193 92; 
41.33200000000006 0 2.7479999999999896 1 38.58400000000003 0 462 384; 1 261 102 115 270 146 203 83 314 347 50 125 262 71 307 127 226 328 139 14 44 301 299 92 321 110 193 345 171; 
42.076 0 2.6459999999999946 1 39.43000000000003 0 462 384; 1 261 102 115 270 146 203 83 314 347 50 125 262 71 307 127 226 328 139 14 44 301 299 92 321 110 193 345 171 181; 
44.004000000000005 0 2.6359999999999935 1 41.36800000000001 0 462 384; 1 261 102 115 270 146 203 83 314 347 50 125 262 71 307 127 226 328 139 14 44 301 299 92 321 110 193 345 171 181 138; 
45.61800000000004 0 2.689999999999992 1 42.92800000000001 0 462 384; 1 261 102 115 270 146 203 83 314 347 50 125 262 71 307 127 226 328 139 14 44 301 299 92 321 110 193 345 171 181 138 1; 
46.587999999999965 0 1.6040000000000012 1 44.98400000000001 0 462; 1 261 102 115 270 146 203 83 314 347 50 125 262 71 307 127 226 328 139 14 44 301 299 92 321 110 182 193 105 171 181 138 1 54; 
47.657999999999966 0 1.474000000000001 1 46.18399999999999 0 462; 1 261 102 115 270 146 203 83 314 4 50 125 262 71 307 127 226 328 139 14 44 333 276 92 321 110 274 193 105 171 54 138 181 1 225; 
49.13599999999989 0 1.454000000000001 1 47.68199999999998 0 462; 1 261 102 115 270 146 203 83 314 347 50 125 262 71 307 127 226 328 139 14 44 301 276 92 321 110 274 193 105 171 54 138 181 1 225 315; 
50.17999999999993 0 1.478000000000001 1 48.70199999999994 0 462; 1 261 102 115 270 146 203 83 314 347 50 125 262 71 307 127 226 328 139 14 44 301 276 92 321 110 274 193 105 171 54 138 181 1 225 315 329; 
50.945999999999884 0 1.5140000000000011 1 49.43199999999995 0 462; 1 261 102 115 270 146 203 83 314 347 50 125 262 302 307 127 226 328 139 14 44 301 276 92 321 110 274 193 105 171 297 1 315 225 54 181 138 56; 
52.22799999999985 0 1.476000000000001 1 50.75199999999992 0 462; 1 261 102 115 270 146 203 83 314 347 50 125 262 302 307 127 226 328 139 14 44 301 276 92 321 110 274 193 105 171 297 1 315 225 54 21 138 56 190; 
53.84999999999988 0 1.6020000000000012 1 52.24799999999991 0 462; 1 261 102 115 270 146 203 83 314 347 50 125 262 302 307 127 226 328 139 14 44 301 276 92 321 110 274 193 311 171 297 1 315 225 54 21 138 56 190 345; 
