1.486000000000001 0 0.0 1 1.486000000000001 0 1 308; 
2.9659999999999904 0 0.002 1 2.96399999999999 0 1 308 270; 
4.525999999999972 0 0.008 1 4.517999999999973 0 1 308 270 314; 
5.889999999999961 0 0.004 1 5.88599999999996 0 1 308 270 314 321; 
7.243999999999958 0 0.004 1 7.239999999999958 0 1 308 270 321 314 62; 
8.45999999999997 0 0.004 1 8.455999999999971 0 1 308 270 321 314 62 123; 
9.67999999999997 0 0.014 1 9.665999999999968 0 1 308 270 321 314 62 123 240; 
11.097999999999956 0 0.004 1 11.093999999999955 0 1 62 314 321 240 308 123 270 161; 
12.757999999999944 0 0.008 1 12.749999999999947 0 1 62 314 321 240 308 123 270 161 139; 
14.245999999999952 0 0.012 1 14.233999999999952 0 1 139 308 321 240 161 123 270 62 314 110; 
15.947999999999963 0 0.012 1 15.935999999999963 0 1 139 308 321 240 161 123 270 62 314 110 301; 
16.85399999999996 0 0.022000000000000002 1 16.83199999999996 0 1 139 308 321 240 161 123 285 62 314 110 301 187; 
18.393999999999973 0 0.012 1 18.381999999999977 0 1 139 308 321 240 161 123 285 62 314 110 301 187 50; 
19.575999999999976 0 0.05400000000000002 1 19.521999999999977 0 1 139 308 321 240 161 123 285 62 314 197 301 187 50 145; 
20.973999999999993 0 0.058000000000000024 1 20.915999999999997 0 1 139 308 321 240 161 123 285 62 314 197 301 187 50 145 32; 
22.361999999999984 0 0.04600000000000002 1 22.315999999999974 0 1 139 308 321 240 161 123 270 62 314 197 301 187 50 145 32 69; 
23.58599999999998 0 0.06000000000000003 1 23.525999999999968 0 1 139 308 321 240 161 123 270 62 314 197 301 187 50 145 32 69 12; 
24.82199999999997 0 0.03600000000000001 1 24.785999999999973 0 1 139 308 321 240 161 123 270 62 314 197 145 301 12 187 50 69 32 273; 
26.11399999999992 0 0.06400000000000003 1 26.04999999999992 0 1 139 308 321 240 161 123 270 62 314 197 145 301 12 187 50 69 32 273 285; 
27.30399999999991 0 0.02600000000000001 1 27.27799999999992 0 1 139 308 321 240 161 123 270 62 314 197 145 301 12 187 50 69 32 273 285 35; 
28.673999999999943 0 1.1460000000000008 1 27.527999999999953 0 431; 1 139 308 321 240 161 123 270 62 314 197 145 301 12 187 50 69 32 273 285 262; 
30.049999999999944 0 1.1660000000000008 1 28.88399999999997 0 431; 1 139 308 321 240 161 123 270 62 314 197 145 301 12 187 50 69 32 273 285 262 319; 
31.455999999999968 0 1.1960000000000008 1 30.259999999999977 0 431; 1 139 308 321 240 161 123 270 62 314 197 145 301 12 187 50 69 32 273 285 262 319 78; 
32.38199999999998 0 1.1960000000000008 1 31.18599999999999 0 431; 1 139 308 321 240 161 123 270 62 314 197 145 301 12 187 50 69 32 273 285 262 319 78 57; 
33.88000000000003 0 1.1700000000000008 1 32.70999999999999 0 431; 1 139 308 321 240 161 123 270 62 314 197 145 301 12 187 50 69 32 273 285 262 57 78 319 141; 
35.006000000000014 0 1.2060000000000008 1 33.80000000000001 0 431; 1 139 308 321 240 161 123 270 62 314 197 145 301 12 187 50 69 32 273 285 262 57 78 319 141 162; 
36.21400000000005 0 1.1740000000000008 1 35.039999999999985 0 431; 1 139 308 321 240 161 123 270 62 314 197 301 262 12 187 319 141 78 273 145 32 162 69 50 57 285 60; 
37.55000000000004 0 1.2040000000000008 1 36.34600000000002 0 431; 1 139 308 321 240 161 123 270 62 314 197 301 262 12 187 319 141 78 273 145 32 162 69 50 57 285 60 342; 
38.68600000000007 0 0.09000000000000007 1 38.59600000000008 0 1 139 308 321 240 161 123 270 62 314 197 301 262 12 187 319 141 78 273 145 32 162 69 50 35 57 285 60 342 226; 
39.81800000000007 0 1.1520000000000008 1 38.666000000000004 0 483; 1 139 308 321 240 161 123 270 62 314 197 301 262 12 187 319 141 78 273 145 32 162 69 50 35 57 285 60 342 226; 
40.91000000000001 0 1.1700000000000008 1 39.740000000000045 0 483; 1 139 308 321 240 161 123 270 62 314 197 301 262 12 187 319 141 78 273 145 32 162 69 50 35 57 285 60 342 226 146; 
42.74600000000004 0 1.2240000000000009 1 41.52200000000003 0 483; 1 139 308 321 240 161 123 270 62 314 197 301 262 12 187 319 141 78 273 145 32 162 69 50 35 57 285 60 342 226 146 63; 
43.39400000000001 0 1.260000000000001 1 42.13400000000003 0 483; 1 139 308 321 240 161 123 270 62 314 197 301 262 12 187 319 141 78 273 145 32 162 69 50 35 57 285 60 342 226 6 63 177; 
45.00199999999999 0 1.274000000000001 1 43.72800000000002 0 483; 1 197 63 321 319 103 273 270 187 314 139 60 69 12 62 177 141 308 123 145 161 162 6 226 35 57 285 301 342 50 78 240 262 307; 
46.188 0 4.881999999999978 1 41.30600000000002 0 406 435 483 451; 1 197 63 321 319 32 223 187 314 139 60 69 12 62 177 141 123 145 161 162 6 226 35 57 285 301 345 50 78 240 262 307; 
47.45399999999999 0 4.877999999999973 1 42.576000000000036 0 406 435 483 451; 1 197 63 321 319 32 223 18 314 139 60 69 12 62 177 141 123 145 161 162 6 226 35 57 285 301 345 50 78 240 262 307 242; 
48.39599999999996 0 5.893999999999946 1 42.50200000000002 0 406 367 435 483 451; 1 197 63 321 319 32 223 18 314 139 60 12 62 177 141 123 145 161 162 6 226 35 57 285 301 345 50 78 240 262 307 242 58; 
50.247999999999884 0 5.957999999999945 1 44.29000000000006 0 406 367 435 483 451; 1 197 63 321 319 32 223 18 314 139 60 12 62 177 141 123 145 161 162 6 226 116 57 285 301 345 50 78 240 262 307 242 58 196; 
51.457999999999934 0 6.0079999999999485 1 45.450000000000024 0 406 367 435 483 451; 1 197 63 321 319 32 223 18 314 139 60 12 62 177 141 123 145 161 162 6 226 116 57 285 301 345 50 78 240 262 307 242 58 298 196; 
52.66199999999988 0 5.991999999999955 1 46.66999999999998 0 406 367 435 483 451; 1 197 63 321 319 103 223 18 314 139 60 12 62 177 141 123 145 161 162 6 226 116 57 285 301 345 50 78 240 262 307 298 58 196 242 289; 
