1.500000000000001 0 0.006 1 1.494000000000001 0 1 203; 
3.2479999999999865 0 0.004 1 3.2439999999999864 0 1 203 301; 
4.797999999999975 0 0.016 1 4.781999999999975 0 1 203 301 262; 
6.499999999999957 0 0.018000000000000002 1 6.481999999999958 0 1 203 301 262 196; 
7.871999999999961 0 0.018000000000000002 1 7.853999999999961 0 1 203 301 262 196 123; 
9.357999999999963 0 0.032000000000000015 1 9.325999999999963 0 1 203 301 262 196 123 139; 
10.63599999999997 0 0.020000000000000004 1 10.615999999999971 0 1 301 203 262 123 139 196 225; 
12.169999999999957 0 0.022 1 12.147999999999957 0 1 301 203 262 123 139 196 225 261; 
13.391999999999967 0 0.022000000000000006 1 13.369999999999969 0 1 301 203 262 123 139 196 225 261 110; 
15.203999999999956 0 0.02600000000000001 1 15.177999999999953 0 1 301 203 262 123 139 196 225 261 110 102; 
16.663999999999973 0 0.034000000000000016 1 16.629999999999974 0 1 301 203 262 123 139 196 225 261 110 102 337; 
17.77999999999998 0 0.026000000000000006 1 17.753999999999984 0 1 301 203 262 123 139 196 225 110 261 337 102 50; 
19.21599999999997 0 0.03600000000000002 1 19.179999999999968 0 1 301 203 262 123 139 196 225 110 261 337 102 50 273; 
20.365999999999985 0 0.08200000000000006 1 20.28399999999998 0 1 301 203 262 123 139 196 225 110 261 337 102 50 273 127; 
22.33999999999997 0 0.09000000000000005 1 22.24999999999997 0 1 261 301 110 127 139 196 203 123 273 337 50 262 102 225 233; 
23.77599999999995 0 0.09800000000000007 1 23.677999999999937 0 1 261 301 110 127 139 196 203 123 273 337 50 262 102 225 233 138; 
25.011999999999926 0 0.11800000000000009 1 24.893999999999924 0 1 261 301 110 127 139 196 203 123 273 337 50 262 102 225 233 138 148; 
26.69399999999991 0 0.1380000000000001 1 26.555999999999912 0 1 261 301 110 127 139 196 203 123 273 337 50 262 102 225 233 138 148 280; 
28.157999999999923 0 0.16200000000000012 1 27.995999999999928 0 1 261 301 110 127 139 196 203 123 273 337 50 262 102 225 233 148 280 138 18; 
29.43999999999994 0 0.1460000000000001 1 29.293999999999947 0 1 261 301 110 127 139 196 203 123 273 337 50 262 102 225 233 148 280 138 18 98; 
30.63999999999994 0 0.16800000000000012 1 30.471999999999948 0 1 261 301 110 127 139 196 203 123 273 337 50 262 102 225 233 148 280 138 18 98 227; 
32.15999999999997 0 0.16400000000000012 1 31.995999999999945 0 1 261 301 110 127 139 196 203 123 273 337 50 262 102 225 233 148 280 138 18 98 227 105; 
33.39799999999999 0 0.1460000000000001 1 33.25199999999999 0 1 261 301 110 127 139 196 203 123 273 337 50 262 102 225 233 18 105 227 98 148 138 280 146; 
34.52000000000003 0 0.1480000000000001 1 34.372 0 1 261 301 110 127 139 196 203 123 273 337 50 262 102 225 233 18 105 227 98 148 138 280 146 30; 
35.86000000000003 0 0.1380000000000001 1 35.72200000000003 0 1 261 301 110 127 139 196 203 123 273 337 50 262 102 225 233 18 105 227 98 148 138 280 146 30 266; 
37.14400000000005 0 0.17600000000000013 1 36.96800000000007 0 1 261 301 110 127 139 196 203 123 273 337 50 262 102 225 233 18 105 227 98 148 138 280 146 30 266 308; 
38.21000000000001 0 0.19600000000000012 1 38.01400000000001 0 1 261 301 110 127 139 196 203 123 273 337 50 262 102 225 233 18 105 227 98 148 138 280 146 30 266 308 45; 
40.14600000000006 0 0.19600000000000015 1 39.950000000000074 0 1 261 301 110 127 139 196 203 123 273 337 50 262 102 225 233 18 105 227 98 148 138 280 146 30 45 308 266 328; 
41.03600000000003 0 1.308000000000001 1 39.72800000000002 0 406; 1 261 301 110 127 139 196 203 123 273 337 50 262 102 225 233 18 105 227 98 148 138 280 146 30 45 308 266 313; 
42.25600000000001 0 1.370000000000001 1 40.885999999999996 0 406; 1 261 301 110 127 139 196 203 123 273 337 50 262 102 225 233 18 105 227 98 148 138 280 146 30 45 308 266 313 302; 
43.271999999999984 0 2.557999999999993 1 40.71400000000005 0 406 498; 1 261 301 110 127 139 196 203 123 273 337 50 262 102 225 233 18 105 227 98 148 138 280 146 30 45 308 266 313 302; 
44.680000000000085 0 1.368000000000001 1 43.31200000000003 0 498; 1 261 301 110 127 139 196 203 123 273 337 50 262 102 225 233 18 105 227 98 148 138 280 146 30 45 308 266 328 313 302 63; 
46.108 0 1.398000000000001 1 44.71 0 498; 1 261 301 110 127 139 196 203 123 273 337 50 262 102 225 233 18 105 227 98 148 138 280 146 30 45 308 266 328 313 302 63 185; 
47.51200000000001 0 1.460000000000001 1 46.05200000000001 0 498; 1 261 301 110 127 139 196 203 123 273 337 50 262 102 225 233 18 105 227 98 148 138 280 146 30 45 308 266 328 313 302 63 185 318; 
48.549999999999955 0 1.394000000000001 1 47.155999999999956 0 498; 1 261 301 110 127 139 196 203 123 273 337 50 262 102 225 233 18 105 227 98 148 138 280 146 30 45 308 266 328 313 302 63 185 318 307; 
49.743999999999964 0 1.408000000000001 1 48.33599999999996 0 498; 1 261 301 110 127 139 196 203 123 273 337 50 262 102 225 233 18 105 227 98 148 138 280 146 30 308 266 302 45 318 313 63 185 307 328 296; 
51.11399999999992 0 1.428000000000001 1 49.68599999999996 0 498; 1 261 301 110 127 139 196 203 123 273 337 50 262 102 225 233 18 105 227 98 148 138 280 146 30 308 266 302 45 318 313 63 185 307 328 296 83; 
51.86199999999993 0 1.422000000000001 1 50.439999999999884 0 498; 1 261 301 110 127 139 196 203 123 273 337 50 262 102 225 233 18 105 227 98 148 138 280 146 30 308 266 302 45 318 313 63 185 307 328 296 83 64; 
53.29399999999989 0 1.376000000000001 1 51.917999999999914 0 498; 1 261 301 110 127 139 196 203 123 273 337 50 262 102 225 233 18 105 227 98 148 138 280 146 30 308 266 302 45 318 313 63 185 307 328 296 64 83 124; 
54.765999999999906 0 1.396000000000001 1 53.36999999999993 0 498; 1 261 301 110 127 139 196 203 123 273 337 50 262 102 225 233 18 105 227 98 148 138 280 146 30 308 266 302 45 318 313 63 185 307 328 296 64 83 124 226; 
