1.492000000000001 0 0.0 1 1.492000000000001 0 1 146; 
3.033999999999988 0 0.004 1 3.0299999999999883 0 1 146 314; 
4.275999999999974 0 0.006 1 4.269999999999974 0 1 146 314 50; 
5.807999999999968 0 0.006 1 5.801999999999968 0 1 146 314 50 110; 
7.419999999999961 0 0.008 1 7.411999999999962 0 1 314 146 110 50 141; 
8.799999999999972 0 0.008 1 8.791999999999973 0 1 314 146 110 50 141 149; 
10.253999999999966 0 0.004 1 10.249999999999964 0 1 314 146 110 50 141 149 252; 
11.77799999999997 0 0.008 1 11.76999999999997 0 1 314 146 110 50 141 149 252 307; 
13.381999999999959 0 0.014 1 13.36799999999996 0 1 314 146 110 50 141 252 307 149 273; 
14.50799999999996 0 0.014 1 14.493999999999959 0 1 314 146 110 50 141 252 307 149 273 91; 
15.51199999999996 0 0.004 1 15.507999999999958 0 1 273 314 252 91 146 50 149 307 110 141 64; 
16.67399999999996 0 0.008 1 16.66599999999996 0 1 273 314 252 91 146 50 149 307 110 141 64 161; 
18.20999999999998 0 0.016 1 18.193999999999978 0 1 273 314 252 91 146 50 149 307 110 141 64 161 257; 
19.684000000000005 0 0.002 1 19.682000000000002 0 1 273 314 252 91 146 50 149 307 110 141 64 161 257 123; 
20.953999999999976 0 0.044000000000000025 1 20.909999999999975 0 1 273 314 252 91 146 50 149 307 110 141 64 123 257 161 18; 
22.21599999999995 0 0.06000000000000003 1 22.155999999999963 0 1 273 314 252 91 146 50 149 307 110 141 64 123 257 161 18 84; 
23.535999999999962 0 0.07400000000000005 1 23.46199999999996 0 1 273 314 252 91 146 50 149 307 110 141 64 123 257 161 18 84 226; 
24.973999999999947 0 0.042000000000000016 1 24.93199999999995 0 1 273 314 252 91 146 50 149 307 110 141 64 123 257 161 18 84 226 181; 
25.84399999999994 0 0.05600000000000002 1 25.787999999999936 0 1 273 314 252 91 146 50 149 307 110 141 64 123 257 161 18 226 84 181 323; 
27.321999999999964 0 0.07200000000000004 1 27.249999999999957 0 1 273 314 252 91 146 50 149 307 110 141 64 123 257 161 18 226 84 181 323 276; 
28.581999999999944 0 0.06200000000000003 1 28.51999999999995 0 1 273 314 252 91 146 50 149 307 110 141 64 123 257 161 18 226 84 181 323 276 270; 
30.019999999999953 0 0.052000000000000025 1 29.967999999999947 0 1 273 314 252 91 146 50 149 307 110 141 64 123 257 161 18 226 84 181 323 276 270 34; 
31.865999999999982 0 0.07800000000000003 1 31.787999999999982 0 1 273 314 252 91 146 50 149 307 110 141 64 257 270 34 276 123 18 161 84 226 181 323 105; 
32.86799999999999 0 0.056000000000000036 1 32.81199999999999 0 1 273 314 252 91 146 50 149 307 110 141 64 257 270 34 276 123 18 161 84 226 181 323 105 235; 
34.47599999999998 0 0.08200000000000005 1 34.39399999999997 0 1 273 314 252 91 146 50 149 307 110 141 64 257 270 34 276 123 18 161 84 226 181 323 105 235 139; 
35.63200000000005 0 0.06600000000000003 1 35.56600000000006 0 1 273 314 252 91 146 50 149 307 110 141 64 257 270 34 276 123 18 161 84 226 181 323 105 235 139 60; 
36.99400000000002 0 0.06200000000000002 1 36.932000000000016 0 1 273 314 252 91 146 50 149 307 110 141 64 257 270 34 276 123 18 161 84 226 181 323 105 235 139 60 321; 
38.178000000000054 0 0.07000000000000003 1 38.108000000000054 0 1 273 314 252 91 146 50 149 307 110 141 64 257 270 34 276 123 18 161 84 226 181 323 105 235 139 60 321 262; 
39.73400000000002 0 0.09200000000000005 1 39.64200000000004 0 1 273 314 252 91 146 50 149 307 110 141 64 257 270 34 276 123 18 161 84 226 181 323 105 139 321 235 60 262 301; 
41.06000000000002 0 0.10000000000000006 1 40.960000000000015 0 1 273 314 252 91 146 50 149 307 110 141 64 257 270 34 276 123 18 161 84 226 181 323 105 139 321 235 60 262 301 293; 
42.12800000000007 0 0.08000000000000006 1 42.04800000000008 0 1 273 314 252 91 146 50 149 307 110 141 64 257 270 34 276 123 18 161 84 226 181 323 105 293 60 235 321 262 139 301 69; 
43.717999999999975 0 0.10200000000000008 1 43.61599999999998 0 1 273 314 252 91 146 50 149 307 110 141 64 257 270 34 276 123 18 161 84 226 181 323 105 293 60 235 321 262 139 301 282 308; 
44.78800000000004 0 0.20000000000000015 1 44.588 0 1 273 314 246 91 146 50 149 307 110 141 64 257 270 34 276 123 18 161 84 226 181 323 105 293 60 235 321 262 139 301 282 308 185; 
46.15999999999999 0 0.10000000000000006 1 46.05999999999999 0 1 273 314 252 91 146 50 149 307 110 141 64 257 270 34 276 123 18 161 84 226 181 323 105 293 60 235 321 262 139 301 282 308 185 337; 
47.728 0 0.21800000000000017 1 47.51000000000002 0 1 273 314 252 91 146 50 149 307 110 141 64 257 270 34 276 123 18 161 84 226 181 323 105 293 60 235 321 262 139 301 282 308 337 185 246; 
48.45600000000002 0 0.09000000000000004 1 48.366000000000014 0 1 273 314 252 91 146 50 149 307 110 141 64 257 270 34 276 123 18 161 84 226 181 323 105 293 60 235 321 262 139 301 69 308 337 185 55 328; 
49.435999999999986 0 0.09800000000000006 1 49.33799999999998 0 1 273 314 252 91 146 50 149 307 110 141 64 257 270 34 276 123 18 161 84 226 181 323 105 293 60 235 321 262 139 301 69 308 337 185 55 328 302; 
50.54999999999995 0 1.328000000000001 1 49.22199999999997 0 473; 1 273 314 252 91 146 50 149 307 110 141 64 257 270 34 276 123 18 161 84 226 181 323 293 60 235 321 262 139 301 69 308 337 185 55 328 302 125; 
52.05799999999993 0 1.304000000000001 1 50.753999999999955 0 473; 1 273 314 252 91 146 50 149 307 39 141 64 257 270 34 276 123 18 161 84 226 181 323 78 60 235 321 262 139 301 69 308 337 185 55 328 302 125 86; 
53.03399999999985 0 1.316000000000001 1 51.71799999999996 0 473; 1 273 314 252 91 146 50 149 307 39 141 64 257 270 34 276 123 18 161 84 226 181 323 78 60 235 321 262 139 301 69 308 337 185 55 328 302 125 86 339; 
