1.6440000000000012 0 0.008 1 1.6360000000000012 0 1 225; 
3.1439999999999872 0 0.004 1 3.1399999999999872 0 1 225 250; 
4.687999999999975 0 0.014 1 4.6739999999999755 0 1 225 250 262; 
6.137999999999958 0 0.020000000000000004 1 6.117999999999959 0 1 225 250 262 139; 
7.825999999999957 0 0.028000000000000004 1 7.797999999999956 0 1 225 250 262 139 173; 
9.271999999999974 0 0.022000000000000002 1 9.249999999999973 0 1 225 250 262 139 173 347; 
10.83599999999997 0 0.07200000000000004 1 10.763999999999967 0 1 225 250 262 139 173 347 18; 
12.093999999999944 0 0.05200000000000003 1 12.041999999999947 0 1 139 173 262 250 225 18 347 82; 
13.897999999999962 0 0.09800000000000006 1 13.799999999999958 0 1 139 173 262 250 225 18 347 82 50; 
15.325999999999949 0 0.05400000000000002 1 15.27199999999995 0 1 139 173 262 250 225 18 347 82 50 105; 
17.025999999999975 0 0.06800000000000005 1 16.95799999999998 0 1 82 225 262 250 105 18 347 50 139 173 276; 
18.124000000000006 0 1.264000000000001 1 16.859999999999967 0 432; 1 82 225 262 250 105 18 347 50 139 173 203; 
19.419999999999995 0 1.2280000000000009 1 18.19199999999997 0 432; 1 82 225 262 250 105 18 347 50 139 173 203 313; 
20.945999999999984 0 0.1360000000000001 1 20.809999999999985 0 1 82 225 262 250 105 18 347 50 139 173 299 203 313 110; 
22.517999999999986 0 0.1440000000000001 1 22.37399999999998 0 1 82 225 262 250 105 18 347 50 139 173 299 110 313 203 135; 
23.447999999999965 0 0.16600000000000012 1 23.281999999999975 0 1 82 225 262 250 105 18 347 50 139 173 299 110 313 203 135 45; 
24.75799999999997 0 0.18600000000000014 1 24.57199999999997 0 1 82 225 262 250 105 18 347 50 139 173 299 110 313 203 135 45 190; 
26.153999999999936 0 0.1560000000000001 1 25.997999999999948 0 1 82 225 262 250 105 18 347 50 139 173 299 110 313 203 135 45 190 308; 
27.649999999999928 0 0.16200000000000012 1 27.487999999999914 0 1 82 225 262 250 105 18 347 50 139 173 299 110 313 203 135 45 190 308 318; 
29.269999999999918 0 0.1740000000000001 1 29.095999999999922 0 1 82 225 262 250 105 18 347 50 139 173 299 110 313 203 135 308 190 318 45 310; 
29.939999999999955 0 0.1620000000000001 1 29.777999999999945 0 1 82 225 262 250 105 18 347 50 139 173 299 110 313 203 135 308 190 318 45 310 42; 
31.28399999999995 0 1.426000000000001 1 29.85799999999995 0 397; 1 82 225 262 250 105 18 50 139 173 299 110 313 203 135 308 190 318 45 310 42 180; 
32.56400000000003 0 1.5140000000000011 1 31.04999999999999 0 397; 1 82 225 262 250 105 18 50 139 173 299 110 313 203 135 308 190 318 45 310 42 180 207; 
33.710000000000015 0 2.661999999999993 1 31.047999999999988 0 397 462; 1 82 225 262 250 105 18 50 139 173 299 110 313 203 135 308 190 318 45 246 207 42 180; 
34.836 0 2.73199999999999 1 32.10399999999999 0 397 462; 1 230 225 262 250 105 18 50 139 173 299 110 313 203 135 308 190 318 45 246 207 42 180 123; 
36.408000000000044 0 2.983999999999988 1 33.42400000000001 0 462 375; 1 230 225 262 250 105 18 1 50 139 173 299 110 313 203 135 308 190 318 45 246 180 123 207 21; 
37.982000000000035 0 2.945999999999989 1 35.03599999999998 0 462 375; 1 230 225 262 250 105 18 1 50 139 173 299 110 313 203 135 308 190 318 45 246 180 123 207 21 115; 
39.00000000000005 0 2.7279999999999918 1 36.272000000000084 0 421 462; 1 290 225 262 250 105 18 1 50 139 173 299 313 203 135 308 190 318 45 246 180 123 207 42 21 115 301; 
40.31999999999999 0 4.00399999999997 1 36.31600000000004 0 421 462 496; 1 290 225 262 250 105 18 1 50 139 173 299 313 203 135 308 132 318 45 246 180 123 207 42 21 115 301; 
41.496000000000016 0 5.031999999999972 1 36.463999999999984 0 421 462 496 404; 1 290 225 262 3 105 18 347 50 139 173 299 313 203 135 308 132 318 45 246 180 123 207 42 21 115 301; 
42.43800000000008 0 6.109999999999951 1 36.32800000000003 0 415 462 496 404 432; 1 290 225 262 250 105 18 1 50 139 173 299 110 313 203 135 308 318 45 246 180 123 207 42 21 115 301; 
44.29600000000002 0 6.231999999999951 1 38.064000000000064 0 462 375 496 404 432; 1 290 225 262 250 105 18 1 50 139 173 299 110 313 203 135 308 132 318 45 246 180 123 207 21 115 301 193; 
45.03000000000002 0 6.273999999999954 1 38.756 0 462 375 496 404 432; 1 290 225 262 250 105 18 1 50 139 173 276 110 313 203 135 308 132 318 45 246 180 123 207 21 115 301 193 299; 
46.39399999999999 0 5.193999999999973 1 41.20000000000002 0 404 462 432 496; 1 290 225 262 3 105 18 1 50 139 173 276 110 313 203 135 308 132 318 229 246 21 299 123 42 301 193 115 207 180 116; 
47.98199999999999 0 6.245999999999957 1 41.736000000000026 0 376 404 462 432 496; 1 290 225 262 3 105 18 1 50 139 173 276 110 313 203 135 308 132 318 229 246 21 123 42 301 193 115 207 180 116 167; 
49.221999999999895 0 6.109999999999954 1 43.111999999999995 0 376 404 462 432 496; 1 290 225 262 250 105 18 1 50 139 173 276 110 313 196 135 308 132 318 45 246 21 123 42 301 193 115 207 180 116 167 291; 
50.369999999999926 0 7.267999999999967 1 43.102000000000054 0 415 376 404 462 432 496; 1 290 225 262 250 105 18 1 50 139 173 276 110 313 196 135 308 318 45 246 21 123 42 301 193 115 207 180 116 167 291 317; 
52.01199999999987 0 7.265999999999972 1 44.746 0 415 376 404 462 432 496; 1 230 342 262 250 105 18 347 50 139 173 276 110 313 196 135 308 318 45 246 21 123 42 301 193 115 207 180 116 167 317 291 254; 
52.73199999999991 0 7.3899999999999695 1 45.34200000000003 0 415 404 462 432 496 384; 1 230 342 262 250 105 18 347 50 139 173 276 110 313 203 135 308 318 45 246 21 299 123 42 301 193 115 207 180 116 167 317 291 254; 
54.02399999999991 0 7.399999999999975 1 46.623999999999995 0 462 415 432 496 404 384; 1 313 308 262 318 42 45 116 291 299 193 135 317 21 260 123 230 342 173 167 246 139 110 50 347 115 207 180 203 254 18 105 250 276 107; 
