1.6760000000000013 0 0.002 1 1.6740000000000013 0 1 105; 
3.3599999999999857 0 0.014 1 3.345999999999985 0 1 105 301; 
4.7319999999999744 0 0.006 1 4.725999999999975 0 1 105 301 123; 
6.213999999999963 0 0.006 1 6.207999999999963 0 1 105 301 123 318; 
7.735999999999957 0 0.01 1 7.725999999999957 0 1 105 301 123 318 266; 
9.255999999999968 0 0.014 1 9.241999999999967 0 1 266 123 301 105 318 173; 
10.839999999999966 0 0.022000000000000006 1 10.817999999999968 0 1 266 123 301 105 318 173 328; 
12.331999999999953 0 0.020000000000000004 1 12.311999999999953 0 1 266 123 301 105 318 173 328 110; 
13.697999999999952 0 0.014 1 13.683999999999957 0 1 266 123 301 105 318 173 328 110 307; 
15.05999999999997 0 0.02600000000000001 1 15.033999999999972 0 1 266 123 301 105 318 173 307 110 328 38; 
16.523999999999965 0 0.030000000000000006 1 16.49399999999997 0 1 266 123 301 105 318 173 307 110 328 38 196; 
17.659999999999993 0 0.048000000000000015 1 17.612 0 1 38 328 196 105 318 123 110 266 301 307 173 50; 
19.52199999999998 0 0.05000000000000002 1 19.471999999999984 0 1 38 328 196 105 318 123 110 266 301 307 173 50 262; 
20.651999999999983 0 0.04200000000000002 1 20.60999999999999 0 1 38 328 196 105 318 123 110 266 301 307 173 50 262 280; 
21.83799999999996 0 0.050000000000000024 1 21.787999999999965 0 1 38 328 196 105 318 123 110 266 301 307 173 50 280 262 30; 
23.26999999999998 0 0.06200000000000003 1 23.207999999999974 0 1 38 328 196 105 318 123 110 266 301 307 173 50 280 262 30 203; 
24.69999999999995 0 0.056000000000000036 1 24.643999999999945 0 1 38 328 196 105 318 123 110 266 301 307 173 50 280 262 30 203 139; 
26.05999999999997 0 0.06000000000000004 1 25.999999999999964 0 1 38 328 196 105 318 123 110 266 301 307 173 50 280 262 30 203 139 138; 
27.413999999999938 0 0.048000000000000015 1 27.36599999999993 0 1 38 328 196 105 318 123 110 266 301 307 173 50 280 262 30 138 203 139 149; 
29.05799999999997 0 0.07800000000000006 1 28.979999999999972 0 1 38 328 196 105 318 123 110 266 301 307 173 50 280 262 30 138 203 139 149 98; 
29.94199999999997 0 0.04800000000000003 1 29.893999999999977 0 1 38 328 196 105 318 123 110 266 301 307 173 50 280 262 30 138 203 139 149 98 296; 
31.42799999999997 0 0.054000000000000034 1 31.373999999999974 0 1 38 328 196 105 318 123 110 266 301 307 173 50 280 262 30 138 203 139 149 98 296 185; 
32.327999999999975 0 0.06600000000000003 1 32.261999999999965 0 1 38 328 196 105 318 123 110 266 301 307 173 50 280 262 30 138 203 139 149 98 296 185 64; 
33.54399999999999 0 0.07200000000000004 1 33.47199999999997 0 1 38 328 196 105 318 123 110 266 301 307 173 50 280 262 30 64 296 98 203 138 139 185 149 2; 
35.28200000000004 0 0.09200000000000005 1 35.19000000000004 0 1 38 328 196 105 318 123 110 266 301 307 173 50 280 262 30 64 296 98 203 138 139 185 149 2 82; 
36.03400000000003 0 0.07000000000000005 1 35.96400000000003 0 1 38 328 196 105 318 123 110 266 301 307 173 50 280 262 30 64 296 98 203 138 139 185 149 2 82 146; 
37.59000000000004 0 0.03400000000000001 1 37.55600000000004 0 1 38 328 196 105 318 123 110 266 301 307 173 50 280 262 30 64 296 98 203 138 139 185 149 2 82 146 261; 
38.76599999999998 0 0.08400000000000006 1 38.681999999999974 0 1 38 328 196 105 318 123 110 266 301 307 173 50 280 262 30 64 296 98 203 138 139 185 149 2 82 146 261 181; 
39.850000000000065 0 0.060000000000000026 1 39.79000000000006 0 1 38 328 196 105 318 123 110 266 301 307 173 50 280 262 30 64 296 98 203 138 139 185 149 2 146 82 261 181 83; 
41.57400000000003 0 0.11600000000000008 1 41.458000000000055 0 1 38 328 196 105 318 123 110 266 301 307 173 50 280 262 30 64 6 98 203 138 139 185 149 2 146 82 261 181 83 148; 
42.571999999999974 0 0.12200000000000008 1 42.44999999999998 0 1 38 328 196 105 318 123 110 266 301 307 173 50 280 262 30 64 6 98 203 138 139 185 149 2 146 82 261 181 83 148 14; 
43.75200000000005 0 1.2180000000000009 1 42.534 0 357; 1 38 328 196 105 318 123 110 266 301 307 173 50 280 262 30 64 6 98 138 139 185 149 2 146 82 261 181 83 148 14 115; 
44.82599999999997 0 1.2020000000000008 1 43.62400000000004 0 357; 1 38 328 196 105 318 123 110 266 301 307 173 50 280 262 30 64 6 98 138 139 185 149 2 83 148 14 82 146 181 261 115 86; 
46.588 0 1.2240000000000009 1 45.364000000000054 0 357; 1 38 328 196 105 318 123 110 266 301 307 173 50 280 262 30 64 6 98 138 139 185 149 2 83 148 14 82 146 181 261 115 86 34; 
47.459999999999994 0 1.252000000000001 1 46.208000000000055 0 357; 1 38 328 196 105 318 123 110 266 301 307 173 50 280 262 30 64 6 98 138 139 185 149 2 83 148 14 82 146 181 261 115 86 34 345; 
49.10399999999995 0 2.3699999999999983 1 46.733999999999945 0 357 358; 1 38 328 196 105 318 123 110 266 301 307 173 50 280 262 30 64 6 98 138 139 185 149 2 83 148 14 146 181 261 115 86 34 345 21; 
50.10599999999994 0 2.357999999999998 1 47.74799999999997 0 357 358; 1 38 328 196 105 318 123 110 266 301 307 173 50 280 262 30 64 6 98 138 139 185 149 2 83 148 14 146 181 261 115 86 34 345 21 340; 
51.19399999999988 0 4.6599999999999815 1 46.534 0 358 414 357 441; 1 38 328 260 105 318 123 110 266 301 307 173 50 280 262 30 6 261 98 115 86 34 146 149 340 148 21 64 185 139 138 83 181 14 313; 
52.6619999999999 0 5.907999999999949 1 46.753999999999955 0 375 358 414 357 441; 1 38 328 260 105 318 123 110 266 301 307 173 50 280 262 30 6 261 98 115 206 34 146 149 340 148 21 185 139 138 83 181 14 313 321; 
54.13599999999998 0 6.97799999999997 1 47.158 0 404 375 358 414 357 441; 1 38 328 260 105 318 123 110 266 301 307 173 50 280 262 30 261 98 115 206 34 146 149 340 148 21 185 139 138 83 181 14 313 321 250; 
