1.462000000000001 0 0.008 1 1.454000000000001 0 1 347; 
3.1039999999999868 0 0.01 1 3.093999999999987 0 1 347 262; 
4.309999999999974 0 0.004 1 4.305999999999973 0 1 347 262 123; 
5.97399999999997 0 0.018000000000000002 1 5.955999999999968 0 1 262 347 123 105; 
7.4819999999999585 0 0.020000000000000004 1 7.461999999999959 0 1 262 347 123 105 270; 
8.797999999999975 0 0.018000000000000002 1 8.779999999999976 0 1 270 105 347 262 123 307; 
10.275999999999962 0 0.024 1 10.251999999999963 0 1 270 105 347 262 123 307 187; 
11.765999999999954 0 0.024000000000000007 1 11.741999999999951 0 1 270 105 347 262 123 307 187 115; 
13.13799999999996 0 0.030000000000000002 1 13.107999999999958 0 1 270 105 347 262 123 307 187 115 84; 
14.60399999999996 0 0.022000000000000006 1 14.58199999999996 0 1 270 105 347 262 123 307 187 115 84 227; 
15.703999999999953 0 0.10200000000000006 1 15.601999999999956 0 1 270 345 347 262 123 307 187 83 227 84 135; 
16.939999999999976 0 0.10800000000000007 1 16.83199999999998 0 1 270 345 347 262 123 307 187 83 227 84 135 12; 
18.23599999999998 0 0.08400000000000005 1 18.15199999999999 0 1 270 345 347 262 123 307 187 83 227 84 135 12 119; 
19.71 0 0.18000000000000013 1 19.53 0 1 270 345 347 262 123 307 187 83 227 84 135 12 119 132; 
20.77599999999997 0 0.2980000000000002 1 20.477999999999977 0 1 307 187 347 12 119 270 84 338 123 83 135 132 299 345 82; 
22.203999999999983 0 0.22400000000000014 1 21.97999999999999 0 1 307 187 347 12 119 270 84 338 123 83 135 132 299 345 82 261; 
23.803999999999974 0 0.2740000000000002 1 23.529999999999987 0 1 307 187 347 12 119 270 84 338 123 83 135 132 299 345 82 261 125; 
24.779999999999955 0 1.2400000000000009 1 23.53999999999996 0 490; 1 307 187 347 12 119 270 84 338 123 83 135 132 262 345 82 261 125; 
25.99199999999993 0 1.2460000000000009 1 24.74599999999993 0 490; 1 307 187 347 12 119 270 84 338 123 83 135 132 262 345 82 261 125 226; 
27.581999999999947 0 1.298000000000001 1 26.283999999999935 0 432; 1 307 187 347 12 119 270 84 338 123 83 135 132 262 105 82 125 226 261 124; 
28.477999999999945 0 1.304000000000001 1 27.17399999999991 0 432; 1 307 187 347 12 119 270 84 338 123 83 135 132 299 105 82 125 226 261 124 88; 
29.589999999999968 0 2.4839999999999947 1 27.1059999999999 0 466 432; 1 307 187 347 12 119 270 84 338 123 83 132 299 105 82 125 226 261 124 88 146; 
31.552000000000003 0 2.6079999999999948 1 28.943999999999964 0 466 432; 1 307 187 347 12 119 270 84 338 123 83 132 299 105 82 125 226 261 345 146 88 18; 
32.54400000000003 0 1.464000000000001 1 31.07999999999997 0 466; 1 307 187 347 12 119 270 84 338 123 83 132 262 105 82 125 226 261 316 345 146 88 18 225; 
34.48800000000003 0 1.5520000000000012 1 32.93599999999997 0 466; 1 307 187 347 12 4 270 147 338 123 83 132 262 105 82 125 226 261 316 345 88 225 146 18 3; 
35.51600000000001 0 0.2980000000000002 1 35.218 0 1 307 187 347 12 4 270 84 338 123 83 135 132 262 105 82 125 226 261 316 345 88 225 146 18 286 333; 
36.91600000000002 0 0.44000000000000034 1 36.476000000000006 0 1 307 187 347 12 180 270 84 338 123 83 135 132 262 105 82 125 226 261 316 345 88 225 146 18 286 333 6; 
37.901999999999994 0 1.5880000000000012 1 36.31400000000003 0 432; 1 307 187 347 12 180 270 223 338 123 83 135 132 299 105 82 125 226 261 345 88 225 146 18 286 333 6 62; 
39.216000000000044 0 2.8399999999999888 1 36.37600000000002 0 451 432; 1 345 105 347 286 261 223 311 125 333 132 299 82 307 225 135 229 83 62 123 226 270 12 88 18 146 187 194; 
40.382000000000005 0 2.9799999999999867 1 37.40200000000003 0 451 432; 1 345 105 347 286 261 223 311 125 333 132 299 82 307 247 135 229 83 62 123 226 270 12 88 18 146 187 194 1; 
41.48400000000006 0 2.8879999999999875 1 38.59600000000004 0 451 432; 1 345 105 347 286 261 223 311 125 107 132 299 82 307 247 135 229 83 62 123 226 270 12 88 18 146 187 194 1 248; 
42.706000000000024 0 3.0079999999999885 1 39.698000000000015 0 432 466; 1 345 105 347 286 119 261 223 311 125 107 132 299 82 307 247 229 83 62 123 226 270 12 88 18 146 187 194 1 248 246; 
44.35599999999998 0 4.191999999999973 1 40.16400000000007 0 398 432 466; 1 345 105 347 286 261 223 311 125 107 132 299 82 307 247 27 83 62 123 226 270 12 88 18 146 187 194 248 1 246 6; 
45.41399999999998 0 4.191999999999973 1 41.22200000000005 0 398 432 466; 1 345 105 150 286 261 223 311 125 107 132 299 82 307 247 45 83 62 123 226 270 12 88 18 146 187 194 180 1 246 205 250; 
47.021999999999984 0 3.015999999999988 1 44.00600000000002 0 473 432; 1 345 105 347 286 261 223 311 125 107 132 299 82 307 247 135 45 291 62 123 226 270 12 88 18 146 187 194 248 1 246 205 250 22; 
47.715999999999966 0 4.085999999999972 1 43.63000000000003 0 364 398 432; 1 345 105 286 261 223 311 125 107 132 299 82 307 247 135 45 291 62 123 226 270 12 88 18 146 187 194 180 212 246 205 250 22 34; 
49.655999999999956 0 4.2339999999999725 1 45.42199999999999 0 364 398 432; 1 345 105 286 261 223 311 125 107 132 299 82 307 247 135 45 115 62 123 226 270 12 88 18 146 206 194 180 212 246 205 250 22 34 251; 
50.58199999999996 0 4.101999999999972 1 46.47999999999996 0 364 398 432; 1 345 105 286 261 223 311 125 107 132 299 82 307 247 135 45 115 62 123 226 270 12 88 18 146 206 194 180 212 246 205 251 250 34 22 80; 
51.97599999999986 0 5.395999999999961 1 46.58000000000001 0 364 398 432 375; 1 345 105 286 261 223 311 125 107 132 299 82 307 247 135 45 115 62 123 226 270 12 88 18 146 206 194 180 212 246 205 251 250 34 22 80; 
52.99799999999993 0 6.6299999999999635 1 46.36799999999999 0 364 398 432 375 406; 1 345 105 286 261 223 311 125 107 132 299 82 307 247 135 45 115 62 123 226 270 12 88 18 146 206 194 180 212 246 205 251 250 34 22 80; 
