1.8180000000000014 0 0.012 1 1.8060000000000014 0 1 301; 
3.1819999999999866 0 0.006 1 3.1759999999999864 0 1 301 64; 
4.781999999999975 0 0.002 1 4.779999999999975 0 1 301 64 139; 
6.23399999999996 0 0.006 1 6.227999999999961 0 1 301 64 139 262; 
7.877999999999961 0 0.030000000000000013 1 7.847999999999961 0 1 301 64 139 262 196; 
9.363999999999974 0 0.018000000000000002 1 9.345999999999973 0 1 301 64 139 262 196 115; 
10.65199999999998 0 0.020000000000000004 1 10.631999999999982 0 1 301 64 139 262 196 115 83; 
12.129999999999976 0 0.02600000000000001 1 12.103999999999973 0 1 64 83 139 301 262 196 115 318; 
13.639999999999946 0 0.04000000000000001 1 13.599999999999946 0 1 64 83 139 301 262 196 115 318 110; 
15.317999999999968 0 0.024000000000000007 1 15.293999999999967 0 1 64 83 139 301 262 196 115 318 110 98; 
16.487999999999968 0 0.03600000000000002 1 16.451999999999966 0 1 110 98 139 301 83 196 115 64 262 318 105; 
18.21199999999997 0 0.052000000000000005 1 18.15999999999997 0 1 110 98 139 301 83 196 115 64 262 318 105 86; 
19.123999999999985 0 0.03200000000000001 1 19.09199999999999 0 1 110 98 139 301 83 196 115 64 262 318 105 86 123; 
20.33399999999998 0 0.04000000000000002 1 20.29399999999998 0 1 110 98 139 301 83 196 115 64 262 318 105 86 123 38; 
22.05199999999997 0 0.04000000000000002 1 22.01199999999998 0 1 110 98 139 301 83 196 115 64 262 318 105 86 123 38 173; 
23.277999999999956 0 0.044000000000000025 1 23.233999999999956 0 1 110 98 139 301 83 196 115 64 262 318 105 86 123 38 173 276; 
24.445999999999945 0 0.04600000000000003 1 24.39999999999994 0 1 110 98 139 301 83 196 115 64 262 318 105 86 123 38 276 173 298; 
25.903999999999936 0 0.048000000000000015 1 25.855999999999945 0 1 110 98 139 301 83 196 115 64 262 318 105 86 123 38 276 173 298 50; 
27.021999999999945 0 0.05800000000000004 1 26.963999999999945 0 1 276 50 139 301 83 196 86 64 105 173 123 110 318 262 115 298 38 98 34; 
28.45799999999996 0 0.04400000000000001 1 28.413999999999962 0 1 276 50 139 301 83 196 86 64 105 173 123 110 318 262 115 298 38 98 34 148; 
29.493999999999968 0 0.04800000000000003 1 29.445999999999966 0 1 276 50 139 301 83 196 86 64 105 173 123 110 318 262 115 298 38 98 34 148 273; 
31.565999999999974 0 0.06200000000000004 1 31.50399999999998 0 1 276 50 139 301 83 196 86 64 105 173 123 110 318 262 115 298 38 98 34 148 273 328; 
32.57199999999998 0 0.06600000000000002 1 32.505999999999986 0 1 276 50 139 301 83 196 86 64 105 173 123 110 318 262 115 298 38 98 34 148 273 328 348; 
33.89200000000003 0 0.06600000000000003 1 33.82600000000004 0 1 276 50 139 301 83 196 86 64 105 173 123 110 318 262 115 298 38 98 34 148 273 348 328 225; 
35.43000000000002 0 0.08400000000000006 1 35.34600000000004 0 1 276 50 139 301 83 196 86 64 105 173 123 110 318 262 115 298 38 98 34 148 273 348 328 225 203; 
36.29000000000004 0 0.07800000000000004 1 36.212000000000046 0 1 276 50 139 301 83 196 86 64 105 173 123 110 318 262 115 298 38 98 34 148 273 348 328 225 203 181; 
38.13200000000002 0 0.050000000000000024 1 38.082000000000015 0 1 276 50 139 301 83 196 86 64 105 173 123 110 318 262 115 298 38 98 34 148 321 348 328 225 203 181 102; 
38.65400000000005 0 0.07600000000000004 1 38.57800000000004 0 1 276 50 139 301 83 196 86 64 105 173 123 110 318 262 115 298 38 98 34 148 102 225 321 181 203 348 328 30; 
40.35000000000004 0 0.08200000000000005 1 40.268000000000036 0 1 276 50 139 301 83 196 86 64 105 173 123 110 318 262 115 298 38 98 34 148 102 225 321 181 203 348 328 30 67; 
42.03 0 1.332000000000001 1 40.698000000000064 0 375; 1 276 50 139 301 83 196 86 105 173 123 110 318 262 115 298 38 98 34 148 102 225 321 181 203 348 328 30 67 2; 
43.56400000000002 0 1.368000000000001 1 42.196000000000026 0 375; 1 276 50 139 301 83 196 86 105 173 123 110 318 262 115 298 38 98 34 148 102 225 321 181 203 348 328 30 67 2 185; 
44.772 0 1.390000000000001 1 43.381999999999984 0 375; 1 276 50 139 301 83 196 86 105 173 123 110 318 262 115 298 38 98 34 148 102 225 321 181 203 348 328 30 67 2 185 337; 
45.63199999999998 0 0.07000000000000005 1 45.56199999999997 0 1 276 50 139 301 83 196 86 64 105 173 123 110 318 262 115 298 38 98 34 148 102 225 273 181 203 348 328 30 67 2 185 337 124; 
46.98999999999998 0 0.13600000000000007 1 46.85399999999997 0 1 276 50 139 301 83 196 86 64 105 173 123 110 318 262 115 298 38 98 34 148 102 225 273 181 203 348 328 30 67 2 185 337 124 235; 
47.887999999999906 0 0.10200000000000008 1 47.78599999999995 0 1 276 50 139 301 83 196 86 64 105 173 123 110 318 262 115 298 38 98 34 148 102 225 273 181 203 348 328 30 235 67 2 337 124 185 146; 
48.54799999999995 0 0.08800000000000005 1 48.45999999999994 0 1 276 50 139 301 83 196 86 64 105 173 123 110 318 262 115 298 38 98 34 148 102 225 273 181 203 348 328 30 235 67 2 337 124 185 146 321; 
50.421999999999954 0 0.09400000000000007 1 50.327999999999975 0 1 276 50 139 301 83 196 86 64 105 173 123 110 318 262 115 298 38 98 34 148 102 225 273 181 203 348 328 30 235 67 2 337 124 185 146 321 131; 
51.79999999999992 0 1.266000000000001 1 50.53399999999991 0 415; 1 276 50 139 301 83 196 86 64 105 173 123 110 318 262 115 298 38 98 34 148 102 225 273 203 348 328 30 67 124 131 337 321 185 235 2 146 307; 
52.769999999999854 0 1.306000000000001 1 51.46399999999994 0 415; 1 276 50 139 301 83 196 86 64 105 173 123 110 318 262 115 298 38 98 34 148 102 225 273 203 348 328 30 67 124 131 337 321 185 235 2 146 307 114; 
53.999999999999915 0 1.282000000000001 1 52.717999999999904 0 415; 1 276 50 139 301 83 196 86 64 105 173 123 110 318 262 115 298 38 98 34 148 102 225 273 203 348 328 30 67 124 131 337 321 185 235 2 146 307 114 241; 
