1.5340000000000011 0 0.002 1 1.5320000000000011 0 1 262; 
3.2419999999999862 0 0.008 1 3.2339999999999867 0 1 262 105; 
4.899999999999971 0 0.008 1 4.891999999999971 0 1 262 105 196; 
6.491999999999969 0 0.02600000000000001 1 6.465999999999968 0 1 262 105 196 203; 
7.88799999999996 0 0.022000000000000006 1 7.865999999999961 0 1 262 105 196 203 110; 
8.979999999999974 0 0.008 1 8.971999999999975 0 1 262 105 196 203 110 270; 
10.489999999999974 0 0.018000000000000002 1 10.471999999999971 0 1 262 105 196 203 110 270 347; 
11.89799999999997 0 0.03600000000000002 1 11.861999999999968 0 1 262 105 196 110 203 347 270 225; 
13.471999999999955 0 0.024000000000000007 1 13.447999999999956 0 1 262 105 196 110 203 347 270 225 139; 
14.69599999999995 0 0.03600000000000001 1 14.659999999999952 0 1 262 105 196 139 347 225 270 110 203 123; 
16.71599999999995 0 0.05000000000000003 1 16.66599999999995 0 1 262 105 196 139 347 225 270 110 203 123 301; 
17.895999999999965 0 0.05600000000000001 1 17.839999999999964 0 1 262 105 196 139 347 225 270 110 203 123 301 316; 
18.923999999999978 0 0.026000000000000002 1 18.897999999999982 0 1 262 105 196 316 110 225 270 123 203 301 139 347 317; 
20.491999999999962 0 0.05200000000000003 1 20.439999999999966 0 1 262 105 196 316 110 225 270 123 203 301 139 347 317 318; 
22.197999999999965 0 0.09600000000000006 1 22.101999999999965 0 1 262 105 196 316 110 225 270 123 203 301 139 347 317 318 234; 
23.25799999999996 0 0.060000000000000026 1 23.19799999999997 0 1 262 105 196 316 110 225 270 123 203 301 139 347 317 318 34 298; 
24.749999999999947 0 0.04600000000000001 1 24.70399999999994 0 1 262 105 196 316 110 225 270 123 203 301 139 347 317 318 34 298 185; 
25.955999999999943 0 0.10000000000000006 1 25.855999999999952 0 1 262 105 196 316 110 225 270 123 203 301 139 347 317 318 234 298 185 60; 
27.571999999999967 0 0.1360000000000001 1 27.435999999999957 0 1 196 203 123 298 139 225 60 262 105 234 110 318 316 347 185 301 270 317 63; 
29.03799999999997 0 0.10200000000000006 1 28.935999999999964 0 1 196 203 123 298 139 225 60 262 105 234 110 318 316 347 185 301 270 317 63 314; 
29.689999999999966 0 0.08800000000000005 1 29.601999999999954 0 1 196 203 123 298 139 225 60 262 105 234 110 318 316 347 185 301 270 317 63 314 176; 
31.397999999999993 0 0.1460000000000001 1 31.252 0 1 196 203 123 298 139 225 60 262 105 234 110 318 316 347 185 301 270 317 63 314 176 115; 
32.470000000000006 0 1.1860000000000008 1 31.28399999999999 0 489; 1 196 203 123 298 139 225 2 262 105 234 110 318 316 347 185 301 270 317 43 314 115 176; 
34.017999999999965 0 1.2040000000000008 1 32.81399999999999 0 489; 1 196 203 123 298 139 225 2 262 105 234 110 318 316 347 185 301 270 317 43 314 115 176 141; 
35.53000000000003 0 1.2340000000000009 1 34.296 0 489; 1 196 203 123 298 139 225 2 262 105 234 110 318 316 347 185 301 270 317 199 314 115 322 141 207; 
36.40200000000001 0 1.320000000000001 1 35.082000000000065 0 489; 1 196 203 123 298 139 225 60 262 105 234 110 318 316 4 185 301 270 317 199 314 115 176 207 141 127; 
37.75200000000001 0 1.334000000000001 1 36.418000000000085 0 489; 1 196 203 123 298 139 225 60 262 105 234 110 318 316 4 185 301 270 317 199 314 115 176 207 141 127 217; 
39.05200000000003 0 1.320000000000001 1 37.732000000000035 0 489; 1 196 203 123 298 139 225 131 262 105 234 110 318 316 4 185 301 270 317 199 314 217 141 127 176 207 115 83; 
40.55599999999999 0 1.352000000000001 1 39.204000000000036 0 489; 1 196 203 123 298 139 225 131 262 105 234 110 318 316 4 185 301 270 317 199 314 217 141 127 322 207 115 83 276; 
41.95000000000006 0 3.7719999999999727 1 38.17800000000002 0 375 489 483; 1 196 123 298 139 225 131 262 105 234 110 318 316 4 185 301 270 317 199 314 217 141 127 207 115 246 276 299; 
43.08800000000001 0 3.807999999999972 1 39.28000000000002 0 375 489 483; 1 196 123 298 139 225 131 262 105 234 110 318 316 4 185 301 270 317 199 314 217 141 127 207 115 246 276 299 232; 
44.20000000000003 0 3.8639999999999715 1 40.33600000000006 0 375 489 483; 1 196 123 298 139 225 131 262 105 234 110 318 316 4 185 301 270 317 199 314 217 141 127 207 115 246 299 276 21 150; 
45.348000000000006 0 3.823999999999968 1 41.523999999999994 0 375 489 483; 1 196 123 298 139 225 131 262 105 234 110 318 316 4 185 301 270 317 199 314 217 141 127 207 115 246 299 276 21 150 193; 
46.59600000000002 0 3.819999999999971 1 42.776000000000046 0 375 489 483; 1 196 123 298 139 225 131 262 105 234 110 318 316 4 185 301 270 317 199 314 217 141 127 207 115 246 299 276 21 150 193 92; 
48.01999999999999 0 5.03999999999997 1 42.98000000000003 0 375 494 489 483; 1 196 123 298 139 225 131 262 105 110 318 316 4 185 301 270 317 199 314 217 141 127 207 115 246 92 21 276 299 193 150 340; 
49.147999999999925 0 4.887999999999973 1 44.260000000000026 0 375 494 489 483; 1 196 123 298 139 225 131 262 105 110 318 316 4 185 301 270 317 199 314 217 141 127 207 115 83 92 21 276 299 193 150 340 56; 
50.40399999999988 0 3.9839999999999702 1 46.41999999999997 0 375 494 370; 1 196 123 298 139 225 131 262 105 110 318 316 4 185 301 270 317 199 314 217 141 127 322 207 115 83 92 232 276 299 193 22 340 56 307; 
52.037999999999904 0 2.7779999999999903 1 49.259999999999955 0 375 370; 1 196 92 298 207 225 299 262 307 232 83 193 316 4 56 301 322 276 43 340 217 141 317 270 185 318 110 34 115 105 131 139 22 123 127 314 18; 
53.125999999999884 0 3.9499999999999713 1 49.17599999999992 0 375 385 370; 1 196 92 298 207 225 299 262 307 232 83 193 316 4 56 301 276 43 340 217 141 317 270 185 318 110 34 115 105 131 139 22 123 127 314 18 322; 
54.31199999999988 0 4.021999999999972 1 50.28999999999997 0 375 385 370; 1 196 92 298 207 225 299 262 307 232 83 193 316 4 56 301 276 43 340 217 141 317 270 185 318 110 34 115 105 131 139 22 123 127 314 18 322 190; 
