1.500000000000001 0 0.006 1 1.494000000000001 0 1 50; 
3.0259999999999874 0 0.008 1 3.0179999999999874 0 1 50 196; 
4.633999999999975 0 0.014 1 4.619999999999975 0 1 50 196 203; 
5.931999999999962 0 0.012 1 5.919999999999962 0 1 50 196 203 337; 
7.6659999999999595 0 0.018000000000000002 1 7.647999999999959 0 1 50 196 203 337 301; 
9.173999999999975 0 0.020000000000000004 1 9.153999999999971 0 1 50 196 203 337 301 139; 
10.727999999999964 0 0.024000000000000007 1 10.703999999999962 0 1 301 337 50 203 139 196 102; 
12.261999999999967 0 0.03400000000000001 1 12.227999999999964 0 1 301 337 50 203 139 196 102 262; 
13.85399999999996 0 0.06800000000000003 1 13.785999999999959 0 1 301 337 50 203 139 196 102 262 127; 
15.439999999999955 0 0.05200000000000003 1 15.387999999999955 0 1 301 337 50 203 139 196 102 127 262 138; 
16.56199999999996 0 0.060000000000000026 1 16.50199999999996 0 1 301 337 50 203 139 196 102 127 262 138 123; 
17.89599999999999 0 0.07800000000000004 1 17.817999999999994 0 1 301 337 50 203 139 196 102 127 262 138 123 110; 
19.198 0 0.07200000000000004 1 19.125999999999994 0 1 301 337 50 203 139 196 102 127 262 138 123 110 225; 
20.661999999999974 0 0.07400000000000005 1 20.587999999999965 0 1 301 337 50 203 139 196 102 127 262 138 123 110 225 173; 
22.265999999999966 0 0.10400000000000005 1 22.161999999999967 0 1 301 337 50 203 139 196 102 127 262 138 123 110 225 173 227; 
23.771999999999966 0 0.060000000000000026 1 23.711999999999957 0 1 301 337 50 203 139 196 102 110 127 123 262 225 227 173 138 83; 
24.827999999999932 0 0.10400000000000006 1 24.723999999999936 0 1 301 337 50 203 139 196 102 110 127 123 262 225 227 173 138 83 273; 
26.40399999999993 0 0.09200000000000005 1 26.311999999999934 0 1 301 337 50 203 139 196 102 110 127 123 262 225 227 173 138 83 273 30; 
27.833999999999943 0 0.08600000000000006 1 27.74799999999995 0 1 301 337 50 203 139 196 102 110 127 123 262 225 227 173 138 83 273 30 261; 
28.85599999999997 0 0.10200000000000006 1 28.753999999999973 0 1 301 337 50 203 139 196 102 110 127 123 262 225 227 173 138 83 273 30 261 148; 
30.559999999999977 0 0.12200000000000008 1 30.43799999999997 0 1 301 337 50 203 139 196 102 110 127 123 262 225 227 173 138 83 148 261 273 30 328; 
32.31199999999997 0 0.12400000000000008 1 32.187999999999974 0 1 301 337 50 203 139 196 102 110 127 123 262 225 227 173 138 83 148 261 273 30 328 318; 
33.016 0 0.09600000000000006 1 32.91999999999999 0 1 301 337 50 203 139 196 102 110 127 123 262 225 227 173 138 83 148 261 273 30 328 318 124; 
34.63599999999999 0 0.1400000000000001 1 34.49599999999999 0 1 301 337 50 203 139 196 102 83 138 123 30 148 124 328 127 110 173 227 273 261 225 262 318 72; 
35.844000000000015 0 0.1480000000000001 1 35.69600000000002 0 1 301 337 50 203 139 196 102 83 138 123 30 148 124 328 127 110 173 227 273 261 225 262 318 72 146; 
37.559999999999995 0 0.1300000000000001 1 37.43000000000001 0 1 301 337 50 203 139 196 102 83 138 123 30 148 124 328 127 110 173 227 273 261 225 262 318 72 146 307; 
38.38400000000002 0 0.16000000000000011 1 38.22400000000001 0 1 307 146 124 110 139 196 72 301 173 123 30 148 102 328 127 203 138 227 273 261 225 262 318 83 50 337 276; 
39.66600000000005 0 1.284000000000001 1 38.382000000000055 0 399; 1 307 146 124 110 139 196 301 173 123 30 148 102 328 127 203 138 227 273 261 225 262 318 83 50 337 276 280; 
40.67 0 1.312000000000001 1 39.35800000000005 0 399; 1 307 146 124 110 139 196 301 173 123 30 148 102 328 127 203 138 227 273 261 225 262 318 83 50 337 276 280 296; 
41.71200000000006 0 1.358000000000001 1 40.35400000000003 0 399; 1 307 146 124 110 139 196 301 173 123 30 148 102 328 127 203 138 227 273 261 225 262 318 83 50 337 276 296 280 98; 
43.33600000000001 0 1.294000000000001 1 42.04200000000002 0 399; 1 307 146 124 110 139 196 301 173 123 30 148 102 328 127 203 138 227 273 261 225 262 318 83 50 337 276 296 280 98 185; 
44.33600000000002 0 1.298000000000001 1 43.038000000000046 0 399; 1 307 146 124 110 139 196 301 173 123 30 148 102 328 127 203 138 227 273 261 225 262 318 83 50 337 276 296 280 98 185 313; 
46.086000000000034 0 1.338000000000001 1 44.74799999999998 0 399; 1 307 146 124 110 139 196 301 173 123 30 148 102 328 127 203 138 227 273 261 225 262 318 83 50 337 276 296 280 98 185 313 2; 
46.255999999999986 0 1.298000000000001 1 44.95800000000002 0 399; 1 194 146 124 110 139 196 301 173 123 30 148 102 328 127 203 138 227 273 261 225 262 318 83 50 337 276 296 280 98 185 313 2 38; 
47.705999999999996 0 1.352000000000001 1 46.35399999999994 0 399; 1 194 146 124 110 139 196 301 173 123 30 148 102 328 127 203 138 227 273 261 225 262 318 83 50 337 276 296 280 98 185 313 38 2 266; 
49.59999999999992 0 1.404000000000001 1 48.196000000000005 0 399; 1 307 146 124 110 139 196 301 173 123 30 148 102 328 127 203 138 227 273 261 225 262 318 83 50 337 276 296 280 98 185 313 38 2 266 78; 
50.51999999999995 0 1.416000000000001 1 49.1039999999999 0 399; 1 307 146 124 110 139 196 301 173 123 30 148 102 328 127 203 138 227 273 261 225 262 318 83 50 337 276 296 280 98 185 313 38 2 266 78 347; 
51.639999999999866 0 1.330000000000001 1 50.30999999999997 0 399; 1 307 146 124 110 139 196 301 173 123 30 148 102 328 127 203 138 227 273 261 225 262 318 83 50 337 276 296 280 98 185 313 38 2 266 78 347 24; 
53.005999999999915 0 1.374000000000001 1 51.63199999999989 0 399; 1 307 146 124 110 139 196 301 173 123 30 148 102 328 127 203 138 227 273 261 225 262 318 83 50 337 276 296 280 98 185 313 38 2 266 78 347 24 141; 
54.219999999999914 0 1.460000000000001 1 52.75999999999988 0 399; 1 307 146 124 110 139 196 301 173 123 30 148 102 328 127 203 138 227 273 261 225 262 318 83 50 337 276 296 280 98 185 313 38 2 266 78 347 24 141 18; 
