1.2020000000000008 0 1.1420000000000008 1 0.06000000000000002 0 485; 1 
2.6859999999999933 0 1.2060000000000008 1 1.480000000000001 0 485; 1 314; 
4.0659999999999705 0 1.2460000000000009 1 2.8199999999999914 0 485; 1 119 1; 
5.531999999999971 0 1.2180000000000009 1 4.3139999999999725 0 485; 1 314 1 45; 
6.8519999999999515 0 1.2460000000000009 1 5.60599999999997 0 485; 1 314 1 45 119; 
8.233999999999975 0 1.2300000000000009 1 7.0039999999999525 0 485; 1 45 119 314 1 271; 
9.469999999999976 0 2.385999999999998 1 7.083999999999959 0 485 405; 1 45 119 314 1 271; 
10.927999999999967 0 2.415999999999997 1 8.51199999999998 0 485 405; 1 31 119 314 1 271 299; 
12.323999999999955 0 2.329999999999998 1 9.993999999999966 0 485 362; 1 45 119 314 1 31 299 138; 
13.277999999999956 0 2.363999999999997 1 10.913999999999971 0 485 405; 1 31 1 138 299 99 314 119 45; 
14.577999999999939 0 2.349999999999996 1 12.22799999999995 0 414 362; 1 1 138 299 327 314 119 45 230 90; 
16.451999999999966 0 1.340000000000001 1 15.111999999999972 0 362; 1 31 1 138 299 132 314 119 45 230 90 310; 
17.397999999999985 0 1.366000000000001 1 16.03199999999996 0 414; 1 1 138 299 99 327 314 119 45 230 90 310 3; 
18.473999999999997 0 3.5919999999999703 1 14.881999999999973 0 414 370 365; 1 1 138 299 99 327 314 119 45 3 90 310; 
19.61799999999998 0 3.4659999999999678 1 16.151999999999976 0 414 358 405; 1 1 138 299 99 327 314 119 45 3 90 310 269; 
21.109999999999975 0 3.50999999999997 1 17.599999999999973 0 414 358 405; 1 1 138 299 99 327 314 119 45 310 90 3 269 212; 
22.44399999999996 0 3.5419999999999687 1 18.90199999999999 0 362 370 405; 1 31 1 138 299 327 314 119 45 310 90 3 269 212 209; 
23.54999999999994 0 3.4279999999999715 1 20.121999999999975 0 362 370 405; 1 31 1 138 299 327 314 119 45 310 90 3 269 212 209 343; 
25.19799999999995 0 3.643999999999967 1 21.55399999999996 0 387 370 405; 1 1 138 299 99 327 314 119 45 310 90 3 269 212 209 343 31; 
26.307999999999947 0 4.73399999999998 1 21.57399999999997 0 387 370 405 455; 1 1 138 299 305 327 314 119 45 310 90 213 269 212 343 209 31; 
27.841999999999942 0 5.9479999999999436 1 21.893999999999988 0 387 370 405 382 431; 1 1 271 299 305 327 314 119 45 310 90 213 269 212 343 209 31; 
28.627999999999922 0 5.847999999999949 1 22.779999999999976 0 387 370 405 382 431; 1 1 271 299 305 327 314 119 45 310 90 213 269 212 343 209 31 229; 
29.525999999999982 0 8.19599999999999 1 21.329999999999977 0 387 370 405 408 378 382 431; 1 1 271 299 305 327 314 119 45 310 90 213 269 209 31 229 234; 
31.08399999999999 0 8.185999999999991 1 22.897999999999975 0 387 370 405 408 378 382 431; 1 1 271 299 305 327 314 119 45 310 90 213 269 209 31 234 229 289; 
32.17600000000002 0 8.253999999999989 1 23.92199999999995 0 387 370 405 408 378 382 431; 1 1 271 299 305 327 314 119 45 262 90 213 269 209 31 234 229 289 310; 
33.960000000000036 0 8.201999999999988 1 25.75799999999996 0 387 370 405 408 378 382 431; 1 1 271 299 305 327 314 119 45 262 90 213 269 209 31 234 229 289 310 29; 
34.752000000000045 0 8.221999999999987 1 26.529999999999927 0 387 370 405 408 378 382 431; 1 1 271 299 305 327 314 119 45 262 90 213 269 209 31 234 229 289 310 29 56; 
35.966000000000044 0 8.223999999999986 1 27.74199999999991 0 387 370 405 408 378 382 431; 1 1 271 299 305 327 314 119 45 262 90 213 269 247 31 234 229 289 310 29 56 209; 
37.35400000000001 0 8.367999999999975 1 28.985999999999947 0 387 370 405 408 378 382 431; 1 1 271 299 305 327 314 119 45 262 90 213 269 247 31 234 229 289 29 209 310 56 242; 
38.12000000000005 0 8.25399999999999 1 29.865999999999968 0 387 370 405 408 378 382 431; 1 1 271 299 305 327 314 119 45 262 90 213 269 247 31 234 229 289 29 209 310 56 242 117; 
39.664000000000044 0 8.351999999999983 1 31.31199999999997 0 387 370 405 408 378 382 431; 1 1 271 299 305 327 314 119 45 262 90 213 269 247 31 234 229 289 29 209 310 80 242 117 126; 
41.24800000000008 0 8.423999999999985 1 32.824000000000005 0 387 370 405 408 378 382 431; 1 1 271 299 305 327 314 119 45 262 219 213 269 247 31 234 229 289 29 209 310 80 242 117 328 322; 
42.45000000000003 0 9.557999999999973 1 32.89199999999999 0 387 370 405 408 378 382 431 496; 1 1 271 299 305 327 314 119 45 262 90 213 269 247 31 234 229 289 29 209 310 185 242 322 117 126; 
43.63600000000004 0 9.449999999999974 1 34.186000000000014 0 387 370 405 408 378 382 431 496; 1 1 271 299 305 327 314 119 45 262 90 213 269 247 31 234 229 289 29 209 310 185 242 322 117 126 316; 
44.34600000000005 0 10.297999999999957 1 34.04800000000001 0 475 387 370 405 408 424 382 431 496; 1 1 271 299 327 314 119 45 243 90 213 269 247 31 234 229 289 29 209 310 185 242 322 117 126 316 305; 
45.499999999999986 0 11.387999999999952 1 34.11200000000007 0 475 387 370 405 408 424 382 431 496 403; 1 1 271 299 327 314 119 45 243 90 213 269 247 31 234 229 289 29 209 310 185 242 322 117 126 316 305; 
46.85400000000004 0 11.463999999999949 1 35.39000000000002 0 370 403 405 387 424 408 475 382 431 496; 1 269 327 234 174 316 322 213 310 229 247 45 119 289 305 243 242 314 299 271 209 29 117 31 90 126 1 193; 
47.92000000000002 0 12.41799999999995 1 35.502000000000024 0 370 403 405 387 424 408 475 382 483 431 496; 1 269 327 234 174 316 322 213 310 229 247 45 119 289 305 243 242 283 299 271 209 117 31 90 328 1 193 199; 
48.72799999999996 0 13.673999999999943 1 35.05400000000003 0 370 403 405 485 424 408 414 382 483 431 496 432; 1 269 327 234 174 316 322 213 310 229 247 45 119 289 305 243 242 283 299 271 209 117 31 90 126 1 193 199; 
49.77399999999989 0 13.699999999999944 1 36.07400000000004 0 370 403 405 485 424 408 414 382 483 431 496 432; 1 269 327 234 174 316 322 213 310 229 247 45 119 289 305 243 242 283 299 271 209 117 345 90 126 1 193 199 31; 
