1.410000000000001 0 0.0 1 1.410000000000001 0 1 50; 
2.851999999999994 0 0.0 1 2.851999999999994 0 1 50 146; 
4.373999999999978 0 0.0 1 4.373999999999978 0 1 50 146 226; 
5.895999999999965 0 0.0 1 5.895999999999965 0 1 50 146 226 321; 
7.001999999999962 0 0.008 1 6.9939999999999625 0 1 226 50 321 146 47; 
8.43399999999997 0 0.004 1 8.429999999999971 0 1 226 50 321 146 47 323; 
9.845999999999977 0 0.006 1 9.839999999999977 0 1 226 50 321 146 47 323 123; 
10.891999999999973 0 0.002 1 10.889999999999972 0 1 226 50 321 146 47 123 323 319; 
12.397999999999957 0 0.002 1 12.395999999999956 0 1 226 50 321 146 47 123 323 319 308; 
13.641999999999964 0 0.002 1 13.639999999999965 0 1 226 50 321 146 47 123 323 319 308 347; 
15.23399999999995 0 0.002 1 15.231999999999951 0 1 226 50 321 146 47 123 323 319 347 308 298; 
16.59199999999997 0 0.05800000000000002 1 16.53399999999996 0 1 226 50 95 146 47 123 323 319 347 308 298 301; 
18.28999999999999 0 0.042000000000000016 1 18.247999999999998 0 1 226 50 95 146 47 123 323 319 298 301 347 308 62; 
19.267999999999997 0 0.062000000000000034 1 19.20599999999999 0 1 226 50 95 146 47 123 323 319 298 301 347 308 62 83; 
20.977999999999966 0 0.07200000000000004 1 20.90599999999996 0 1 47 226 95 301 347 323 50 146 123 62 83 308 298 213 314; 
22.41799999999999 0 0.09800000000000005 1 22.31999999999999 0 1 47 226 95 301 347 323 50 146 123 62 83 308 298 213 314 137; 
23.617999999999956 0 0.09000000000000005 1 23.527999999999956 0 1 47 226 95 301 347 323 50 146 123 62 83 308 298 213 314 137 91; 
25.14999999999995 0 0.09800000000000006 1 25.051999999999957 0 1 47 226 95 301 347 323 50 146 123 62 83 308 298 213 314 91 137 262; 
26.141999999999953 0 0.13200000000000006 1 26.00999999999995 0 1 47 226 95 301 347 323 50 146 123 62 83 308 298 213 314 91 137 262 177; 
27.585999999999924 0 0.11600000000000005 1 27.469999999999917 0 1 47 226 95 301 347 323 50 146 123 62 83 308 298 213 314 91 137 262 177 270; 
29.25399999999997 0 0.10000000000000006 1 29.153999999999964 0 1 47 226 95 301 347 323 50 146 123 62 235 308 298 213 314 262 91 270 177 137 69; 
30.235999999999947 0 0.09600000000000004 1 30.13999999999995 0 1 47 226 95 301 347 323 50 146 123 62 235 308 298 213 314 262 91 270 177 137 69 109; 
31.40999999999997 0 0.11600000000000008 1 31.29399999999998 0 1 47 226 95 301 347 323 50 146 123 62 235 308 298 213 314 262 91 270 177 137 69 109 60; 
32.305999999999976 0 0.07600000000000004 1 32.22999999999999 0 1 47 226 95 301 347 323 50 146 123 62 235 308 298 213 314 262 91 270 177 137 69 109 60 187; 
33.771999999999984 0 0.10800000000000005 1 33.663999999999966 0 1 47 226 95 301 347 323 50 146 123 62 235 308 298 213 314 262 91 270 177 137 69 109 60 187 256; 
34.93600000000002 0 0.10600000000000007 1 34.830000000000005 0 1 47 226 321 301 347 323 50 146 123 62 235 308 298 213 314 262 91 270 177 137 69 109 60 187 256 95; 
36.516000000000055 0 0.07200000000000005 1 36.444000000000045 0 1 47 226 321 301 347 323 50 146 123 62 235 308 298 213 314 60 187 270 177 95 91 262 256 137 109 69 241; 
37.54200000000004 0 2.531999999999995 1 35.01000000000005 0 435 489; 1 47 218 321 301 347 323 50 146 123 62 246 308 298 213 314 60 187 270 177 95 91 262 137 109 69 193; 
39.03200000000004 0 2.4679999999999978 1 36.56400000000003 0 435 489; 1 47 218 321 301 347 323 50 146 123 62 246 308 298 213 314 60 187 270 177 95 91 262 137 109 69 193 276; 
40.782000000000046 0 2.6139999999999937 1 38.168 0 435 489; 1 47 218 321 301 347 323 50 146 123 62 246 308 298 213 314 60 187 270 177 95 91 262 137 109 69 299 193 182; 
40.97600000000008 0 2.537999999999996 1 38.43800000000003 0 435 489; 1 47 218 321 301 347 323 50 146 123 62 246 308 298 213 57 60 187 270 177 95 91 262 137 109 69 299 193 182 5; 
42.816 0 2.459999999999997 1 40.35600000000009 0 435 489; 1 47 218 321 301 347 323 50 146 123 62 235 308 298 213 57 60 187 270 177 95 91 262 137 109 69 182 5 299 193 115; 
43.814 0 2.4859999999999953 1 41.32800000000007 0 435 489; 1 47 218 321 301 347 323 50 146 123 62 235 308 298 213 57 60 187 270 177 95 91 262 137 109 69 182 5 299 193 115 145; 
45.35799999999998 0 2.5539999999999954 1 42.80400000000004 0 435 489; 1 47 218 321 301 347 323 50 146 123 62 235 308 298 213 57 60 187 270 177 95 91 262 137 109 69 182 5 299 193 115 145 22; 
46.454 0 2.489999999999997 1 43.964 0 435 489; 1 47 218 321 301 347 323 50 146 123 62 235 308 298 213 314 60 187 270 177 95 91 262 137 109 69 182 5 299 193 115 145 22 57; 
47.606 0 3.661999999999967 1 43.94400000000006 0 459 435 489; 1 47 218 321 301 347 323 50 146 123 62 235 308 298 213 314 60 187 270 177 95 262 137 109 69 182 5 299 193 115 22 57 145 16; 
48.98599999999993 0 3.721999999999969 1 45.26400000000001 0 459 435 489; 1 47 218 321 301 347 323 50 146 123 62 235 308 298 213 314 60 187 270 177 95 262 137 109 69 182 5 299 193 115 22 57 145 16 149; 
49.979999999999954 0 4.807999999999977 1 45.172 0 459 435 489 357; 1 47 218 321 78 347 323 50 146 123 62 235 308 298 213 314 33 187 270 177 95 262 137 109 69 16 167 22 115 57 145 149 193 5 345; 
51.19599999999989 0 4.781999999999974 1 46.41399999999999 0 459 435 489 357; 1 47 218 321 333 347 323 50 146 123 62 235 308 298 213 314 33 187 270 177 95 262 137 109 69 16 167 22 115 57 145 149 193 5 345 277; 
52.80399999999987 0 4.707999999999978 1 48.09599999999998 0 459 435 489 357; 1 47 218 321 333 347 323 50 146 123 62 235 308 298 213 314 33 187 270 177 95 262 137 109 69 16 167 22 115 57 145 149 193 5 345 277 284; 
