1.5040000000000011 0 0.004 1 1.500000000000001 0 1 50; 
2.993999999999989 0 0.030000000000000013 1 2.96399999999999 0 1 50 18; 
3.927999999999965 0 1.1560000000000008 1 2.771999999999994 0 413; 1 50 53; 
5.491999999999966 0 1.1620000000000008 1 4.329999999999972 0 413; 1 53 50 321; 
7.12799999999995 0 1.252000000000001 1 5.875999999999965 0 415; 1 18 53 50 321; 
8.789999999999976 0 1.268000000000001 1 7.521999999999961 0 415; 1 53 50 321 18 262; 
9.769999999999964 0 2.4239999999999964 1 7.345999999999957 0 382 375; 1 53 50 321 262 132; 
10.997999999999962 0 2.491999999999997 1 8.505999999999979 0 382 375; 1 53 50 321 262 132 118; 
12.219999999999951 0 3.531999999999969 1 8.687999999999965 0 382 375 485; 1 53 50 321 262 317 118; 
13.925999999999949 0 2.5379999999999945 1 11.387999999999966 0 375 485; 1 53 50 321 3 262 1 317 235; 
14.999999999999972 0 2.6079999999999943 1 12.391999999999946 0 375 485; 1 53 50 321 3 262 1 317 235 333; 
16.101999999999975 0 4.749999999999978 1 11.351999999999979 0 375 485 475 403; 1 53 50 321 3 262 1 317 235; 
17.255999999999986 0 5.829999999999947 1 11.425999999999961 0 382 375 415 475 403; 1 53 50 321 262 1 136 235 150; 
18.57199999999999 0 6.977999999999967 1 11.593999999999959 0 382 375 415 475 403 360; 1 53 50 321 262 1 136 235 308; 
19.858000000000015 0 5.823999999999945 1 14.033999999999956 0 452 436 375 475 365; 1 235 132 3 53 299 321 308 1 136 50; 
20.869999999999965 0 7.993999999999994 1 12.875999999999973 0 452 481 436 459 475 365 449; 1 235 132 53 299 321 308 1 136 50; 
22.361999999999963 0 8.009999999999998 1 14.351999999999952 0 365 459 452 481 436 475 449; 1 53 299 132 321 308 1 136 50 235 291; 
23.791999999999952 0 7.894000000000001 1 15.897999999999962 0 365 459 452 481 436 475 449; 1 53 262 132 321 308 1 136 50 235 291 316; 
25.12599999999995 0 6.979999999999968 1 18.145999999999987 0 365 459 452 481 475 449; 1 132 53 262 317 321 308 1 136 50 235 291 316 21; 
26.419999999999916 0 5.741999999999944 1 20.67799999999998 0 365 459 481 475 449; 1 271 132 53 262 317 321 308 1 136 50 235 291 316 21 333; 
27.199999999999914 0 6.94599999999997 1 20.253999999999962 0 365 459 481 475 449 484; 1 271 132 53 262 317 321 22 1 136 50 235 291 316 21 333; 
28.81599999999992 0 7.11399999999997 1 21.70199999999998 0 365 459 481 475 449 484; 1 271 132 53 262 317 321 22 1 136 50 235 291 21 316 333 246; 
30.50799999999995 0 7.259999999999979 1 23.247999999999962 0 365 459 481 449 484 432; 1 271 132 53 262 317 247 321 22 1 136 50 235 291 21 333 246 345; 
31.37199999999997 0 8.381999999999993 1 22.989999999999995 0 365 459 481 366 375 484 432; 1 271 132 53 262 317 247 321 22 1 136 50 235 21 333 246 345 199; 
32.72799999999998 0 8.461999999999989 1 24.26599999999994 0 365 459 481 366 375 484 432; 1 271 132 53 262 317 247 321 22 1 136 50 235 21 333 146 345 199 246; 
34.10199999999997 0 8.421999999999988 1 25.679999999999957 0 365 459 481 366 375 484 432; 1 271 132 53 262 317 247 321 22 118 136 50 235 21 333 146 199 246 345 117; 
35.45000000000003 0 8.489999999999986 1 26.95999999999997 0 365 459 366 484 432 449 375; 1 271 53 132 4 262 317 247 321 22 254 136 50 235 127 21 333 146 246 345 117; 
36.69000000000003 0 8.417999999999981 1 28.271999999999956 0 365 459 363 481 484 432 375; 1 271 18 132 53 262 317 247 321 22 118 136 50 235 21 333 146 199 246 345 117 223; 
37.81800000000001 0 10.673999999999966 1 27.143999999999938 0 365 459 363 484 432 375 450 449 431; 1 271 53 132 4 262 317 247 321 22 254 136 50 235 127 21 333 146 246 345 117; 
39.065999999999995 0 10.811999999999959 1 28.253999999999955 0 365 459 363 484 432 375 450 449 431; 1 271 53 132 4 262 317 247 321 22 254 136 50 235 127 21 333 146 246 345 117 73; 
40.208000000000034 0 8.703999999999981 1 31.504 0 365 459 484 432 375 450 431; 1 271 53 132 4 262 317 247 321 22 254 136 50 218 158 127 21 333 146 246 199 345 117 73 80; 
41.62200000000002 0 8.62799999999998 1 32.99399999999999 0 365 459 484 432 375 450 449; 1 271 53 132 4 262 317 247 321 22 254 136 50 218 158 127 21 333 146 246 345 117 116 73 80 226; 
42.23200000000001 0 10.69399999999997 1 31.537999999999993 0 365 459 484 384 375 450 449 414 432; 1 271 53 132 4 262 317 247 321 22 254 136 50 218 158 127 21 333 146 246 117 116 73 80 226; 
43.32400000000002 0 11.875999999999946 1 31.447999999999976 0 365 459 357 450 384 484 449 375 414 432; 1 271 53 132 4 317 247 321 22 254 136 50 218 158 127 73 117 80 333 21 226 116 246 146 43; 
44.73000000000003 0 14.159999999999934 1 30.569999999999965 0 365 459 398 357 450 384 484 368 375 414 432 404; 1 271 18 132 317 247 321 22 254 136 50 218 158 127 73 117 80 333 21 226 116 246 146 43; 
46.73000000000003 0 12.987999999999944 1 33.74200000000003 0 358 398 387 366 450 384 484 368 375 432 404; 1 286 271 18 132 262 317 321 22 254 136 50 218 127 73 117 80 107 21 226 116 345 246 146 43 344; 
47.89999999999999 0 14.199999999999944 1 33.700000000000045 0 358 398 387 366 450 384 484 368 375 432 404 373; 1 286 271 18 132 262 317 321 22 254 136 50 218 127 73 117 80 107 21 226 116 345 246 146 43 344; 
49.17999999999996 0 14.067999999999955 1 35.11200000000002 0 358 398 387 366 450 384 484 368 375 432 373 404; 1 286 271 18 132 262 317 321 22 254 136 50 218 127 73 117 80 107 21 226 116 345 246 146 43 344 72; 
50.57199999999989 0 15.229999999999968 1 35.342000000000034 0 358 459 387 366 436 484 368 431 375 432 373 404 398; 1 271 18 132 322 262 317 321 22 254 136 50 218 223 182 73 117 80 107 21 226 45 246 146 43 344 72; 
51.449999999999896 0 15.015999999999961 1 36.43400000000001 0 358 459 387 366 436 484 368 431 375 432 373 404 398; 1 271 18 132 322 262 317 321 22 254 136 50 218 223 182 73 117 80 107 21 226 45 246 146 43 344 72 214; 
