1.7240000000000013 0 0.002 1 1.7220000000000013 0 1 196; 
3.2679999999999865 0 0.008 1 3.2599999999999865 0 1 196 301; 
4.971999999999976 0 0.024000000000000007 1 4.947999999999976 0 1 196 301 262; 
6.721999999999954 0 0.020000000000000004 1 6.701999999999955 0 1 196 301 262 139; 
7.927999999999953 0 0.01 1 7.917999999999954 0 1 139 196 262 301 123; 
9.159999999999977 0 0.020000000000000004 1 9.139999999999977 0 1 139 196 262 301 123 203; 
10.60399999999998 0 0.024000000000000007 1 10.579999999999979 0 1 123 262 203 301 139 196 110; 
11.941999999999963 0 0.02800000000000001 1 11.913999999999962 0 1 123 262 203 301 139 196 110 50; 
13.41999999999995 0 0.016 1 13.403999999999952 0 1 262 301 203 110 139 196 123 50 261; 
14.771999999999956 0 0.024000000000000007 1 14.747999999999957 0 1 262 301 203 110 139 196 123 50 261 148; 
16.057999999999957 0 0.030000000000000013 1 16.027999999999956 0 1 262 301 203 110 139 196 123 50 261 148 273; 
17.77399999999997 0 0.060000000000000026 1 17.713999999999967 0 1 262 301 203 110 139 196 123 50 261 148 273 127; 
18.92000000000001 0 0.08200000000000003 1 18.838000000000008 0 1 262 301 203 110 139 196 123 50 261 148 273 127 337; 
20.22199999999998 0 0.056000000000000036 1 20.165999999999986 0 1 127 337 203 110 139 196 261 148 262 50 273 123 301 98; 
21.741999999999976 0 0.062000000000000034 1 21.67999999999998 0 1 127 337 203 110 139 196 261 148 262 50 273 123 301 98 138; 
23.307999999999943 0 0.09800000000000005 1 23.209999999999944 0 1 127 337 203 110 139 196 261 148 262 50 273 123 301 98 138 318; 
24.797999999999966 0 0.12600000000000008 1 24.67199999999997 0 1 127 337 203 110 139 196 261 148 262 50 273 123 301 98 138 318 72; 
26.249999999999943 0 0.11400000000000007 1 26.135999999999935 0 1 98 318 203 110 139 196 72 148 337 50 273 123 301 127 262 261 138 64; 
27.401999999999934 0 0.10800000000000007 1 27.293999999999937 0 1 98 318 203 110 139 196 72 148 337 50 273 123 301 127 262 261 138 64 225; 
28.89199999999995 0 0.1420000000000001 1 28.74999999999996 0 1 98 318 203 110 139 196 72 148 337 50 273 123 301 127 262 261 138 64 225 328; 
30.08599999999996 0 0.1300000000000001 1 29.955999999999968 0 1 98 318 203 110 139 196 72 148 337 50 273 123 301 127 262 261 138 64 225 328 266; 
31.490000000000016 0 0.12200000000000008 1 31.36800000000001 0 1 98 318 203 110 139 196 72 148 337 50 273 123 301 127 262 261 138 64 266 328 225 296; 
32.83799999999999 0 0.10000000000000006 1 32.737999999999985 0 1 98 318 203 110 139 196 72 148 337 50 273 123 301 127 262 261 138 64 266 328 225 296 102; 
34.45600000000004 0 0.1240000000000001 1 34.332000000000036 0 1 98 318 203 110 139 196 72 148 337 50 273 123 301 127 262 261 138 64 266 328 225 296 102 18; 
35.42000000000001 0 0.21000000000000016 1 35.21 0 1 98 318 203 110 139 196 72 148 337 50 273 123 301 127 262 261 138 64 266 328 225 296 102 18 105; 
36.94400000000001 0 0.17800000000000013 1 36.76600000000003 0 1 98 318 203 110 139 196 72 148 337 50 273 123 301 127 262 261 138 64 266 328 225 296 102 18 105 227; 
38.09000000000004 0 0.1420000000000001 1 37.94800000000002 0 1 98 318 203 110 139 196 72 148 337 50 273 123 301 127 262 261 138 64 266 328 225 296 102 18 105 227 30; 
39.600000000000044 0 0.1540000000000001 1 39.44600000000005 0 1 98 318 203 110 139 196 72 148 337 50 273 123 301 127 262 261 138 64 266 328 225 296 102 18 105 227 30 233; 
40.92000000000004 0 0.20000000000000015 1 40.72000000000003 0 1 98 318 203 110 139 196 72 148 337 50 273 123 301 127 262 261 138 64 296 266 225 105 328 30 233 102 227 18 38; 
42.70200000000004 0 1.384000000000001 1 41.318000000000005 0 399; 1 98 318 203 110 139 196 148 337 50 273 123 301 127 262 261 138 64 296 266 225 105 328 30 233 102 227 18 38 313; 
43.60400000000004 0 1.408000000000001 1 42.19600000000006 0 399; 1 98 318 203 110 139 196 148 337 50 273 123 301 127 262 261 138 64 296 266 225 105 328 30 233 102 227 18 38 313 307; 
44.97200000000004 0 1.412000000000001 1 43.559999999999974 0 399; 1 98 318 203 110 139 196 148 337 50 273 123 301 127 262 261 138 64 296 266 225 105 328 30 233 102 227 18 38 313 307 185; 
45.84400000000007 0 1.360000000000001 1 44.48399999999999 0 399; 1 98 318 203 110 139 196 148 337 50 273 123 301 127 262 261 138 64 296 266 225 105 328 30 233 102 227 18 38 313 307 185 348; 
47.186 0 1.400000000000001 1 45.78599999999995 0 399; 1 98 318 203 110 139 196 148 337 50 273 123 301 127 262 261 138 64 296 266 225 105 328 30 233 102 227 18 38 313 307 185 348 124; 
48.56799999999993 0 1.482000000000001 1 47.08600000000001 0 399; 1 98 318 203 110 139 196 148 337 50 273 123 301 127 262 261 138 64 296 266 225 105 328 30 233 102 227 18 38 313 307 185 348 124 280; 
50.06399999999986 0 1.402000000000001 1 48.66199999999995 0 399; 1 98 318 203 110 139 196 148 337 50 273 123 301 127 262 261 138 64 296 266 225 105 328 30 233 102 227 18 38 313 307 185 348 124 280 141; 
50.893999999999984 0 1.398000000000001 1 49.495999999999945 0 399; 1 98 318 203 110 139 196 148 337 50 273 123 301 127 262 261 138 64 38 227 225 185 328 30 233 102 266 18 307 348 313 280 296 105 141 124 231; 
52.763999999999925 0 1.466000000000001 1 51.29799999999988 0 399; 1 98 318 203 110 139 196 148 337 50 273 123 301 127 262 261 138 64 38 227 225 185 328 30 233 102 266 18 307 348 313 280 296 105 141 124 231 83; 
53.203999999999915 0 1.390000000000001 1 51.813999999999915 0 399; 1 98 318 203 110 139 196 148 337 50 273 123 301 127 262 261 138 64 38 227 225 185 328 30 233 102 266 18 307 348 313 280 296 105 141 124 231 83 125; 
54.903999999999904 0 1.414000000000001 1 53.48999999999985 0 399; 1 98 318 203 110 139 196 148 337 50 273 123 301 127 262 261 138 64 38 227 225 185 328 30 233 102 266 18 307 348 313 280 296 105 141 124 231 83 125 24; 
