1.5980000000000012 0 0.006 1 1.5920000000000012 0 1 262; 
2.995999999999989 0 0.01 1 2.985999999999989 0 1 262 347; 
4.819999999999975 0 0.008 1 4.811999999999975 0 1 262 347 139; 
6.213999999999968 0 0.02 1 6.193999999999968 0 1 347 139 262 250; 
7.709999999999956 0 0.01 1 7.699999999999957 0 1 347 139 262 250 115; 
9.291999999999975 0 0.020000000000000004 1 9.271999999999974 0 1 139 262 115 347 250 270; 
10.779999999999982 0 0.024000000000000007 1 10.755999999999982 0 1 139 262 115 347 250 270 34; 
12.025999999999957 0 0.044000000000000025 1 11.981999999999958 0 1 139 262 115 347 250 270 34 190; 
13.503999999999948 0 0.02600000000000001 1 13.477999999999948 0 1 34 347 115 270 250 190 139 262 261; 
14.995999999999956 0 0.030000000000000013 1 14.965999999999957 0 1 34 347 115 270 250 190 139 262 261 162; 
16.581999999999965 0 0.026000000000000002 1 16.55599999999996 0 1 34 347 115 270 250 190 139 262 261 162 301; 
18.137999999999973 0 0.04000000000000001 1 18.09799999999997 0 1 34 347 115 270 250 190 139 262 261 162 301 203; 
19.374 0 0.042 1 19.331999999999994 0 1 34 347 115 270 250 190 139 262 261 162 301 203 266; 
20.999999999999993 0 0.060000000000000026 1 20.94 0 1 34 347 115 270 250 190 139 262 261 162 301 203 266 173; 
22.25399999999999 0 0.09800000000000006 1 22.15599999999999 0 1 34 347 115 270 250 132 139 262 261 162 301 203 266 173 226; 
23.32399999999997 0 0.05600000000000002 1 23.267999999999972 0 1 34 347 115 270 250 190 139 262 261 301 226 266 173 162 203 127; 
24.857999999999965 0 0.22000000000000017 1 24.63799999999998 0 1 34 347 115 270 250 132 139 262 261 301 226 266 173 162 203 127 345; 
26.471999999999912 0 0.20800000000000016 1 26.26399999999993 0 1 226 173 301 203 162 345 266 262 347 127 34 139 132 250 270 115 261 274; 
27.613999999999923 0 0.33200000000000024 1 27.281999999999915 0 1 226 173 301 203 162 345 266 262 347 127 34 139 132 250 270 115 261 274 246; 
28.91799999999995 0 0.35600000000000026 1 28.561999999999948 0 1 226 173 301 203 150 345 266 262 347 127 34 139 132 250 270 115 261 274 246 209; 
30.467999999999982 0 0.33600000000000024 1 30.131999999999987 0 1 226 173 301 203 150 345 266 262 347 127 34 139 190 250 270 115 261 274 246 290 30; 
31.649999999999977 0 0.3180000000000002 1 31.33199999999997 0 1 226 173 301 203 150 345 266 262 347 127 34 139 190 250 270 115 261 274 246 290 30 21; 
32.610000000000014 0 0.4000000000000003 1 32.21000000000002 0 1 226 173 301 203 150 345 266 262 4 127 34 139 190 250 270 115 261 274 246 290 21 30 18; 
33.73200000000002 0 1.448000000000001 1 32.283999999999985 0 404; 1 226 173 301 203 150 345 262 347 127 34 139 190 250 270 115 261 274 246 290 21 30 18 125; 
35.282 0 2.723999999999993 1 32.55799999999998 0 404 437; 1 226 173 301 203 150 345 262 347 127 34 139 190 250 270 115 261 274 30 125 290 18 21 246; 
36.748000000000054 0 2.651999999999993 1 34.096 0 404 437; 1 226 173 301 203 150 345 262 347 127 34 139 190 250 270 115 261 274 30 125 290 18 21 246 273; 
38.11400000000004 0 3.8919999999999693 1 34.222 0 404 437 402; 1 226 173 301 203 150 345 262 347 322 34 139 190 250 291 115 168 274 30 125 290 18 21 246 273; 
39.066 0 3.9399999999999715 1 35.12600000000002 0 404 437 402; 1 226 173 301 203 150 345 262 347 322 34 139 190 250 291 115 168 274 30 125 290 18 21 246 273 299; 
40.35400000000001 0 4.015999999999971 1 36.33800000000005 0 404 437 402; 1 226 173 301 203 150 345 262 347 322 34 139 132 250 291 115 168 274 30 125 290 18 21 246 299 273 227; 
41.78000000000003 0 4.031999999999967 1 37.74800000000001 0 404 437 402; 1 226 173 301 203 150 345 262 4 127 34 139 132 250 291 115 168 274 30 125 290 18 21 246 299 273 227 193; 
43.126 0 4.101999999999976 1 39.02400000000003 0 404 437 402; 1 226 173 301 203 150 345 262 347 127 34 139 132 250 291 115 168 274 30 125 290 18 21 246 227 273 193 299 197; 
44.384000000000015 0 4.095999999999971 1 40.288 0 404 437 402; 1 226 173 301 203 150 345 262 347 127 34 139 132 250 291 115 168 274 30 125 290 18 21 246 227 273 193 299 197 105; 
45.06400000000001 0 4.009999999999972 1 41.05400000000002 0 404 437 402; 1 226 173 301 203 150 345 262 347 127 34 139 132 250 291 115 168 274 30 125 290 18 21 246 227 273 193 299 197 105 316; 
46.92400000000002 0 4.091999999999971 1 42.83200000000002 0 404 437 402; 1 274 168 301 105 290 345 262 299 127 125 30 273 18 291 227 173 246 226 115 250 132 316 139 34 193 21 347 150 203 197 167; 
48.017999999999994 0 2.939999999999988 1 45.07799999999998 0 437 402; 1 274 168 301 105 290 345 266 262 299 127 125 30 273 18 291 227 173 246 226 115 250 132 316 139 34 193 21 4 150 203 197 167 102; 
48.68799999999995 0 4.107999999999973 1 44.58 0 437 402 421; 1 274 168 333 105 290 345 266 262 299 127 125 30 273 18 291 227 173 246 226 115 250 132 316 139 34 193 21 4 150 203 167 102 67; 
50.07999999999991 0 4.141999999999973 1 45.93799999999998 0 437 402 421; 1 274 168 333 105 290 345 266 262 299 127 125 30 273 18 291 227 173 246 226 115 250 132 316 139 34 223 21 347 150 203 167 102 67 56; 
51.3699999999999 0 3.1539999999999853 1 48.21599999999997 0 437 402; 1 274 168 333 105 290 345 266 262 299 127 125 95 273 18 291 227 173 246 226 115 3 132 316 139 34 223 21 4 150 203 197 167 102 260 56 87; 
52.78199999999989 0 3.2539999999999853 1 49.52799999999996 0 437 402; 1 274 168 333 105 290 345 266 262 299 127 125 30 273 18 291 311 173 246 226 115 250 132 316 139 34 223 21 4 150 203 197 167 102 260 56 87 72; 
54.18799999999984 0 3.2479999999999865 1 50.93999999999993 0 437 402; 1 274 168 333 105 290 345 266 262 299 127 125 30 273 18 291 311 173 246 226 115 3 132 316 139 34 223 21 4 150 203 197 167 102 56 87 72 260 321; 
