1.420000000000001 0 0.0 1 1.420000000000001 0 1 339; 
2.651999999999995 0 1.1780000000000008 1 1.474000000000001 0 387; 1 339; 
3.747999999999967 0 2.2399999999999998 1 1.5080000000000011 0 387 449; 1 339; 
4.981999999999973 0 3.34399999999997 1 1.6380000000000012 0 449 387 485; 1 339; 
6.281999999999952 0 3.387999999999967 1 2.893999999999991 0 449 387 485; 1 339 3; 
7.21999999999997 0 5.499999999999942 1 1.7200000000000013 0 485 387 449 382 415; 1 339; 
8.851999999999979 0 4.557999999999985 1 4.293999999999976 0 387 449 382 364; 1 132 339 286; 
10.565999999999972 0 4.719999999999978 1 5.845999999999964 0 387 489 382 364; 1 132 339 286 18; 
11.739999999999956 0 4.777999999999975 1 6.96199999999996 0 489 432 363 364; 1 286 339 18 132 333; 
12.85399999999995 0 5.919999999999949 1 6.933999999999957 0 459 413 432 363 364; 1 234 18 132 333 90; 
14.525999999999968 0 6.017999999999944 1 8.507999999999972 0 459 413 432 363 364; 1 234 18 132 271 90 182; 
15.403999999999966 0 7.0019999999999625 1 8.401999999999967 0 449 475 363 364 384 432; 1 286 234 18 132 271 90; 
16.98399999999997 0 8.335999999999988 1 8.647999999999971 0 459 475 363 364 384 432 375; 1 63 234 92 132 271 90; 
18.125999999999987 0 8.211999999999989 1 9.913999999999973 0 459 363 364 384 432 375 414; 1 63 78 234 92 132 271 90; 
19.303999999999984 0 8.299999999999994 1 11.003999999999959 0 375 432 363 459 414 384 489; 1 78 234 4 271 246 90 132 150; 
20.933999999999987 0 9.479999999999988 1 11.453999999999954 0 375 432 363 496 459 414 384 489; 1 78 234 271 246 90 95 127 190; 
22.353999999999974 0 8.361999999999986 1 13.99199999999996 0 375 432 496 459 414 384 489; 1 78 234 218 271 246 90 95 3 127 190; 
23.61399999999999 0 8.425999999999979 1 15.187999999999974 0 375 432 496 459 414 384 489; 1 78 234 218 271 246 90 95 3 127 190 94; 
24.961999999999982 0 7.459999999999972 1 17.50199999999998 0 375 432 415 414 384 489; 1 78 234 218 4 271 246 90 95 18 22 190 94 3; 
26.207999999999924 0 8.629999999999976 1 17.57799999999998 0 375 432 415 414 384 449 489; 1 78 234 218 4 333 246 90 95 22 190 94 3 214; 
27.263999999999946 0 8.531999999999975 1 18.731999999999985 0 415 489 384 413 375 414 432; 1 22 78 126 218 4 107 246 90 3 214 95 234 190 194; 
27.87799999999993 0 13.999999999999929 1 13.877999999999941 0 459 496 365 489 384 413 375 414 494 432 404 386; 1 150 78 126 218 333 246 3 214 95 190; 
28.91199999999994 0 15.205999999999976 1 13.705999999999962 0 459 489 496 365 493 384 413 375 414 494 432 386 404; 1 78 126 218 107 246 3 271 95 190 150; 
30.17599999999997 0 12.92199999999994 1 17.25399999999997 0 459 365 493 384 413 375 414 435 432 386 404; 1 63 78 126 218 92 107 246 3 271 95 190 143 1; 
32.08399999999999 0 14.177999999999946 1 17.905999999999988 0 459 496 365 493 384 413 375 414 435 432 386 404; 1 63 78 126 218 107 246 3 271 95 190 127 1 187; 
33.756000000000036 0 14.113999999999951 1 19.641999999999978 0 459 496 365 493 384 449 375 414 435 432 386 404; 1 63 78 126 218 107 246 3 271 95 190 127 1 187 291; 
34.265999999999984 0 11.67799999999995 1 22.587999999999983 0 459 496 365 384 449 414 432 483 386 404; 1 63 78 126 218 107 246 3 271 48 213 95 4 132 291 117 187 143; 
35.57800000000003 0 12.891999999999953 1 22.685999999999947 0 459 496 365 493 384 449 414 432 483 386 404; 1 63 78 126 218 107 246 3 271 213 95 4 48 291 117 187 143 132; 
36.833999999999975 0 12.957999999999943 1 23.87599999999998 0 415 496 365 493 384 449 414 432 483 386 404; 1 63 78 126 218 107 246 158 271 213 95 4 48 291 117 187 143 232 286; 
38.15600000000003 0 13.059999999999949 1 25.095999999999968 0 415 496 365 493 384 449 414 432 483 386 404; 1 63 78 126 218 107 246 158 271 213 95 4 48 143 317 286 291 187 117 232; 
39.440000000000055 0 14.101999999999949 1 25.337999999999933 0 415 496 365 493 384 449 414 432 483 386 404 358; 1 63 78 126 218 107 246 158 271 213 95 4 48 143 317 286 291 187 117 232; 
40.768000000000015 0 14.101999999999956 1 26.665999999999947 0 415 365 493 384 449 414 494 432 483 386 404 358; 1 63 78 126 218 92 107 246 158 271 213 95 48 143 317 286 291 187 117 232 4; 
42.18400000000001 0 13.061999999999944 1 29.12199999999994 0 415 493 384 449 414 494 432 483 386 404 358; 1 63 78 126 218 92 107 246 90 158 271 213 95 48 143 317 286 291 187 117 232 4 260; 
43.73999999999996 0 10.897999999999964 1 32.84199999999998 0 415 493 384 449 414 494 483 386 404; 1 63 78 126 218 92 107 246 90 158 271 213 95 48 11 143 317 286 291 187 117 232 4 260 290 299; 
45.02400000000001 0 10.869999999999967 1 34.15400000000002 0 415 493 384 449 414 494 483 386 404; 1 63 163 126 218 92 107 246 90 158 271 213 95 48 11 143 317 286 291 187 117 232 4 260 290 299 247; 
46.182 0 10.959999999999955 1 35.22200000000002 0 415 493 384 449 414 494 483 386 404; 1 63 163 126 218 92 107 246 90 158 271 213 95 48 11 143 317 286 291 187 117 232 4 260 290 299 247 173; 
47.54600000000003 0 13.159999999999938 1 34.38599999999999 0 415 493 384 449 375 414 494 483 386 404 436; 1 63 163 126 218 92 107 246 90 158 271 95 48 11 317 286 291 187 117 132 4 260 290 299 247 173 143; 
48.347999999999914 0 15.25199999999998 1 33.096000000000025 0 415 405 493 384 449 375 414 494 483 386 404 358 436; 1 63 163 126 218 92 107 246 158 271 95 48 11 317 299 4 291 173 132 247 117 260 187 286 143 123; 
49.73999999999997 0 16.315999999999985 1 33.42400000000001 0 415 405 493 384 449 375 414 494 483 386 404 358 436 459; 1 63 163 126 218 92 107 246 158 271 95 48 11 317 299 4 291 173 132 247 117 260 187 286 143 123; 
50.53999999999986 0 17.406000000000006 1 33.13399999999999 0 415 405 493 384 449 375 414 494 483 386 404 489 436 459 358; 1 63 163 126 218 92 107 246 158 271 95 48 11 317 299 4 291 173 132 247 117 260 187 286 143 123; 
