1.5600000000000012 0 0.008 1 1.5520000000000012 0 1 262; 
3.1419999999999875 0 0.008 1 3.1339999999999875 0 1 262 115; 
4.569999999999976 0 0.004 1 4.565999999999977 0 1 262 115 270; 
5.863999999999964 0 0.008 1 5.855999999999965 0 1 262 115 270 284; 
7.351999999999963 0 0.012 1 7.339999999999964 0 1 270 115 262 284 347; 
8.691999999999972 0 0.012 1 8.679999999999973 0 1 270 115 262 284 347 193; 
10.441999999999975 0 0.018000000000000002 1 10.423999999999975 0 1 270 115 262 284 347 193 105; 
11.997999999999964 0 0.02800000000000001 1 11.969999999999962 0 1 270 115 262 284 347 105 193 139; 
13.277999999999947 0 0.022000000000000006 1 13.255999999999949 0 1 270 115 262 284 347 105 193 139 149; 
14.515999999999961 0 0.016 1 14.49999999999996 0 1 115 193 262 105 149 139 270 284 347 125; 
16.083999999999964 0 0.08400000000000006 1 15.999999999999966 0 1 310 193 262 105 149 139 270 284 347 125 185; 
17.244 0 0.05000000000000001 1 17.193999999999992 0 1 115 193 262 105 149 139 270 284 347 125 185 83; 
19.341999999999988 0 0.02600000000000001 1 19.31599999999999 0 1 115 193 262 105 149 139 270 284 347 125 185 83 301; 
20.370000000000008 0 0.03800000000000002 1 20.332000000000004 0 1 115 193 262 105 149 139 270 284 347 125 185 83 301 261; 
21.733999999999995 0 0.1420000000000001 1 21.592 0 1 301 270 262 185 149 348 125 284 347 83 115 214 345 193 226; 
23.145999999999955 0 0.1460000000000001 1 22.99999999999996 0 1 301 270 262 185 149 348 125 284 347 83 115 214 345 193 226 234; 
24.503999999999948 0 0.16400000000000012 1 24.339999999999964 0 1 301 270 262 185 149 348 125 284 347 83 115 214 345 193 226 234 82; 
25.763999999999946 0 0.16200000000000012 1 25.60199999999997 0 1 301 270 262 185 149 348 125 284 347 83 115 214 345 193 226 234 82 314; 
27.647999999999932 0 0.23200000000000018 1 27.415999999999922 0 1 301 270 262 185 11 348 125 284 347 83 115 214 345 193 226 234 82 314 110; 
28.71399999999996 0 0.11400000000000007 1 28.599999999999955 0 1 301 270 262 185 11 348 125 284 347 83 115 261 105 193 226 234 82 314 110 124; 
30.03999999999994 0 0.12800000000000009 1 29.91199999999993 0 1 301 270 262 185 11 348 125 284 347 83 115 261 105 193 226 234 82 314 110 124 196; 
31.46999999999994 0 0.1440000000000001 1 31.32599999999994 0 1 301 270 262 185 11 348 125 284 347 83 115 261 105 193 226 110 314 234 196 124 82 123; 
32.256000000000014 0 1.330000000000001 1 30.92599999999997 0 466; 1 301 270 262 185 11 348 125 284 347 83 115 261 105 193 226 110 314 234 196 124 290 123; 
33.53999999999997 0 2.4759999999999946 1 31.06399999999998 0 365 466; 1 301 270 262 185 11 348 125 284 347 83 115 105 193 226 110 314 234 196 124 82 123 247; 
35.06600000000005 0 2.4699999999999958 1 32.59599999999996 0 365 466; 1 301 270 262 185 11 348 125 284 347 83 115 105 193 226 123 225 234 196 82 110 124 314 141; 
36.502000000000024 0 3.629999999999967 1 32.872000000000014 0 365 466 370; 1 301 270 262 185 11 348 125 284 347 83 115 105 193 226 123 225 234 196 110 124 314 141 286; 
37.48800000000005 0 3.6519999999999717 1 33.83600000000003 0 466 370 365; 1 226 105 262 185 124 148 141 284 347 115 196 270 193 225 301 234 83 125 110 11 314 123 286 241; 
39.01000000000006 0 3.701999999999967 1 35.30800000000006 0 466 370 365; 1 226 105 262 185 124 148 141 284 347 115 196 270 193 225 301 234 83 125 110 11 314 123 286 241 39; 
40.60400000000001 0 2.5539999999999936 1 38.05000000000005 0 466 370; 1 226 105 262 185 124 148 141 284 347 115 196 270 193 225 301 234 261 83 125 110 11 314 123 286 241 39 214; 
41.796000000000014 0 2.7379999999999916 1 39.05800000000003 0 462 370; 1 226 105 262 185 124 148 141 284 4 115 196 270 193 225 301 234 261 83 125 110 11 314 123 286 241 39 214 127; 
42.85400000000002 0 3.6739999999999715 1 39.18000000000006 0 466 370 365; 1 226 105 262 185 124 148 141 284 347 115 196 270 193 225 301 234 83 125 110 11 314 123 286 241 39 271 127 45; 
43.96799999999997 0 3.7519999999999682 1 40.216 0 466 370 365; 1 226 105 262 185 182 148 141 284 4 115 196 270 193 225 301 234 83 125 110 11 314 123 286 241 39 271 45 127 315; 
45.37599999999997 0 4.00999999999997 1 41.36600000000003 0 466 370 365; 1 226 105 299 185 182 48 141 284 4 115 196 270 193 225 301 234 83 125 110 11 314 123 286 241 39 271 45 127 315 132; 
46.939999999999976 0 3.9499999999999695 1 42.99000000000006 0 466 365 387; 1 226 105 299 185 182 48 141 284 4 115 196 270 193 290 225 301 234 83 125 110 11 314 123 286 241 39 271 127 6 315 132; 
48.27999999999998 0 4.019999999999971 1 44.25999999999999 0 466 365 387; 1 226 105 262 185 182 48 141 284 4 115 196 270 193 290 225 301 234 83 125 110 11 314 123 286 241 39 271 127 229 315 132 18; 
49.47999999999996 0 3.957999999999971 1 45.522 0 466 365 387; 1 226 105 262 185 182 48 141 284 4 115 196 270 193 290 225 301 234 83 125 110 11 314 123 286 241 39 214 127 229 315 132 18 307; 
50.43599999999992 0 4.031999999999972 1 46.403999999999954 0 466 365 387; 1 226 105 262 185 345 48 141 284 4 115 196 270 193 290 225 301 234 83 125 110 11 314 123 286 241 214 229 307 39 18 127 315 132 313; 
51.713999999999906 0 5.19399999999997 1 46.52000000000001 0 466 365 387 408; 1 226 105 262 185 345 48 141 284 4 115 196 270 193 290 225 301 234 83 125 110 11 314 123 286 241 214 45 307 39 18 127 315 132 313; 
52.99799999999989 0 5.1479999999999695 1 47.8499999999999 0 466 365 387 408; 1 226 105 262 185 345 48 141 284 4 115 196 270 193 290 225 301 234 83 125 110 11 314 123 286 241 214 45 307 39 18 127 315 132 313 250; 
54.423999999999886 0 5.137999999999967 1 49.285999999999916 0 466 365 387 408; 1 226 105 262 185 345 48 141 284 4 115 196 270 193 290 225 301 234 83 125 110 11 314 123 286 241 214 45 307 39 18 127 315 132 313 250 173; 
