1.458000000000001 0 0.0 1 1.458000000000001 0 1 146; 
2.8659999999999894 0 0.0 1 2.8659999999999894 0 1 146 50; 
4.585999999999976 0 0.004 1 4.581999999999976 0 1 146 50 301; 
5.861999999999961 0 0.002 1 5.859999999999961 0 1 146 50 301 110; 
7.407999999999963 0 0.004 1 7.403999999999963 0 1 110 301 146 50 307; 
8.763999999999971 0 0.004 1 8.759999999999971 0 1 110 301 146 50 307 314; 
10.37999999999998 0 0.01 1 10.369999999999978 0 1 110 301 146 50 307 314 270; 
11.545999999999957 0 0.018000000000000002 1 11.527999999999958 0 1 110 301 146 50 307 314 270 196; 
13.219999999999946 0 0.018000000000000002 1 13.201999999999947 0 1 301 50 270 307 110 196 146 314 321; 
14.345999999999949 0 0.024000000000000004 1 14.321999999999951 0 1 301 50 270 307 110 196 146 314 321 298; 
16.05599999999997 0 0.012 1 16.04399999999997 0 1 298 110 270 307 321 196 146 314 301 50 67; 
17.505999999999972 0 0.020000000000000004 1 17.485999999999965 0 1 298 110 270 307 321 196 146 314 301 50 67 105; 
18.933999999999976 0 0.02800000000000001 1 18.905999999999977 0 1 298 110 270 307 321 196 146 314 301 50 67 105 226; 
20.10599999999997 0 0.032000000000000015 1 20.07399999999997 0 1 298 110 270 307 321 196 146 314 301 50 67 226 105 266; 
21.59399999999998 0 0.03800000000000002 1 21.55599999999998 0 1 298 110 270 307 321 196 146 314 301 50 67 226 105 266 83; 
22.911999999999953 0 0.03200000000000001 1 22.879999999999953 0 1 298 110 270 307 321 196 146 314 301 50 67 226 105 266 83 235; 
24.09599999999996 0 0.058000000000000024 1 24.037999999999965 0 1 298 110 270 307 321 196 146 314 301 50 67 105 235 6 226 83 347; 
25.26799999999995 0 0.08200000000000003 1 25.185999999999954 0 1 298 110 270 307 321 196 146 314 301 50 67 105 235 6 226 83 347 161; 
26.99199999999995 0 0.06400000000000003 1 26.927999999999944 0 1 298 110 270 307 321 196 146 314 301 50 67 235 226 6 347 83 105 161 173; 
28.33199999999994 0 0.07000000000000003 1 28.261999999999947 0 1 298 110 270 307 321 196 146 314 301 50 67 235 226 6 347 83 105 161 173 123; 
29.407999999999966 0 0.08400000000000005 1 29.32399999999996 0 1 298 110 270 307 321 196 146 314 301 50 67 235 226 6 347 83 105 161 173 123 274; 
30.829999999999973 0 0.06400000000000003 1 30.765999999999966 0 1 298 110 270 307 321 196 146 314 301 50 67 235 226 6 347 83 105 161 173 123 274 167; 
32.323999999999984 0 0.07200000000000004 1 32.25199999999998 0 1 298 110 270 307 321 196 146 314 301 50 67 235 226 6 347 83 105 161 173 123 274 167 209; 
34.05800000000002 0 0.07400000000000005 1 33.98400000000002 0 1 298 110 270 307 321 196 146 314 301 50 67 235 226 6 347 83 105 161 173 123 274 167 209 318; 
34.90400000000005 0 0.09000000000000005 1 34.81400000000004 0 1 298 110 270 307 321 196 146 314 301 50 67 235 226 6 347 83 105 161 173 123 167 274 209 318 273; 
35.96800000000005 0 1.1840000000000008 1 34.78400000000003 0 357; 1 298 110 270 307 321 196 146 314 301 50 67 235 226 6 347 83 105 161 173 123 167 274 209 318 273; 
37.49400000000006 0 2.497999999999996 1 34.995999999999995 0 357 375; 1 298 110 270 307 321 196 146 314 301 50 67 235 226 6 347 83 105 161 173 123 167 274 209 318 273; 
38.918 0 2.435999999999996 1 36.482000000000056 0 357 375; 1 298 110 270 307 321 196 146 314 301 50 67 235 226 6 347 83 105 161 173 123 167 274 209 318 273 262; 
40.774 0 2.471999999999997 1 38.302000000000014 0 375 357; 1 298 110 270 307 321 196 146 314 301 50 67 235 226 6 347 83 105 161 173 262 274 167 123 318 290 273 141; 
41.28400000000001 0 2.5039999999999942 1 38.78000000000005 0 375 357; 1 298 110 270 307 321 196 146 314 301 50 67 235 226 6 347 83 105 161 92 262 274 167 123 318 290 273 141 177; 
42.833999999999975 0 2.4259999999999957 1 40.407999999999994 0 357 375; 1 67 146 83 105 226 196 347 318 177 50 298 301 123 314 173 141 274 161 262 235 321 307 167 270 6 290 273 110 109; 
44.178000000000004 0 2.5299999999999945 1 41.64800000000001 0 357 375; 1 67 146 83 105 226 196 347 318 177 50 298 301 123 314 173 141 274 161 262 235 321 307 167 270 6 290 273 110 109 132; 
45.50600000000002 0 2.559999999999993 1 42.946000000000005 0 357 375; 1 67 146 83 105 226 196 347 318 177 50 298 301 123 314 173 141 274 161 262 218 321 307 167 270 6 290 147 110 109 132 149; 
47.10999999999998 0 2.6079999999999948 1 44.50199999999999 0 357 375; 1 67 146 83 105 226 196 347 318 177 50 298 301 123 314 173 141 274 161 262 218 321 307 167 270 6 290 147 110 109 132 149 139; 
47.78999999999998 0 2.633999999999994 1 45.156000000000034 0 357 375; 1 67 146 83 105 226 196 347 318 177 50 298 301 123 314 173 141 274 161 262 218 321 307 167 270 6 290 147 110 109 132 149 139 259; 
49.351999999999954 0 2.7119999999999913 1 46.64 0 357 375; 1 67 146 83 345 226 196 347 318 177 50 298 301 123 314 173 141 274 161 262 218 321 307 167 270 6 290 147 39 109 132 149 139 259 74; 
50.81199999999991 0 2.657999999999993 1 48.15399999999995 0 357 375; 1 67 146 83 105 226 196 347 318 177 50 298 301 123 314 173 141 274 161 262 218 321 307 167 270 6 290 147 39 109 132 149 139 259 74 342; 
52.559999999999874 0 2.6979999999999906 1 49.86199999999992 0 357 375; 1 67 146 83 105 226 196 347 318 177 50 298 301 123 314 173 141 274 161 262 218 321 307 167 270 6 290 147 39 109 132 149 139 259 74 342 63; 
53.437999999999896 0 2.6659999999999937 1 50.77199999999993 0 357 375; 1 67 146 83 105 226 196 347 318 177 50 298 301 123 314 173 141 274 161 262 235 321 307 167 270 6 290 273 39 109 132 149 139 259 74 342 63 46; 
54.88199999999989 0 2.741999999999992 1 52.13999999999988 0 357 375; 1 67 146 83 105 226 196 347 318 177 50 298 301 123 314 173 141 274 161 262 235 321 307 167 270 6 290 273 39 109 132 149 139 259 74 46 342 63 337; 
