1.418000000000001 0 0.0 1 1.418000000000001 0 1 50; 
3.079999999999989 0 0.006 1 3.0739999999999887 0 1 50 262; 
4.517999999999976 0 0.014 1 4.503999999999975 0 1 50 262 146; 
5.961999999999964 0 0.01 1 5.9519999999999635 0 1 262 146 50 298; 
7.403999999999958 0 0.006 1 7.39799999999996 0 1 262 146 50 298 139; 
9.367999999999967 0 0.016 1 9.351999999999968 0 1 262 146 50 298 139 301; 
10.46399999999997 0 0.02600000000000001 1 10.437999999999969 0 1 262 146 50 298 139 301 115; 
12.097999999999965 0 0.022000000000000006 1 12.075999999999963 0 1 139 262 115 298 50 301 146 284; 
13.445999999999954 0 0.018000000000000002 1 13.427999999999951 0 1 139 262 115 298 50 301 146 284 307; 
14.549999999999967 0 0.016 1 14.533999999999965 0 1 139 262 115 298 50 301 146 284 307 317; 
16.075999999999983 0 0.026000000000000002 1 16.049999999999983 0 1 139 262 115 298 50 301 146 284 307 317 318; 
17.541999999999987 0 0.022000000000000006 1 17.519999999999985 0 1 139 262 83 298 50 301 146 284 317 307 318 314; 
18.707999999999995 0 0.032000000000000015 1 18.67599999999999 0 1 139 262 83 298 50 301 146 284 317 307 318 314 347; 
20.409999999999975 0 0.02600000000000001 1 20.38399999999998 0 1 139 262 83 298 50 301 146 284 317 307 318 314 347 308; 
21.961999999999986 0 0.048000000000000015 1 21.913999999999987 0 1 139 262 115 298 50 301 146 284 307 318 347 308 317 314 181; 
22.873999999999967 0 0.12600000000000008 1 22.747999999999966 0 1 139 262 83 298 50 301 146 284 307 318 347 308 317 314 132 196; 
24.509999999999962 0 0.18200000000000013 1 24.327999999999946 0 1 139 262 246 298 50 301 146 284 307 318 347 308 317 314 132 196 128; 
25.51199999999995 0 0.12000000000000006 1 25.391999999999946 0 1 139 262 88 298 50 301 146 284 307 318 347 308 317 314 132 196 128 83; 
26.939999999999976 0 0.10800000000000005 1 26.831999999999983 0 1 139 262 88 298 50 301 146 284 307 318 347 308 317 314 132 196 128 83 123; 
28.533999999999953 0 0.1400000000000001 1 28.39399999999994 0 1 139 262 310 298 50 301 146 284 307 318 347 308 317 314 132 196 128 83 123 18; 
29.76399999999996 0 0.22000000000000014 1 29.543999999999954 0 1 139 262 310 298 50 301 146 22 307 318 347 308 317 314 132 196 128 83 123 18 193; 
31.021999999999974 0 1.284000000000001 1 29.737999999999957 0 489; 1 139 262 310 298 50 301 146 22 307 318 347 308 317 314 132 196 128 83 123 18 193; 
32.53599999999998 0 1.362000000000001 1 31.173999999999985 0 489; 1 139 262 310 298 50 301 146 22 307 318 347 308 317 314 132 196 128 83 123 18 193 39; 
33.594 0 1.354000000000001 1 32.23999999999999 0 489; 1 139 262 310 298 50 301 146 22 307 318 347 308 317 314 132 196 128 83 123 18 193 39 270; 
35.19600000000001 0 1.462000000000001 1 33.733999999999995 0 489; 1 139 262 310 298 50 301 146 22 307 318 347 308 317 314 132 196 128 246 123 18 39 270 193 149; 
36.40000000000001 0 1.496000000000001 1 34.90400000000003 0 489; 1 139 262 310 298 50 301 146 22 307 318 347 308 317 314 132 196 128 246 123 18 39 270 193 149 226; 
37.77400000000002 0 1.462000000000001 1 36.312000000000026 0 489; 1 139 262 310 298 50 301 146 22 307 318 347 308 317 314 132 196 128 246 123 18 39 270 193 149 226 173; 
39.186 0 2.613999999999993 1 36.572000000000024 0 489 382; 1 139 262 310 298 50 301 146 22 307 318 347 308 317 314 132 196 128 246 123 187 39 270 193 149 226 173; 
39.69400000000005 0 4.729999999999977 1 34.96400000000001 0 462 415 489 382; 1 139 262 298 50 301 146 22 307 318 347 308 317 314 196 128 246 123 187 155 270 193 149 226 173 183; 
40.040000000000035 0 10.543999999999953 1 29.495999999999963 0 462 365 451 387 415 360 489 403 382; 1 139 299 298 50 146 307 347 308 317 314 196 128 246 123 187 270 193 149 92 226 39; 
41.40400000000002 0 9.307999999999975 1 32.09599999999996 0 365 451 387 415 360 489 403 382; 1 139 299 115 298 50 146 307 347 308 317 314 196 128 83 123 187 270 193 149 92 226 39 88; 
43.17400000000003 0 9.459999999999974 1 33.714000000000006 0 365 451 387 415 360 489 382 403; 1 139 299 115 298 50 146 307 347 308 317 314 196 128 246 123 187 270 193 149 39 226 88 92 11; 
44.30200000000001 0 7.183999999999971 1 37.11800000000004 0 365 451 387 489 382 403; 1 139 299 115 298 50 146 307 347 308 317 314 132 196 128 246 123 187 155 270 193 149 39 226 88 92 11 91; 
45.23800000000004 0 7.287999999999968 1 37.95000000000002 0 365 451 387 489 382 403; 1 139 299 115 298 50 146 307 180 308 317 314 132 196 128 246 123 187 155 127 193 149 39 226 88 92 11 91 47; 
47.02800000000005 0 5.137999999999966 1 41.88999999999999 0 365 451 489 382; 1 139 299 115 298 50 146 307 78 4 308 317 314 132 196 128 246 123 187 155 127 193 149 39 226 88 92 183 11 91 97 182; 
48.307999999999915 0 5.089999999999969 1 43.21799999999998 0 365 451 489 382; 1 139 299 115 298 50 146 307 78 4 308 317 314 132 196 128 246 123 187 155 127 193 149 39 226 88 92 183 11 91 97 182 126; 
49.6759999999999 0 5.06799999999997 1 44.60800000000001 0 365 451 489 382; 1 139 262 115 298 50 146 307 78 4 308 317 314 132 196 128 246 123 187 155 127 193 149 39 226 88 92 183 11 91 97 182 126 276; 
50.84199999999987 0 5.099999999999974 1 45.74200000000001 0 489 382 365 451; 1 128 139 115 39 88 314 91 132 127 4 246 226 276 187 193 307 262 126 149 146 78 11 155 97 183 50 196 317 298 92 123 182 308 190; 
51.5839999999999 0 7.215999999999975 1 44.36800000000004 0 489 415 436 382 365 451; 1 128 139 115 39 88 314 91 4 246 226 276 187 193 307 262 126 149 146 78 11 155 97 183 50 196 317 298 92 123 182 308 190 60; 
53.4819999999999 0 7.315999999999973 1 46.16599999999997 0 489 415 382 365 451 360; 1 128 139 115 39 88 314 91 270 347 246 226 276 187 193 307 262 126 149 146 78 11 155 97 183 50 196 317 298 92 123 182 308 259 60; 
