1.440000000000001 0 0.0 1 1.440000000000001 0 1 123; 
3.0059999999999882 0 0.014 1 2.9919999999999884 0 1 123 347; 
4.343999999999973 0 0.0 1 4.343999999999973 0 1 123 347 135; 
5.921999999999967 0 0.008 1 5.913999999999967 0 1 347 123 135 139; 
7.449999999999961 0 0.012 1 7.437999999999961 0 1 347 123 135 139 262; 
8.935999999999968 0 0.020000000000000004 1 8.915999999999967 0 1 262 139 123 347 135 314; 
10.385999999999973 0 0.012 1 10.373999999999972 0 1 262 139 123 347 135 314 125; 
11.943999999999958 0 0.09600000000000006 1 11.847999999999958 0 1 262 139 123 347 135 314 125 345; 
13.25599999999996 0 0.07800000000000004 1 13.177999999999956 0 1 262 139 123 347 135 314 125 345 119; 
14.515999999999957 0 0.08000000000000004 1 14.435999999999956 0 1 262 139 123 347 135 314 125 345 119 137; 
15.953999999999963 0 0.03200000000000001 1 15.921999999999962 0 1 314 125 123 347 139 262 135 119 137 105 124; 
17.073999999999987 0 0.10000000000000006 1 16.97399999999999 0 1 314 125 123 347 139 262 135 286 137 105 124 4; 
18.32599999999999 0 0.08200000000000003 1 18.243999999999993 0 1 314 125 123 347 139 262 135 286 137 105 124 4 270; 
19.651999999999976 0 0.12200000000000008 1 19.529999999999976 0 1 314 125 123 347 139 262 135 286 137 105 124 270 4 261; 
21.018000000000004 0 0.12400000000000008 1 20.894 0 1 314 125 123 347 139 262 135 286 137 105 124 270 4 261 248; 
22.091999999999985 0 0.07400000000000004 1 22.01799999999998 0 1 314 125 123 347 139 262 135 286 137 105 124 261 4 270 248 257; 
23.631999999999984 0 0.1500000000000001 1 23.48199999999998 0 1 314 125 123 347 139 262 135 286 137 105 124 261 4 270 248 257 310; 
24.74599999999993 0 0.15000000000000008 1 24.59599999999993 0 1 314 125 123 347 139 262 135 286 200 105 124 261 4 270 248 257 310 60; 
26.29199999999996 0 0.1500000000000001 1 26.141999999999957 0 1 314 125 123 347 139 262 135 286 200 105 124 261 4 270 248 257 310 60 193; 
27.467999999999925 0 0.16000000000000011 1 27.307999999999943 0 1 314 125 123 347 139 262 135 286 137 105 124 261 4 270 248 257 310 60 193 235; 
28.97999999999995 0 0.1440000000000001 1 28.835999999999952 0 1 314 125 123 347 139 262 135 286 137 105 124 261 4 270 248 257 310 235 193 60 318; 
30.563999999999968 0 0.17000000000000012 1 30.393999999999956 0 1 314 125 123 347 139 262 135 286 137 105 124 261 4 270 248 257 310 235 193 60 318 82; 
31.44999999999998 0 0.1540000000000001 1 31.295999999999978 0 1 314 125 123 347 139 262 135 286 137 105 124 261 4 270 248 257 310 235 193 60 318 82 205; 
33.07800000000001 0 0.21000000000000013 1 32.867999999999995 0 1 314 125 333 347 139 262 135 286 137 105 124 257 318 60 193 261 4 82 248 205 310 270 235 104; 
34.170000000000016 0 0.34000000000000025 1 33.83000000000001 0 1 314 125 333 347 139 262 135 286 137 105 124 257 318 60 193 261 4 230 248 205 310 270 235 104 132; 
35.178 0 1.6320000000000012 1 33.546000000000035 0 370; 1 314 125 333 347 139 262 135 286 137 105 345 257 78 60 193 261 4 230 248 310 270 235 104 132 18; 
37.00600000000005 0 0.3080000000000002 1 36.69800000000005 0 1 314 125 123 347 139 262 135 286 126 105 124 257 78 60 193 261 4 82 248 205 310 270 235 104 32 18 102; 
38.15600000000004 0 0.4000000000000003 1 37.756000000000036 0 1 314 125 123 347 139 299 135 286 126 105 124 257 78 60 193 261 4 82 248 205 310 270 235 104 32 18 102 90; 
39.507999999999996 0 1.5120000000000011 1 37.996 0 385; 1 314 125 123 347 139 299 135 286 126 105 124 257 78 60 193 261 4 82 205 310 270 235 104 32 208 102 90 18; 
40.54400000000004 0 1.6960000000000013 1 38.84800000000004 0 385; 1 314 125 123 347 139 299 135 286 126 105 124 257 78 22 193 261 4 82 205 310 270 235 104 32 208 11 90 18 271; 
41.646000000000015 0 1.7920000000000014 1 39.85399999999998 0 385; 1 314 125 123 347 139 63 135 286 126 105 124 78 11 90 193 271 4 82 205 104 270 235 32 257 310 261 22 18 208 299; 
43.22200000000004 0 1.6680000000000013 1 41.55400000000002 0 385; 1 314 125 123 347 139 63 135 286 126 105 124 78 11 90 193 271 4 82 205 104 270 235 32 257 310 261 22 18 208 299 45; 
43.98399999999998 0 1.7920000000000014 1 42.19200000000004 0 397; 1 11 314 78 18 76 268 32 104 248 271 45 270 90 147 124 4 82 105 205 126 299 235 286 135 310 261 22 139 208 123 125 71; 
45.44200000000003 0 0.7320000000000005 1 44.71000000000003 0 1 11 314 78 117 18 63 257 32 104 248 271 45 270 90 147 124 4 230 105 205 126 299 235 286 135 115 261 22 139 208 123 125 71 246; 
46.82399999999998 0 0.6680000000000005 1 46.155999999999985 0 1 11 314 78 117 18 63 257 32 104 248 331 45 270 90 147 124 4 230 105 205 137 299 235 286 135 115 261 22 139 208 123 125 71 246 333; 
48.24200000000003 0 0.7480000000000006 1 47.49400000000001 0 1 11 314 78 117 18 63 257 32 104 248 331 45 270 90 147 124 4 230 105 205 126 299 235 286 135 115 261 22 139 208 123 125 71 246 333 250; 
49.66799999999995 0 0.8220000000000006 1 48.84599999999996 0 1 11 314 78 117 18 63 257 32 104 248 194 45 270 90 147 124 4 230 105 205 126 299 235 286 135 115 261 22 139 208 123 125 71 246 333 250 132; 
50.627999999999915 0 0.7860000000000006 1 49.841999999999935 0 1 11 314 78 117 18 63 257 32 104 248 194 45 270 90 147 124 4 230 105 205 137 299 94 286 135 88 261 22 139 187 123 125 71 246 333 250 132 284; 
52.833999999999904 0 1.9580000000000015 1 50.875999999999884 0 365; 1 11 314 78 1 18 63 257 32 42 248 194 45 270 147 124 4 290 105 205 137 299 94 286 135 115 72 22 139 187 123 125 71 246 333 250 132 284 233; 
54.01599999999987 0 3.297999999999984 1 50.71799999999989 0 365 375; 1 11 314 78 1 18 63 257 32 42 248 194 45 270 147 345 4 290 105 126 299 200 286 135 115 72 22 139 187 123 125 71 246 333 250 132 284 168 277; 
