1.5760000000000012 0 0.006 1 1.5700000000000012 0 1 262; 
3.0299999999999896 0 0.01 1 3.0199999999999894 0 1 262 347; 
4.31399999999997 0 0.012 1 4.30199999999997 0 1 262 347 12; 
5.499999999999968 0 0.016 1 5.483999999999969 0 1 262 347 12 50; 
7.25199999999996 0 0.012 1 7.239999999999961 0 1 262 347 12 50 139; 
8.979999999999977 0 0.014 1 8.965999999999976 0 1 262 347 12 50 139 301; 
10.685999999999982 0 0.024000000000000007 1 10.661999999999983 0 1 347 262 301 50 139 12 250; 
11.905999999999956 0 0.014 1 11.891999999999959 0 1 347 262 301 50 139 12 250 307; 
13.333999999999962 0 0.016 1 13.317999999999964 0 1 347 262 301 50 139 12 250 307 32; 
14.867999999999954 0 0.030000000000000006 1 14.837999999999957 0 1 347 262 301 50 139 12 250 32 307 83; 
16.491999999999976 0 0.03400000000000001 1 16.457999999999974 0 1 347 262 301 50 139 12 250 32 307 83 123; 
17.55599999999996 0 0.04000000000000002 1 17.515999999999966 0 1 347 262 301 50 139 12 250 32 307 83 123 203; 
19.08199999999999 0 0.058000000000000024 1 19.02399999999999 0 1 123 12 32 50 203 262 347 307 139 83 301 250 227; 
20.27599999999999 0 0.04000000000000001 1 20.235999999999986 0 1 123 12 32 50 203 262 347 307 139 83 301 250 227 62; 
21.72799999999999 0 0.034000000000000016 1 21.69399999999999 0 1 123 12 32 50 203 262 347 307 139 83 301 250 227 62 141; 
23.033999999999963 0 0.04600000000000001 1 22.987999999999964 0 1 123 12 32 50 203 262 347 307 139 83 301 250 227 62 141 212; 
24.543999999999965 0 0.05200000000000002 1 24.491999999999962 0 1 123 12 32 50 203 262 347 307 139 83 301 250 227 62 141 212 225; 
25.44799999999995 0 0.030000000000000013 1 25.417999999999946 0 1 123 12 32 50 203 262 347 307 139 83 301 250 227 225 62 212 141 273; 
27.23399999999993 0 0.05600000000000002 1 27.17799999999993 0 1 123 12 32 50 203 262 347 307 139 83 301 250 227 225 62 212 141 273 115; 
28.37399999999993 0 0.07000000000000003 1 28.303999999999927 0 1 123 12 32 50 203 262 347 307 139 83 301 250 227 225 62 212 141 273 115 290; 
29.765999999999973 0 0.08400000000000006 1 29.68199999999997 0 1 123 12 32 50 203 262 347 307 139 83 301 250 227 225 62 212 141 273 290 115 207; 
31.04199999999994 0 0.1520000000000001 1 30.889999999999944 0 1 123 12 32 50 203 262 347 307 139 83 301 250 227 225 62 212 141 273 290 115 207 132; 
32.227999999999966 0 1.322000000000001 1 30.905999999999977 0 358; 1 123 12 32 50 203 262 347 307 139 246 301 250 227 225 62 212 141 273 115 207 132 214; 
33.992000000000004 0 1.288000000000001 1 32.703999999999986 0 358; 1 123 12 32 50 203 262 347 307 139 246 301 250 227 225 62 212 141 273 115 207 132 214 318; 
34.94200000000005 0 3.5699999999999674 1 31.37199999999997 0 358 494 373; 1 123 12 32 50 203 262 347 307 139 246 301 250 227 225 62 212 141 273 207 30 214 318; 
36.50200000000003 0 3.61199999999997 1 32.89000000000001 0 358 494 373; 1 123 12 32 50 203 262 347 307 139 246 301 250 227 225 62 212 141 273 207 30 214 318 132; 
37.066000000000024 0 4.771999999999979 1 32.29399999999999 0 494 496 358 402; 1 273 32 30 262 207 318 139 246 301 250 227 123 307 232 347 225 62 141 203 50 212 12 190; 
38.570000000000064 0 4.729999999999977 1 33.83999999999999 0 494 496 358 402; 1 273 32 30 262 207 318 139 246 301 250 227 123 307 232 347 225 62 141 203 50 212 12 190 193; 
39.97200000000004 0 4.7319999999999816 1 35.24000000000005 0 494 496 358 402; 1 273 32 30 262 207 318 139 246 301 250 227 123 307 232 347 225 62 141 203 50 212 12 190 193 145; 
41.18800000000002 0 5.997999999999955 1 35.19000000000005 0 494 496 358 375 402; 1 273 32 30 262 207 318 139 246 301 250 227 123 307 232 347 225 62 342 50 212 12 190 145 193 316; 
42.36400000000001 0 6.227999999999952 1 36.135999999999974 0 373 358 375 402 450; 1 234 333 32 30 262 207 318 139 246 301 250 227 123 307 132 180 225 62 342 50 212 12 190 145 316 127; 
43.41600000000006 0 6.243999999999952 1 37.17200000000001 0 373 358 451 402 450; 1 234 333 32 30 262 207 318 139 246 301 250 227 123 307 132 225 62 141 213 50 212 12 190 145 316 127 180; 
44.798 0 3.9679999999999676 1 40.83000000000003 0 373 451 450; 1 234 333 32 30 262 207 318 139 246 301 250 227 123 307 290 132 225 62 141 213 50 214 212 12 190 145 316 127 180 40; 
46.029999999999994 0 5.1279999999999735 1 40.90200000000006 0 373 451 450 436; 1 234 333 32 30 262 207 318 139 246 67 250 227 123 307 290 132 225 62 141 213 50 214 212 12 190 145 316 180 40 39; 
47.34399999999997 0 4.067999999999969 1 43.27600000000005 0 451 450 436; 1 234 333 32 92 30 262 207 318 139 246 67 250 227 123 307 290 132 225 62 141 213 50 214 212 12 190 145 316 180 39 40 310; 
48.67199999999994 0 2.8379999999999903 1 45.833999999999946 0 451 436; 1 234 333 32 92 30 262 207 318 139 246 67 250 227 123 307 290 132 225 62 342 213 50 214 212 12 190 145 193 316 180 39 40 310 149; 
49.50399999999992 0 6.29199999999995 1 43.21200000000004 0 459 451 375 436 485; 1 234 333 32 92 262 207 318 139 246 67 250 227 123 307 290 232 225 62 342 50 214 212 12 271 145 193 316 180 39 40 310 149; 
51.359999999999886 0 6.439999999999953 1 44.91999999999998 0 459 451 375 436 485; 1 234 333 32 92 262 207 318 139 246 301 250 227 123 307 290 232 225 62 342 50 214 212 12 271 145 193 316 180 39 40 310 149 196; 
51.96599999999982 0 6.301999999999954 1 45.66400000000005 0 459 451 375 421 436; 1 234 333 32 92 262 207 318 139 246 301 250 227 123 307 290 232 225 62 342 50 214 212 12 271 145 193 316 180 40 310 149 95 196 132; 
53.219999999999885 0 8.389999999999983 1 44.82999999999996 0 459 358 451 375 421 436 365; 1 234 333 32 92 262 207 318 139 246 301 250 227 123 307 232 225 62 342 50 214 212 12 271 145 193 316 180 40 310 149 95 196 132; 
