1.462000000000001 0 0.006 1 1.456000000000001 0 1 347; 
2.9979999999999913 0 0.014 1 2.983999999999991 0 1 347 262; 
4.64599999999998 0 0.0 1 4.64599999999998 0 1 347 262 139; 
6.157999999999966 0 0.012 1 6.145999999999966 0 1 139 262 347 115; 
7.551999999999956 0 0.026000000000000002 1 7.525999999999956 0 1 139 262 347 115 124; 
9.055999999999973 0 0.016 1 9.039999999999973 0 1 139 262 347 115 124 50; 
10.835999999999961 0 0.022000000000000006 1 10.81399999999996 0 1 139 262 347 115 124 50 261; 
12.237999999999975 0 0.022000000000000006 1 12.215999999999973 0 1 124 50 347 262 261 139 115 270; 
13.58599999999997 0 0.018000000000000002 1 13.567999999999968 0 1 124 50 347 262 261 139 115 270 307; 
15.06399999999997 0 0.038000000000000006 1 15.025999999999968 0 1 124 50 347 262 261 139 115 270 307 196; 
16.357999999999958 0 0.04400000000000001 1 16.313999999999954 0 1 124 50 347 262 261 139 115 270 307 196 266; 
18.01999999999999 0 0.04200000000000001 1 17.977999999999994 0 1 124 50 347 262 261 139 115 270 266 307 196 34; 
19.219999999999978 0 0.044000000000000025 1 19.17599999999997 0 1 124 50 347 262 261 139 115 270 266 307 196 34 123; 
20.75199999999998 0 0.060000000000000026 1 20.691999999999968 0 1 270 115 34 196 261 123 50 124 139 262 347 266 307 318; 
22.149999999999995 0 0.056000000000000036 1 22.093999999999994 0 1 270 115 34 196 261 123 50 124 139 262 347 266 307 318 146; 
23.455999999999985 0 0.05200000000000002 1 23.403999999999986 0 1 270 115 34 196 261 123 50 124 139 262 347 266 307 318 146 110; 
25.29799999999994 0 0.044000000000000025 1 25.25399999999994 0 1 270 115 34 196 261 123 50 124 139 262 347 266 307 318 146 110 219; 
25.949999999999946 0 0.026000000000000006 1 25.923999999999943 0 1 270 115 34 196 261 123 50 124 139 262 347 266 307 318 146 110 219 135; 
27.92199999999993 0 0.042000000000000016 1 27.879999999999924 0 1 270 115 34 196 261 123 50 124 139 262 347 266 307 318 146 110 219 135 284; 
28.449999999999932 0 0.052000000000000025 1 28.39799999999992 0 1 270 115 34 196 261 123 50 124 139 262 347 266 307 318 146 110 219 135 284 203; 
30.11999999999998 0 0.06000000000000004 1 30.059999999999977 0 1 110 262 203 196 261 123 50 124 284 318 347 266 307 146 219 135 270 139 34 115 18; 
31.597999999999963 0 0.08000000000000004 1 31.51799999999995 0 1 110 262 203 196 261 123 50 124 284 318 347 266 307 146 219 135 270 139 34 115 18 88; 
32.821999999999996 0 0.07600000000000005 1 32.74599999999999 0 1 110 262 203 196 261 123 50 124 284 318 347 266 307 146 219 135 270 139 34 115 18 88 89; 
33.552 0 1.2060000000000008 1 32.34599999999998 0 402; 1 110 262 203 196 123 50 124 284 318 347 266 307 146 219 135 270 139 34 115 18 88 89 84; 
35.254000000000005 0 1.2460000000000009 1 34.00800000000001 0 402; 1 110 262 203 196 141 50 124 284 318 347 266 307 146 219 135 270 139 234 115 18 88 89 84 227; 
36.644000000000055 0 1.286000000000001 1 35.358 0 402; 1 110 262 203 196 141 50 124 284 318 347 266 307 146 219 135 270 139 34 115 18 88 89 84 338 248; 
37.65000000000005 0 1.2080000000000009 1 36.442000000000036 0 402; 1 110 262 203 196 141 50 124 284 318 347 266 307 146 219 135 270 139 34 115 18 84 88 248 338 89 102; 
39.25200000000001 0 1.368000000000001 1 37.88400000000004 0 402; 1 110 262 203 196 141 50 124 284 318 347 266 307 146 219 135 270 139 234 115 18 84 88 248 227 89 102 132; 
40.876000000000026 0 1.330000000000001 1 39.54600000000002 0 402; 1 110 262 203 196 141 50 124 284 318 347 266 307 146 219 135 270 139 234 115 18 84 88 248 227 214 102 132 313; 
41.39800000000005 0 2.405999999999998 1 38.992000000000004 0 402 489; 1 110 262 203 196 141 50 124 284 318 347 266 307 146 219 135 270 139 234 115 18 84 88 248 227 214 102 313 132; 
42.89000000000002 0 2.515999999999997 1 40.37400000000008 0 402 489; 1 110 262 203 196 141 50 124 284 318 347 266 307 146 219 135 270 139 234 115 18 84 88 248 227 214 102 313 132 127; 
44.17400000000005 0 2.4679999999999964 1 41.70599999999997 0 402 489; 1 110 262 203 196 141 50 124 284 318 347 266 307 146 219 135 270 139 234 115 18 132 214 248 227 102 84 127 56 88 125; 
45.47399999999999 0 2.471999999999997 1 43.001999999999924 0 402 489; 1 110 262 203 196 141 50 124 284 318 347 266 307 146 219 135 270 139 234 115 18 132 214 248 227 102 84 127 56 88 125 336; 
46.43799999999996 0 1.422000000000001 1 45.01600000000003 0 402; 1 110 262 203 196 123 50 124 284 318 347 266 307 146 219 135 270 139 234 115 18 132 214 248 227 102 84 127 212 56 88 125 336 193; 
47.549999999999905 0 1.436000000000001 1 46.114000000000004 0 402; 1 110 262 203 196 123 50 124 284 318 347 266 307 146 219 135 270 139 234 115 18 132 214 248 227 102 84 127 212 56 88 125 336 193 103; 
49.11399999999992 0 2.6439999999999917 1 46.46999999999998 0 402 370; 1 110 262 203 196 247 50 124 284 318 347 266 307 146 219 135 291 139 234 115 18 132 214 248 311 102 84 127 56 88 125 336 193 103 207; 
50.33599999999991 0 2.6719999999999917 1 47.664 0 402 370; 1 18 139 203 196 56 132 124 193 318 347 266 336 214 219 102 291 262 311 115 248 103 110 234 135 207 127 146 307 88 284 50 247 84 109 105; 
51.38399999999991 0 2.597999999999991 1 48.78599999999989 0 402 489; 1 18 139 203 196 56 132 124 193 318 347 266 336 214 219 102 291 262 311 115 248 103 110 234 135 207 127 146 307 88 284 50 209 84 125 105 250; 
53.11599999999994 0 1.5060000000000011 1 51.609999999999914 0 402; 1 18 139 203 196 56 132 124 193 318 347 266 336 214 219 102 291 262 311 115 248 103 212 110 150 135 207 127 146 307 88 284 50 209 84 125 105 250 340; 
54.129999999999825 0 1.5060000000000011 1 52.623999999999945 0 402; 1 18 139 203 196 56 132 124 193 318 347 266 336 214 219 102 291 262 311 115 248 103 212 110 150 135 207 127 146 307 88 284 50 209 84 125 105 250 340 106; 
