1.6560000000000012 0 0.016 1 1.6400000000000012 0 1 262; 
2.913999999999991 0 0.002 1 2.9119999999999906 0 1 262 307; 
4.473999999999978 0 0.01 1 4.463999999999978 0 1 262 307 50; 
5.927999999999963 0 0.01 1 5.917999999999963 0 1 307 262 50 347; 
7.5079999999999565 0 0.014 1 7.493999999999956 0 1 307 262 50 347 139; 
9.163999999999966 0 0.030000000000000006 1 9.133999999999965 0 1 307 262 50 347 139 314; 
10.701999999999972 0 0.014 1 10.68799999999997 0 1 50 307 262 139 347 314 105; 
11.97999999999995 0 0.016 1 11.96399999999995 0 1 50 307 262 139 347 314 105 45; 
13.391999999999955 0 0.024 1 13.367999999999956 0 1 50 307 262 139 347 314 105 45 226; 
15.04399999999996 0 0.024000000000000004 1 15.019999999999955 0 1 105 347 262 139 45 314 226 50 307 34; 
16.30799999999997 0 0.02 1 16.287999999999965 0 1 105 347 262 139 45 314 226 50 307 34 240; 
17.521999999999963 0 0.032000000000000015 1 17.489999999999966 0 1 105 347 262 139 45 314 226 50 307 34 240 119; 
18.985999999999972 0 0.03800000000000001 1 18.947999999999976 0 1 105 347 262 139 45 314 226 50 307 34 240 119 123; 
20.275999999999982 0 0.030000000000000006 1 20.24599999999998 0 1 105 347 262 139 45 314 226 50 307 34 240 123 119 340; 
21.68799999999996 0 0.05000000000000002 1 21.63799999999996 0 1 105 347 262 139 45 314 226 50 307 34 240 123 119 340 125; 
23.18599999999997 0 0.04600000000000003 1 23.13999999999997 0 1 105 347 262 139 45 314 226 50 307 34 240 123 119 340 125 18; 
24.553999999999952 0 0.10200000000000006 1 24.45199999999996 0 1 105 347 262 139 45 314 226 50 307 34 240 123 119 340 125 18 261; 
25.709999999999933 0 0.1760000000000001 1 25.53399999999991 0 1 345 347 262 139 45 314 226 50 307 34 240 123 119 340 261 18 125 310; 
26.599999999999937 0 1.2320000000000009 1 25.367999999999945 0 438; 1 345 347 262 45 314 226 50 307 34 240 123 119 340 261 18 125 310 196; 
28.42999999999993 0 1.2440000000000009 1 27.185999999999925 0 438; 1 345 347 262 45 314 226 50 307 34 240 123 119 340 261 18 125 310 196 225; 
29.423999999999936 0 1.284000000000001 1 28.139999999999954 0 438; 1 345 347 262 45 314 226 50 307 34 240 123 119 340 261 18 125 310 225 260 127; 
30.87399999999996 0 1.292000000000001 1 29.581999999999972 0 438; 1 345 347 262 45 314 226 50 307 34 240 123 119 340 261 18 125 310 225 260 127 146; 
32.17199999999999 0 1.368000000000001 1 30.803999999999952 0 438; 1 345 347 262 45 314 226 50 307 34 240 123 119 340 261 18 125 310 146 260 225 127 330; 
33.93999999999998 0 0.1700000000000001 1 33.769999999999996 0 1 105 347 262 139 45 314 226 50 307 34 240 123 119 340 261 18 125 310 146 196 225 127 330 313; 
35.346000000000025 0 0.2840000000000002 1 35.06200000000004 0 1 105 347 262 139 45 314 226 50 307 34 240 123 286 340 261 18 125 310 146 260 225 127 330 313 180; 
36.64200000000006 0 0.44400000000000034 1 36.19800000000004 0 1 105 347 262 139 45 132 226 337 307 34 240 123 286 340 261 18 125 246 146 260 225 127 330 313 180 315; 
37.59 0 1.5120000000000011 1 36.07800000000007 0 435; 1 105 347 262 139 45 314 226 337 307 240 123 286 340 261 18 125 246 146 260 225 127 330 313 4 315 132; 
38.12600000000003 0 1.492000000000001 1 36.63400000000009 0 435; 1 105 347 262 139 45 314 226 337 307 340 330 132 246 313 225 315 127 18 146 240 261 196 4 119 125 123 3; 
39.964000000000006 0 1.5540000000000012 1 38.410000000000046 0 435; 1 105 347 262 139 45 314 226 337 307 340 330 132 246 313 225 315 127 18 146 240 261 196 4 119 125 123 3 31; 
41.170000000000016 0 2.5979999999999928 1 38.572000000000024 0 364 435; 1 105 262 139 45 314 226 337 307 340 330 132 246 313 225 315 127 18 146 240 261 196 180 119 125 123 3 31 118; 
41.99000000000004 0 2.597999999999995 1 39.39200000000003 0 364 435; 1 105 262 139 45 314 226 337 307 340 330 132 246 313 225 315 127 18 146 240 261 196 180 119 125 123 3 31 118 32; 
43.592 0 2.6779999999999915 1 40.91400000000004 0 364 435; 1 105 262 139 45 314 226 337 307 340 330 208 246 313 225 315 127 18 146 240 261 196 180 119 125 123 3 31 118 32 132; 
45.212000000000025 0 2.83199999999999 1 42.38000000000004 0 364 435; 1 105 299 139 45 314 226 337 307 340 330 208 246 313 225 95 127 18 146 240 261 196 180 119 125 123 3 31 118 32 132 53; 
45.728000000000044 0 2.8039999999999914 1 42.92400000000008 0 364 435; 1 105 299 139 45 314 226 337 307 340 330 208 246 313 225 95 127 18 146 240 261 196 180 119 125 123 3 132 32 53 31 22 230; 
47.795999999999985 0 2.85399999999999 1 44.942000000000036 0 364 435; 1 105 299 139 45 314 226 337 307 340 330 208 246 313 225 95 127 18 146 240 261 196 180 119 125 123 3 132 32 53 31 22 230 78; 
48.87599999999992 0 2.935999999999988 1 45.939999999999955 0 364 435; 1 105 299 139 45 314 226 337 307 340 330 208 246 313 225 95 127 18 146 240 261 196 180 119 125 123 3 132 32 53 31 22 230 78 223; 
49.609999999999886 0 4.049999999999975 1 45.560000000000066 0 364 435 404; 1 105 299 139 45 314 226 126 307 340 330 208 246 313 225 95 127 18 146 240 261 196 180 119 125 123 3 132 32 53 31 22 230 78 223; 
50.91599999999994 0 4.089999999999971 1 46.826000000000015 0 364 435 404; 1 105 262 139 45 314 226 126 307 340 330 208 246 313 225 95 127 18 146 240 261 260 180 119 198 123 3 132 32 53 31 22 230 223 78 42; 
52.55399999999991 0 3.9879999999999693 1 48.56599999999992 0 364 435 404; 1 105 299 139 45 314 226 126 307 340 330 208 88 313 225 95 127 18 146 240 261 260 180 119 44 123 158 132 32 53 31 22 230 223 78 42 246; 
53.6559999999999 0 5.2439999999999705 1 48.411999999999985 0 430 435 365 404; 1 105 299 139 45 314 226 126 237 340 330 208 88 313 225 95 127 18 146 240 260 180 119 44 123 158 132 32 53 31 150 290 223 78 42 246 116; 
