1.8040000000000014 0 0.0 1 1.8040000000000014 0 1 301; 
3.1999999999999895 0 0.018000000000000002 1 3.1819999999999893 0 1 301 203; 
4.905999999999975 0 0.012 1 4.893999999999975 0 1 301 203 196; 
5.971999999999964 0 0.012 1 5.959999999999964 0 1 301 203 196 123; 
7.615999999999953 0 0.022000000000000006 1 7.593999999999953 0 1 301 203 196 123 50; 
9.119999999999978 0 0.016 1 9.103999999999978 0 1 301 203 196 123 50 139; 
10.63399999999996 0 0.016 1 10.617999999999963 0 1 301 203 196 123 50 139 262; 
11.88999999999998 0 0.03400000000000001 1 11.85599999999998 0 1 301 203 196 123 50 139 262 148; 
13.431999999999947 0 0.018000000000000002 1 13.41399999999995 0 1 301 203 196 123 50 139 262 148 227; 
14.945999999999946 0 0.018000000000000002 1 14.92799999999995 0 1 123 227 148 301 139 196 262 50 203 261; 
16.103999999999978 0 0.02600000000000001 1 16.07799999999998 0 1 123 227 148 301 139 196 262 50 203 261 110; 
18.06199999999998 0 0.03600000000000002 1 18.025999999999982 0 1 123 227 148 301 139 196 262 50 203 261 110 102; 
18.885999999999974 0 0.04000000000000001 1 18.84599999999998 0 1 123 227 148 301 139 196 262 50 203 261 102 110 273; 
20.781999999999982 0 0.042000000000000016 1 20.73999999999999 0 1 123 227 148 301 139 196 262 50 203 261 102 110 273 337; 
21.839999999999982 0 0.05200000000000003 1 21.787999999999986 0 1 123 227 148 301 139 196 262 50 203 261 102 110 273 337 280; 
23.24599999999995 0 0.06400000000000004 1 23.181999999999952 0 1 123 227 148 301 139 196 262 50 203 261 102 110 273 337 280 138; 
24.32199999999997 0 0.062000000000000034 1 24.259999999999977 0 1 123 227 148 301 139 196 262 50 203 261 102 110 273 138 280 337 72; 
25.88599999999997 0 0.07400000000000004 1 25.81199999999997 0 1 123 227 148 301 139 196 262 50 203 261 102 110 273 138 280 337 72 173; 
27.569999999999954 0 0.09800000000000006 1 27.471999999999962 0 1 261 110 148 301 139 196 72 337 173 123 203 280 102 273 50 262 138 227 225; 
28.90599999999994 0 0.09600000000000006 1 28.80999999999994 0 1 261 110 148 301 139 196 72 337 173 123 203 280 102 273 50 262 138 227 225 318; 
30.401999999999973 0 0.060000000000000026 1 30.341999999999963 0 1 261 110 148 301 139 196 72 337 173 123 203 280 102 273 50 262 138 227 225 318 124; 
31.59599999999998 0 0.08200000000000006 1 31.513999999999996 0 1 261 110 148 301 139 196 72 337 173 123 203 280 102 273 50 262 138 227 225 318 124 98; 
32.70999999999997 0 0.10200000000000006 1 32.607999999999976 0 1 261 110 148 301 139 196 72 337 173 123 203 280 102 273 50 262 138 227 225 318 98 124 30; 
34.013999999999996 0 0.09200000000000007 1 33.922 0 1 261 110 148 301 139 196 72 337 173 123 203 280 102 273 50 262 138 227 225 318 98 124 30 83; 
35.43799999999998 0 0.1380000000000001 1 35.300000000000004 0 1 261 110 148 301 139 196 72 337 173 123 203 280 102 273 50 262 138 227 225 30 124 83 318 98 78; 
36.40000000000002 0 0.1800000000000001 1 36.22000000000002 0 1 261 110 148 301 139 196 72 337 173 123 203 280 102 273 50 262 138 227 225 30 124 83 318 98 78 266; 
38.306 0 0.18200000000000013 1 38.123999999999995 0 1 261 110 148 301 139 196 72 337 173 123 203 280 102 273 50 262 138 227 225 30 124 83 318 98 78 266 127; 
39.21400000000004 0 0.18400000000000014 1 39.03000000000003 0 1 261 110 148 301 139 196 72 337 173 123 203 280 102 273 50 262 138 227 225 30 124 83 318 98 78 266 127 64; 
40.62400000000005 0 0.1760000000000001 1 40.44800000000006 0 1 261 110 148 301 139 196 72 337 173 123 203 280 102 273 50 262 138 227 225 124 98 83 318 78 64 30 266 127 296; 
41.902000000000015 0 0.14200000000000007 1 41.76000000000003 0 1 261 110 148 301 139 196 72 337 173 123 203 280 102 273 50 262 138 227 225 124 98 83 318 78 64 30 266 127 296 185; 
43.41600000000002 0 0.18200000000000013 1 43.23400000000004 0 1 261 110 148 301 139 196 72 337 173 123 203 280 102 273 50 262 138 227 225 124 98 83 318 78 64 30 266 127 296 185 141; 
44.698 0 0.17200000000000013 1 44.52600000000002 0 1 261 110 148 301 139 196 72 337 173 123 203 280 102 273 50 262 138 227 225 124 98 83 318 78 64 30 266 127 296 185 141 276; 
46.34199999999999 0 0.21800000000000017 1 46.12399999999996 0 1 261 110 148 301 139 196 72 337 173 123 203 280 102 273 50 262 138 227 225 124 98 83 318 78 64 30 266 127 296 141 276 185 18; 
46.85199999999996 0 0.21600000000000016 1 46.63599999999994 0 1 261 110 148 301 139 196 72 337 173 123 203 280 102 273 50 262 138 227 225 124 98 83 318 78 64 30 266 127 296 141 276 185 18 328; 
48.87999999999993 0 0.2620000000000002 1 48.617999999999945 0 1 261 110 148 301 139 196 72 337 173 123 203 280 102 273 50 262 138 227 225 124 98 83 318 78 64 30 266 127 296 141 276 185 18 328 260; 
49.9459999999999 0 0.2420000000000002 1 49.70399999999991 0 1 261 110 148 301 139 196 72 337 173 123 203 280 102 273 50 262 138 227 225 124 98 83 318 78 64 30 266 127 296 260 185 18 141 328 276 24; 
51.11799999999993 0 0.25200000000000017 1 50.86599999999993 0 1 261 110 148 301 139 196 72 337 173 123 203 280 102 273 50 262 138 227 225 124 98 83 318 78 64 30 266 127 296 260 185 18 141 328 276 24 105; 
52.249999999999865 0 0.2640000000000002 1 51.98599999999984 0 1 261 110 148 301 139 196 72 337 173 123 203 280 102 273 50 262 138 227 225 124 98 83 318 78 64 30 266 127 296 260 185 18 141 328 276 24 105 226; 
53.663999999999895 0 0.21600000000000016 1 53.447999999999844 0 1 261 110 148 301 139 196 72 337 173 123 203 280 102 273 50 262 138 227 225 124 98 83 318 78 64 30 266 127 296 260 185 18 141 328 276 24 105 226 2; 
54.74799999999988 0 1.384000000000001 1 53.36399999999991 0 378; 1 261 110 148 301 139 196 72 337 173 123 203 102 273 50 262 138 227 225 124 98 83 318 78 64 30 266 127 296 260 185 18 141 328 276 24 226 105 2 146; 
