1.6280000000000012 0 0.006 1 1.6220000000000012 0 1 115; 
3.243999999999982 0 0.004 1 3.239999999999982 0 1 115 196; 
4.935999999999969 0 0.014 1 4.9219999999999695 0 1 115 196 301; 
6.647999999999964 0 0.006 1 6.641999999999964 0 1 115 196 301 328; 
7.783999999999968 0 0.030000000000000006 1 7.753999999999968 0 1 115 196 301 328 83; 
9.297999999999968 0 0.032000000000000015 1 9.26599999999997 0 1 115 196 301 328 83 203; 
10.577999999999953 0 0.030000000000000013 1 10.547999999999954 0 1 115 196 301 328 83 203 162; 
12.185999999999952 0 0.032000000000000015 1 12.153999999999954 0 1 115 196 301 328 83 203 162 102; 
13.493999999999954 0 0.012 1 13.481999999999953 0 1 115 196 301 328 83 203 162 102 110; 
14.953999999999965 0 0.024000000000000007 1 14.92999999999996 0 1 115 196 301 328 83 203 162 110 102 276; 
16.36799999999996 0 0.016 1 16.35199999999996 0 1 115 196 301 328 83 203 162 110 102 276 64; 
17.46199999999998 0 0.04600000000000003 1 17.41599999999998 0 1 203 162 115 83 102 196 328 276 64 110 301 185; 
19.28999999999999 0 0.048000000000000015 1 19.24199999999999 0 1 203 162 115 83 102 196 328 276 64 110 301 185 261; 
20.58799999999999 0 0.016 1 20.571999999999996 0 1 203 162 115 83 102 196 328 276 64 110 301 185 261 148; 
21.684000000000005 0 0.040000000000000015 1 21.644 0 1 203 162 115 83 102 196 328 276 64 110 301 185 261 148 50; 
23.141999999999943 0 0.04200000000000002 1 23.099999999999945 0 1 203 162 115 83 102 196 328 276 64 110 301 185 261 148 50 173; 
24.025999999999982 0 0.07400000000000004 1 23.951999999999984 0 1 203 162 115 83 102 196 328 276 64 110 301 185 261 148 173 50 149; 
25.85599999999996 0 0.03800000000000002 1 25.81799999999996 0 1 203 162 115 83 102 196 328 276 64 110 301 185 261 148 173 50 149 135; 
27.14999999999992 0 0.05600000000000001 1 27.093999999999916 0 1 203 162 115 83 102 196 328 276 64 110 301 185 148 50 135 149 173 261 34; 
28.421999999999922 0 0.040000000000000015 1 28.381999999999923 0 1 203 162 115 83 102 196 328 276 64 110 301 185 148 50 135 149 173 261 34 298; 
29.591999999999974 0 0.05000000000000002 1 29.541999999999955 0 1 203 162 115 83 102 196 328 276 64 110 301 185 148 50 135 149 173 261 34 298 105; 
31.109999999999967 0 0.06200000000000004 1 31.04799999999997 0 1 203 162 115 83 102 196 328 276 64 110 301 185 50 173 135 149 105 298 148 261 34 262; 
32.830000000000005 0 0.042000000000000016 1 32.78800000000001 0 1 203 162 115 83 102 196 328 276 64 110 301 185 50 173 135 149 105 298 148 261 34 262 348; 
34.04199999999998 0 0.08000000000000004 1 33.96199999999998 0 1 203 162 115 83 102 196 328 276 64 110 301 185 50 173 135 149 105 298 148 261 34 262 348 139; 
35.240000000000016 0 0.05000000000000003 1 35.190000000000005 0 1 203 162 115 83 102 196 328 276 64 110 301 185 50 173 135 149 105 298 148 261 34 262 348 139 30; 
36.33000000000003 0 0.06400000000000003 1 36.26600000000003 0 1 203 162 115 83 102 196 328 276 64 110 301 185 50 173 135 149 105 298 148 261 34 262 30 348 139 226; 
38.21000000000003 0 0.08200000000000005 1 38.12800000000005 0 1 203 162 115 83 102 196 328 276 64 110 301 185 50 173 135 149 105 298 148 261 34 262 30 348 139 226 225; 
39.33800000000004 0 0.06800000000000005 1 39.27000000000003 0 1 203 162 115 83 102 196 328 276 64 110 301 185 50 173 135 149 105 298 148 261 34 262 30 348 139 226 225 193; 
40.51200000000002 0 0.09000000000000007 1 40.42200000000001 0 1 203 162 115 83 102 196 328 276 64 110 301 185 50 173 135 149 105 298 148 261 34 262 30 348 139 226 225 193 73; 
42.09600000000006 0 0.10400000000000005 1 41.992000000000054 0 1 203 162 115 83 102 196 328 276 64 110 301 185 50 173 135 149 105 298 148 261 34 262 30 348 139 226 225 193 73 274; 
43.27200000000004 0 2.397999999999998 1 40.873999999999995 0 481 494; 1 203 162 115 83 102 196 328 276 64 110 301 185 50 173 149 105 298 148 261 262 193 30 139 226 274 225 73 348 308; 
44.14000000000003 0 2.3399999999999976 1 41.80000000000003 0 481 494; 1 203 162 115 83 102 196 328 276 64 110 301 185 50 173 149 105 298 148 261 262 193 30 139 226 274 225 73 348 308 321; 
45.719999999999985 0 2.429999999999997 1 43.29000000000002 0 462 494; 1 203 162 83 102 196 328 276 64 110 301 185 50 173 135 149 105 298 148 261 262 193 30 139 226 274 225 73 348 308 321 98; 
46.52399999999999 0 2.505999999999994 1 44.018000000000015 0 462 494; 1 203 162 83 102 196 328 276 64 110 301 185 50 173 135 149 105 298 148 261 262 193 30 139 226 274 225 73 348 308 321 98 125; 
48.303999999999974 0 2.4459999999999953 1 45.85800000000003 0 462 494; 1 203 162 83 102 196 328 276 64 110 301 185 50 173 135 149 105 298 148 261 262 193 30 139 226 274 225 73 348 308 321 98 125 141; 
49.859999999999964 0 2.491999999999995 1 47.36799999999995 0 462 494; 1 203 162 83 102 196 328 276 64 110 301 185 50 173 135 149 105 298 148 261 262 193 30 139 226 274 225 73 348 308 321 98 125 141 124; 
50.56799999999987 0 2.485999999999994 1 48.0819999999999 0 462 494; 1 203 162 83 102 196 328 276 64 110 301 185 50 173 135 149 105 298 148 261 262 193 30 139 226 274 225 73 348 308 321 98 125 141 124 280; 
51.83599999999988 0 2.467999999999997 1 49.36799999999994 0 462 494; 1 203 162 83 102 196 328 276 64 110 301 185 50 173 135 149 105 298 148 261 262 193 30 139 226 274 225 73 348 308 98 125 280 124 321 141 86; 
53.077999999999854 0 2.5659999999999923 1 50.511999999999915 0 462 494; 1 203 162 83 102 196 328 276 64 110 301 185 50 173 135 149 105 298 148 261 262 193 30 139 226 274 225 73 348 308 98 125 54 124 321 141 86 146; 
54.467999999999876 0 2.451999999999996 1 52.01599999999983 0 462 494; 1 203 162 83 102 196 328 276 64 110 301 185 50 173 135 149 105 298 148 261 262 193 30 139 226 274 225 73 348 308 98 125 54 124 321 141 86 146 181; 
