1.5960000000000012 0 0.006 1 1.5900000000000012 0 1 262; 
2.97399999999999 0 0.008 1 2.96599999999999 0 1 262 167; 
4.381999999999972 0 0.016 1 4.365999999999973 0 1 262 167 272; 
5.787999999999966 0 0.012 1 5.775999999999966 0 1 262 167 272 190; 
7.207999999999957 0 0.024000000000000004 1 7.1839999999999575 0 1 167 190 262 272 270; 
8.671999999999974 0 0.03200000000000001 1 8.639999999999972 0 1 167 190 262 272 270 347; 
9.843999999999964 0 0.020000000000000004 1 9.823999999999966 0 1 167 190 262 272 270 347 316; 
11.74199999999995 0 0.09800000000000007 1 11.64399999999995 0 1 167 190 262 272 270 347 345 34; 
13.039999999999953 0 0.09200000000000005 1 12.947999999999956 0 1 167 190 262 272 270 347 345 34 21; 
14.709999999999953 0 0.05000000000000003 1 14.65999999999995 0 1 167 190 262 272 270 316 21 34 347 105; 
15.845999999999954 0 0.03200000000000001 1 15.813999999999957 0 1 167 190 262 272 270 316 21 34 347 105 317; 
17.575999999999972 0 0.05200000000000002 1 17.52399999999998 0 1 167 190 262 272 270 316 21 34 347 105 317 173; 
18.91399999999999 0 0.03400000000000001 1 18.879999999999992 0 1 167 190 262 272 270 316 21 34 347 105 317 173 193; 
20.389999999999983 0 0.05400000000000003 1 20.33599999999998 0 1 167 190 262 272 270 316 21 34 347 105 317 173 193 139; 
21.589999999999982 0 0.03600000000000001 1 21.55399999999998 0 1 167 190 262 272 270 173 139 193 347 21 316 317 34 105 321; 
22.571999999999974 0 0.12400000000000008 1 22.44799999999998 0 1 167 190 262 272 270 173 139 193 347 21 316 317 34 345 321 83; 
24.181999999999935 0 0.03600000000000001 1 24.14599999999994 0 1 167 190 262 272 270 173 139 193 347 21 316 317 34 105 321 83 225; 
25.387999999999927 0 0.05800000000000004 1 25.32999999999992 0 1 167 190 262 272 270 173 139 193 347 21 316 317 34 105 321 83 225 203; 
27.04799999999994 0 0.07000000000000002 1 26.977999999999938 0 1 167 190 262 272 270 173 139 193 347 21 316 317 34 105 321 225 203 83 115; 
28.35599999999995 0 0.056000000000000036 1 28.299999999999958 0 1 167 190 262 272 270 173 139 193 347 21 316 317 34 105 321 225 203 83 115 301; 
29.80599999999996 0 0.07800000000000006 1 29.727999999999955 0 1 167 190 262 272 270 173 139 193 347 21 316 317 34 105 321 225 203 83 115 301 135; 
31.081999999999976 0 0.12400000000000008 1 30.957999999999963 0 1 167 190 262 272 270 173 139 193 347 21 316 317 34 345 321 225 203 83 115 301 135 318; 
32.74000000000001 0 0.1400000000000001 1 32.6 0 1 167 190 262 272 270 173 139 193 347 21 316 317 34 345 321 225 203 83 115 318 135 301 276; 
33.78800000000003 0 0.14600000000000007 1 33.642 0 1 167 190 262 272 270 173 139 193 347 21 316 317 34 345 321 225 203 83 115 318 135 301 276 71; 
35.18600000000003 0 0.12600000000000008 1 35.06000000000003 0 1 167 190 262 272 270 173 139 193 347 21 316 317 34 105 321 225 203 83 115 318 135 301 276 71 310; 
36.22200000000004 0 0.19600000000000012 1 36.02600000000004 0 1 167 190 262 272 270 173 139 193 347 21 316 317 34 105 321 225 203 83 115 318 135 301 276 310 71 18; 
37.460000000000036 0 0.18000000000000013 1 37.28000000000003 0 1 167 190 262 272 270 173 139 193 347 21 316 317 34 105 321 225 203 83 115 318 135 301 276 310 71 18 119; 
39.07400000000002 0 0.21200000000000016 1 38.862000000000016 0 1 167 190 262 272 270 173 139 193 347 21 316 317 34 105 321 225 203 83 115 318 135 301 276 310 71 18 119 155; 
40.61400000000003 0 0.19400000000000014 1 40.42000000000003 0 1 167 190 262 272 270 173 139 193 347 21 316 317 34 105 321 225 203 83 115 318 233 301 276 310 71 18 119 155 290; 
42.04000000000008 0 0.2780000000000002 1 41.762000000000086 0 1 167 190 262 272 270 173 139 193 347 21 316 317 34 105 321 203 225 301 290 71 318 115 18 233 119 83 310 155 276 274; 
42.66999999999998 0 1.314000000000001 1 41.35600000000005 0 368; 1 167 190 262 272 270 173 139 193 347 21 316 317 34 105 321 203 225 301 290 71 318 115 18 135 119 83 310 150 276 274; 
44.20400000000002 0 1.382000000000001 1 42.82200000000001 0 360; 1 167 190 262 272 270 173 139 193 347 316 317 34 105 321 203 225 301 290 71 318 115 18 135 119 83 310 22 276 274 180 73; 
45.44000000000003 0 2.641999999999991 1 42.798 0 432 360; 1 48 262 272 270 173 139 193 347 316 317 34 105 321 203 225 301 290 71 318 115 18 135 119 83 310 22 276 274 180 73 307; 
46.40799999999996 0 2.6119999999999934 1 43.795999999999985 0 360 432; 1 48 307 119 173 225 290 193 203 180 22 310 115 105 196 274 321 301 139 318 34 18 73 272 83 317 316 262 347 276 135 270 254; 
47.85399999999993 0 2.6439999999999935 1 45.21000000000001 0 360 432; 1 48 307 119 173 225 290 193 203 180 22 310 115 105 196 274 321 301 139 318 34 18 73 272 83 317 316 262 347 276 135 270 254 226; 
49.02199999999989 0 2.6679999999999913 1 46.35400000000004 0 360 432; 1 48 307 119 173 225 290 193 203 180 22 310 115 105 196 274 321 301 139 78 34 18 73 272 83 317 316 262 347 276 135 270 254 226 256; 
50.401999999999916 0 1.6320000000000012 1 48.76999999999995 0 360; 1 48 307 119 173 225 230 193 213 180 22 310 115 105 196 274 321 301 139 299 78 34 18 73 272 83 317 316 262 347 276 135 270 254 226 256 237; 
51.50799999999988 0 2.711999999999993 1 48.79599999999994 0 360 432; 1 48 239 119 173 225 290 193 203 180 22 310 115 345 196 274 321 301 139 78 34 18 73 272 83 317 316 262 347 276 135 270 254 226 256 237 146; 
52.44999999999988 0 2.8299999999999916 1 49.619999999999926 0 360 432; 1 48 239 119 173 225 230 193 203 180 22 310 115 345 196 274 321 301 139 78 34 18 73 272 83 317 316 262 347 276 135 270 254 226 256 237 146 104; 
54.11999999999987 0 2.817999999999993 1 51.30199999999989 0 360 432; 1 48 239 119 173 225 230 193 203 180 22 310 115 345 196 274 321 301 139 78 34 18 73 272 83 317 316 262 347 276 135 270 254 226 256 237 146 104 311; 
