1.7880000000000014 0 0.004 1 1.7840000000000014 0 1 301; 
3.379999999999984 0 0.008 1 3.3719999999999843 0 1 301 262; 
4.817999999999979 0 0.012 1 4.80599999999998 0 1 301 262 225; 
6.441999999999964 0 0.016 1 6.425999999999965 0 1 262 225 301 313; 
8.02399999999996 0 0.018000000000000002 1 8.00599999999996 0 1 262 225 301 313 115; 
9.46799999999997 0 0.026000000000000002 1 9.44199999999997 0 1 262 225 301 313 115 83; 
10.521999999999975 0 0.018000000000000002 1 10.503999999999975 0 1 262 225 301 313 115 83 123; 
11.745999999999961 0 0.024000000000000004 1 11.721999999999962 0 1 262 225 301 313 83 115 123 110; 
13.299999999999967 0 0.032000000000000015 1 13.267999999999963 0 1 262 225 301 313 83 115 123 110 196; 
14.979999999999954 0 0.020000000000000004 1 14.959999999999956 0 1 262 225 301 313 83 115 123 110 196 173; 
16.423999999999978 0 0.030000000000000013 1 16.393999999999977 0 1 262 225 301 313 83 115 123 110 196 173 347; 
17.567999999999962 0 0.030000000000000006 1 17.53799999999996 0 1 262 225 301 313 196 347 123 115 83 173 110 314; 
18.98199999999999 0 0.04200000000000002 1 18.93999999999998 0 1 262 225 301 313 196 347 123 115 83 173 110 314 203; 
20.383999999999993 0 0.060000000000000026 1 20.323999999999998 0 1 262 225 301 313 196 347 123 115 83 173 110 314 203 146; 
21.755999999999997 0 0.058000000000000024 1 21.697999999999993 0 1 262 225 301 313 196 347 123 115 83 173 110 314 146 203 102; 
23.301999999999968 0 0.07200000000000004 1 23.229999999999965 0 1 262 225 301 313 196 347 123 115 83 173 110 314 146 203 102 176; 
24.62999999999993 0 0.05000000000000002 1 24.57999999999994 0 1 313 115 314 262 102 173 146 347 83 301 110 203 196 176 123 225 276; 
25.937999999999928 0 0.05200000000000002 1 25.885999999999925 0 1 313 115 314 262 102 173 146 347 83 301 110 203 196 176 123 225 276 131; 
27.38399999999997 0 0.054000000000000034 1 27.329999999999966 0 1 313 115 314 262 102 173 146 347 83 301 110 203 196 176 123 225 276 131 328; 
28.349999999999937 0 0.06800000000000003 1 28.281999999999936 0 1 313 115 314 262 102 173 146 347 83 301 110 203 196 176 123 225 276 328 131 45; 
29.313999999999965 0 0.06000000000000002 1 29.25399999999997 0 1 313 115 314 262 102 173 146 347 83 301 110 203 196 176 123 225 276 328 131 45 270; 
30.76599999999998 0 0.11000000000000007 1 30.65599999999997 0 1 313 115 314 262 102 173 146 347 83 301 110 203 196 176 123 225 276 328 131 229 270 266; 
32.005999999999965 0 0.10600000000000007 1 31.89999999999997 0 1 313 115 314 262 102 173 146 347 83 301 110 203 196 176 123 225 276 328 131 229 270 266 217; 
33.67400000000004 0 0.10200000000000006 1 33.572000000000024 0 1 313 115 314 262 102 173 146 347 83 301 110 203 196 176 123 225 276 266 217 229 270 328 131 32; 
35.07400000000006 0 0.11400000000000007 1 34.96000000000005 0 1 313 115 314 262 102 173 146 347 83 301 110 203 196 176 123 225 276 266 217 229 270 328 131 32 318; 
36.16200000000003 0 0.1460000000000001 1 36.01600000000005 0 1 313 115 314 262 102 173 146 347 83 301 110 203 196 176 123 225 276 266 217 229 270 126 131 32 318 298; 
37.49400000000006 0 1.2500000000000009 1 36.24400000000005 0 385; 1 313 115 314 262 102 173 146 347 83 301 110 203 196 123 225 276 266 217 229 270 126 131 32 318 298 167; 
38.46600000000004 0 1.2420000000000009 1 37.22400000000005 0 385; 1 313 115 314 262 102 173 146 347 83 301 110 203 196 123 225 276 266 217 229 270 126 131 32 167 298 318 124; 
40.53200000000002 0 1.324000000000001 1 39.20800000000004 0 385; 1 313 115 314 262 102 173 146 347 83 301 110 203 196 123 225 276 266 217 229 270 126 131 32 167 298 318 124 42; 
41.54200000000001 0 2.5939999999999923 1 38.948000000000064 0 385 375; 1 313 115 314 262 102 173 146 347 83 301 110 203 196 123 225 276 266 217 229 270 126 131 32 167 298 318 124 42; 
43.224 0 2.6179999999999954 1 40.606000000000016 0 375 385; 1 115 32 314 262 229 173 146 347 83 301 197 203 196 217 225 313 123 298 167 270 126 318 42 266 131 124 102 276 284; 
44.19200000000002 0 2.551999999999994 1 41.64000000000006 0 375 385; 1 115 32 314 262 229 173 146 347 83 301 197 203 196 217 225 313 123 298 167 270 126 318 42 266 131 124 102 276 284 87; 
45.25 0 2.5559999999999956 1 42.69400000000007 0 375 385; 1 115 32 314 262 229 173 146 347 83 301 197 203 196 217 225 313 123 298 167 270 126 318 42 266 131 124 102 276 284 87 38; 
46.971999999999966 0 2.5499999999999954 1 44.42200000000003 0 375 385; 1 115 32 314 262 229 173 146 347 83 301 197 203 196 217 225 313 123 298 167 270 126 318 42 266 131 124 102 276 284 87 38 185; 
47.93999999999996 0 2.527999999999996 1 45.41199999999996 0 375 385; 1 115 32 314 262 45 173 146 347 83 301 197 203 196 217 225 313 123 298 167 270 126 318 42 266 131 124 102 276 284 87 38 185 50; 
49.187999999999924 0 2.6979999999999933 1 46.49000000000003 0 375 385; 1 115 32 314 262 45 173 146 347 246 301 197 203 196 217 225 313 123 298 167 270 126 318 42 266 131 124 102 276 284 87 38 185 50 168; 
50.545999999999964 0 2.775999999999991 1 47.76999999999995 0 375 385; 1 115 32 314 262 45 173 146 347 246 301 197 203 196 217 225 313 123 298 167 270 126 318 42 266 131 124 102 276 284 168 185 50 87 38 273; 
51.553999999999846 0 3.791999999999972 1 47.76199999999995 0 375 385 494; 1 115 32 314 262 229 173 146 347 246 301 197 203 196 217 225 313 123 298 167 270 126 318 42 266 131 124 102 276 284 168 185 50 87 38 273; 
52.65399999999986 0 3.831999999999971 1 48.821999999999996 0 375 385 494; 1 115 32 314 262 229 173 146 347 246 301 197 203 196 217 225 313 123 298 167 270 126 318 42 266 131 124 102 276 284 116 185 50 87 38 273 261; 
54.29799999999986 0 3.911999999999969 1 50.385999999999925 0 375 385 494; 1 115 32 314 262 229 173 146 347 246 301 197 203 196 217 225 313 123 298 167 270 126 318 42 266 131 124 102 276 284 116 185 50 87 38 273 261 3; 
