1.500000000000001 0 0.004 1 1.496000000000001 0 1 83; 
3.033999999999988 0 0.002 1 3.0319999999999876 0 1 83 314; 
4.375999999999972 0 0.0 1 4.375999999999972 0 1 83 314 307; 
5.893999999999968 0 0.004 1 5.889999999999969 0 1 83 314 307 337; 
7.303999999999956 0 0.022000000000000002 1 7.281999999999955 0 1 83 314 307 337 50; 
8.723999999999972 0 0.018000000000000002 1 8.705999999999973 0 1 83 314 307 337 50 110; 
9.985999999999969 0 0.01 1 9.975999999999969 0 1 83 314 337 110 307 50 30; 
11.75199999999997 0 0.016 1 11.735999999999969 0 1 83 314 337 110 307 50 30 141; 
13.057999999999964 0 0.020000000000000004 1 13.037999999999965 0 1 83 314 141 307 110 50 337 30 276; 
14.471999999999968 0 0.02 1 14.451999999999966 0 1 83 314 141 307 110 50 337 30 276 196; 
15.889999999999985 0 0.04600000000000001 1 15.843999999999985 0 1 83 314 141 307 110 50 337 30 276 196 262; 
17.68199999999998 0 0.028000000000000004 1 17.653999999999982 0 1 83 314 141 307 110 50 337 30 276 196 262 139; 
19.144 0 0.11200000000000007 1 19.032000000000007 0 1 83 314 141 307 110 50 337 30 299 196 262 139 251; 
20.455999999999992 0 0.10800000000000007 1 20.348 0 1 83 314 141 307 110 50 337 30 299 196 262 139 251 225; 
21.853999999999967 0 0.11000000000000007 1 21.743999999999975 0 1 83 314 141 307 110 50 337 30 299 196 262 139 251 225 146; 
23.03399999999998 0 0.09200000000000004 1 22.94199999999998 0 1 83 314 141 307 110 50 337 30 299 251 139 262 225 196 146 301; 
24.56999999999993 0 0.12600000000000008 1 24.443999999999917 0 1 83 314 141 307 110 50 337 30 299 251 139 262 182 196 146 301 241; 
25.981999999999964 0 0.1220000000000001 1 25.859999999999975 0 1 83 314 141 307 110 50 337 30 299 251 139 262 182 196 146 301 241 321; 
27.19799999999993 0 0.12000000000000009 1 27.07799999999994 0 1 83 314 141 307 110 50 337 30 299 173 139 262 182 196 146 301 321 241 123; 
29.183999999999962 0 0.16800000000000012 1 29.015999999999963 0 1 83 314 141 307 110 50 337 30 299 173 139 262 182 196 146 301 321 241 123 82; 
30.255999999999972 0 0.1220000000000001 1 30.133999999999972 0 1 83 314 141 307 110 50 337 30 299 173 139 262 182 196 146 301 321 241 123 82 318; 
31.69799999999996 0 2.5739999999999945 1 29.123999999999928 0 421 375; 1 307 146 299 82 262 318 337 196 141 139 314 301 123 30 50 321 241 173 182 83; 
32.449999999999996 0 2.6459999999999932 1 29.803999999999945 0 421 375; 1 307 146 299 82 262 180 337 196 141 139 314 333 123 30 50 321 241 173 182 83 187; 
34.013999999999974 0 2.693999999999991 1 31.319999999999986 0 421 375; 1 307 146 299 82 262 180 337 196 141 139 314 333 123 30 50 321 241 173 182 83 187 149; 
35.16200000000001 0 2.717999999999994 1 32.443999999999974 0 421 375; 1 307 146 299 82 262 180 337 196 141 139 314 333 123 30 50 321 241 173 182 83 18 149 162; 
36.97200000000004 0 2.6879999999999944 1 34.284 0 421 375; 1 307 146 299 82 262 180 337 196 141 139 314 333 123 30 50 321 241 173 182 83 187 149 162 261; 
37.93400000000005 0 2.627999999999995 1 35.30600000000003 0 421 375; 1 307 146 299 82 262 180 337 196 141 139 314 333 123 30 50 321 241 173 182 83 187 162 261 149 40; 
39.31800000000001 0 2.619999999999993 1 36.69800000000003 0 421 375; 1 307 146 299 82 262 180 337 196 141 139 314 333 123 30 50 321 241 173 182 83 187 162 261 149 40 308; 
40.560000000000024 0 2.6099999999999923 1 37.95000000000001 0 421 375; 1 307 146 299 82 262 180 337 196 141 139 314 333 123 30 50 321 241 173 182 83 187 162 261 149 40 308 73; 
41.96000000000003 0 2.6359999999999935 1 39.32400000000002 0 421 375; 1 307 146 299 82 262 180 337 196 141 139 314 333 123 30 50 321 241 173 182 83 162 308 261 73 187 149 40 328; 
43.632000000000026 0 2.673999999999993 1 40.95800000000005 0 421 375; 1 307 146 299 290 262 180 337 196 141 139 314 333 123 30 50 321 241 173 182 83 162 308 261 73 187 149 40 328 270; 
44.446000000000026 0 2.7019999999999924 1 41.74400000000003 0 421 375; 1 307 146 299 290 262 180 337 196 141 139 314 333 123 30 50 321 241 173 182 83 162 308 261 73 187 149 40 328 270 224; 
45.63400000000005 0 2.6639999999999944 1 42.970000000000056 0 421 375; 1 307 146 299 290 262 318 337 196 141 139 314 333 123 30 50 321 241 173 182 83 162 308 261 73 187 149 40 328 270 224 347; 
46.99000000000004 0 2.6559999999999944 1 44.33400000000002 0 421 375; 1 307 146 299 290 262 318 337 196 141 139 314 333 123 30 50 321 241 173 182 83 270 149 224 73 18 328 347 162 40 261 308 193; 
48.45199999999999 0 2.6679999999999917 1 45.784000000000056 0 421 375; 1 307 146 299 290 262 318 337 196 141 139 314 333 123 30 50 321 241 173 182 83 270 149 224 73 18 328 347 22 40 261 308 193 284; 
49.469999999999956 0 2.7699999999999916 1 46.70000000000001 0 421 375; 1 307 146 299 290 262 318 337 196 141 139 314 333 123 30 50 321 241 173 182 83 270 149 224 73 18 328 347 22 40 261 308 193 284 137; 
51.14599999999994 0 3.7119999999999718 1 47.434000000000026 0 384 421 375; 1 307 146 299 290 262 318 337 196 141 139 314 301 123 30 50 321 241 173 83 270 149 224 73 18 328 347 22 40 261 308 193 284 137 342; 
51.8259999999999 0 4.943999999999973 1 46.882 0 384 421 375 360; 1 307 146 299 290 262 318 337 196 141 139 314 301 123 30 50 321 241 173 83 270 149 224 73 18 328 347 22 40 261 308 193 284 137 342; 
53.391999999999875 0 4.9159999999999755 1 48.475999999999914 0 384 421 375 360; 1 307 146 299 290 262 318 337 196 141 139 314 301 123 30 50 321 241 173 83 270 149 224 73 18 328 347 22 40 261 308 193 137 342 284 134; 
55.08399999999984 0 4.919999999999973 1 50.16399999999996 0 384 421 375 360; 1 307 146 299 290 262 318 337 196 141 139 314 301 123 30 50 321 241 173 83 270 149 224 73 18 328 347 22 40 261 308 193 137 342 284 134 105; 
